The Classic 10
Final 1988 Standings

-------------------------------------------------------------------------
                           AVG   HR  RBI   SB   ERA   W  SV RATIO    PTS.
-------------------------------------------------------------------------
1.  Morgen Grinders       .274  176  815  253  3.35  84  71 1.259    66.0
    (Mike Morgensen)      (10) (10) (10)  (9)   (6) (6) (10) (5)
-------------------------------------------------------------------------
2.  Russell M'Ups         .254  143  681  294  3.34  96  62 1.223    60.0
    (Rusty Fenton)         (2)  (9)  (8) (10)   (7) (9) (9)  (6)
-------------------------------------------------------------------------
3.  C.C. Riders           .255  134  654  151  2.95 100  38 1.122    57.5
    (Craig Cooper)         (3)  (8)  (7)  (6)  (10)(10)(3.5) (10)
-------------------------------------------------------------------------
4.  Ave's Slaves          .267  128  739  199  3.39  94  46 1.266    56.0
    (Cris Avery)           (9)  (7)  (9)  (8)   (5) (8) (6)  (4)
-------------------------------------------------------------------------
5.  Ernie 'N Burt's       .256  123  625  116  3.00  72  40 1.211    46.5
    (Scott Earnest)        (4)  (6)  (6)  (4)   (9)(4.5)(5)  (8)
-------------------------------------------------------------------------
6.  Hocking Kongs         .260   73  476  111  3.26  90  51 1.153    44.0
    (Mark Hocking)         (6)  (1)  (2)  (3)   (8) (7) (8)  (9)
-------------------------------------------------------------------------
7.  Sean Na-Nas           .265  115  584  184  3.50  72  48 1.220    43.5
    (Sean Wegner)          (8)  (4)  (4)  (7)   (2)(4.5)(7)  (7)
-------------------------------------------------------------------------
8.  A.N.W.'s              .263   89  566  148  3.438 59  38 1.277    29.5
    (Aaron Wantuch)        (7)  (3)  (3)  (5)   (4) (2)(3.5) (2)
-------------------------------------------------------------------------
9.  Slattery's Batteries  .258  118  595  102  4.18  49  10 1.423    21.0
    (Steve Slattery)       (5)  (5)  (5)  (2)   (1) (1) (1)  (1)
-------------------------------------------------------------------------
10. Piddestrians          .244   82  444   80  3.439 60  16 1.271    16.0
    (Jim Pidd)             (1)  (2)  (1)  (1)   (3) (3) (2)  (3)
-------------------------------------------------------------------------
