South Bay A.L. Rotisserie League
Final 1989 Standings

-------------------------------------------------------------------------
                           AVG   HR  RBI   SB   ERA   W  SV RATIO    PTS.
-------------------------------------------------------------------------
1. Evenson Odd Daughters  .279  178  901  119  3.50  79  47 1.227    65.5
    (Randall Evenson)      (9)  (9) (10)  (6)  (10)(5.5)(6) (10)
-------------------------------------------------------------------------
2. Avery Tards            .260  160  764  176  3.54  86  37 1.258    58.0
    (Cris Avery)           (5)  (8)  (7)  (9)   (9) (7) (4)  (9)
-------------------------------------------------------------------------
3. Skrammy's Sea-No-Mores .2628 159  786  103  3.75  93  68 1.358    53.0
    (Mike Skramstad)       (7)  (7)  (9)  (5)   (5)(10) (8)  (2)
-------------------------------------------------------------------------
4. Morgen Donors          .2598 158  783   99  3.65  79  80 1.296    50.5
    (Mike Morgensen)       (5)  (6)  (8)  (3)   (6)(5.5)(10) (8)
-------------------------------------------------------------------------
5. Slattery Deemers       .255  140  700  179  3.89  88  45 1.338    43.5
    (Steve Slattery)       (3)  (5)  (4) (10)   (3)(8.5)(5)  (5)
-------------------------------------------------------------------------
6. Fent's Busters         .249  204  763   61  3.92  88  74 1.353    40.5
    (Rusty Fenton)         (1) (10)  (6)  (1)   (2)(8.5)(9)  (3)
-------------------------------------------------------------------------
7. Hoff Mannslaughters    .252   79  489  172  3.60  76  67 1.330    36.5
    (Brent Hoffmann)       (2)  (1)  (1)  (8)   (8)(3.5)(7)  (6)
-------------------------------------------------------------------------
8. Shock Treatments       .272   87  574  102  3.64  76  22 1.307    35.0
    (Casey Shockley)       (8)  (2)  (2)  (4)   (7)(3.5)(1.5) (7)
-------------------------------------------------------------------------
9. Gunn Slingers          .281  126  750  122  4.00  61  27 1.340    34.0
    (Mike Gunn)            (10) (3)  (5)  (7)   (1) (1) (3)  (4)
-------------------------------------------------------------------------
10. Aldridge Cleavers     .2627 128  695   96  3.88  67  22 1.394    23.5
    (Josh Aldridge)        (6)  (4)  (3)  (2)   (4) (2)(1.5) (1)
-------------------------------------------------------------------------
