The Classic 10
Final 1989 Standings

--------------------------------------------------------------------------
                            AVG   HR  RBI   SB   ERA   W  SV RATIO    PTS.
--------------------------------------------------------------------------
1.Avery Curring Nightmares .268  160  785  154  3.17  92  79 1.230    61.0
    (Cris Avery)            (7)  (8)  (8)  (7)   (8) (6) (9)  (7)
--------------------------------------------------------------------------
2.  Morgen Grinders        .274  204  828  200  3.46  86  50 1.291    55.0
    (Mike Morgensen)        (9)  (9)  (9)  (9)   (4) (5) (5)  (6)
--------------------------------------------------------------------------
3.  Ernie 'N Burt's        .270   91  566  195  3.32 103  51 1.257    49.0
    (Scott Earnest)         (8)  (2)  (3)  (8)   (7) (9) (7)  (8)
--------------------------------------------------------------------------
4.  Sean Na-Nas            .244  106  584  151  3.02  97  52 1.172    48.5
    (Sean Wegner)           (1) (3.5) (5)  (6)   (9) (7) (8)  (9)
--------------------------------------------------------------------------
5.  Hocking Kongs          .251  147  725  115  3.48 102  44 1.247    41.0
    (Mark Hocking)          (4)  (7)  (7)  (2)   (3) (8) (4)  (6)
--------------------------------------------------------------------------
6.  Russell M'Ups          .259  135  664  116  3.77  68  29 1.315    30.0
    (Rusty Fenton)          (6)  (6)  (6)  (3)   (1) (3) (3)  (2)
--------------------------------------------------------------------------
7.  Johnny Cats            .247  106  523  138  3.44  59  12 1.231    29.5
    (Johnny Fenton)         (2) (3.5) (3)  (5)   (5) (4) (1)  (7)
--------------------------------------------------------------------------
8.  Slattery's Batteries   .256  109  572   96  3.65  41  46 1.358    24.0
    (Steve Slattery)        (5)  (5)  (4)  (1)   (2) (1) (5)  (1)
--------------------------------------------------------------------------
9.  Toy Cannons            .250   69  403  132  3.43  59  26 1.296    22.0
    (Chris Cannon)          (3)  (1)  (1)  (4)   (6) (2) (2)  (3)
--------------------------------------------------------------------------
10. Co Operators           .251   42  206   71  2.46  27  20 1.157     0.0
    (Craig Cooper)                    disbanded May 29
--------------------------------------------------------------------------
