The Classic 10
Final 1993 Standings

-------------------------------------------------------------------------
                           AVG   HR  RBI   SB   ERA   W  SV RATIO    PTS.
-------------------------------------------------------------------------
1. Sean Na-Nas            .287  225  942  175  3.69  85  68 1.311    67.0
   (Sean Wegner)           (9) (10) (10)  (8)   (7) (9) (8)  (6)
-------------------------------------------------------------------------
2. Hocking Kongs          .280  193  896  150  3.51  82  31 1.216    59.0
   (Mark Hocking)          (6)  (9)  (9)  (5)   (9) (8) (3) (10)
-------------------------------------------------------------------------
3. Morgen Grinders        .288  172  756  165  3.47  62  52 1.258    54.0
   (Mike Morgensen)       (10)  (5)  (7)  (6)  (10) (2) (5)  (9)
-------------------------------------------------------------------------
4. Johnny Be-Goods        .285  182  751  214  3.88  78  54 1.312    52.0
   (Johnny Fenton)         (8)  (7)  (6) (10)   (4) (6) (6)  (5)
-------------------------------------------------------------------------
5. Russell M'Ups          .256  141  733   92  3.59  86  88 1.268    46.0
   (Rusty Fenton)          (1)  (4)  (5)  (1)   (8)(10) (9)  (8)
-------------------------------------------------------------------------
6. Avery Gurgitators      .284  173  853  140  4.04  73  90 1.344    45.0
   (Cris Avery)            (7)  (6)  (8)  (4)   (2) (5)(10)  (3)
-------------------------------------------------------------------------
7. Morons                 .273  132  695  180  3.76  81  29 1.307    39.0
   (Robert Moore)          (3)  (3)  (2)  (9)   (6) (7) (2)  (7)
-------------------------------------------------------------------------
8. Bull Durhams           .274   86  515  166  3.79  72  23 1.342    27.0
   (Josh Durham)           (4)  (1)  (1)  (7)   (5) (4) (1)  (4)
-------------------------------------------------------------------------
9. Evenson Odd Daughters  .264  189  723  103  4.33  51  60 1.364    27.0
   (Randall Evenson)       (2)  (8)  (4)  (2)   (1) (1) (7)  (2)
-------------------------------------------------------------------------
10. Skramalonians         .275  127  702  107  3.92  64  38 1.365    24.0
   (Mike Skramstad)        (5)  (2)  (3)  (3)   (3) (3) (4)  (1)
-------------------------------------------------------------------------
