The Classic 10
Final 1994 Standings

-------------------------------------------------------------------------
                           AVG   HR  RBI   SB   ERA   W  SV RATIO    PTS.
-------------------------------------------------------------------------
1. Avery Tards            .2776 142  656  120  3.71  61  60 1.249    68.5
   (Cris Avery)            (5)  (7)  (9)  8.5  (10) (9)(10) (10)
-------------------------------------------------------------------------
2. Sean Na-Nas            .285  189  728  111  3.97  52  36 1.259    61.0
   (Sean Wegner)          (10) (10) (10)  (7)   (6) (5) (4)  (9)
-------------------------------------------------------------------------
3. Hocking Kongs          .274  157  644  108  3.80  63  51 1.295    61.0
   (Mark Hocking)          (3)  (8)  (8)  (6)   (9)(10) (9)  (8)
-------------------------------------------------------------------------
4. Johnny Be-Goods        .2793 163  560   98  3.84  48  49 1.318    53.0
   (Johnny Fenton)         (8)  (9)  (6)  (5)   (8) (3) (8)  (6)
-------------------------------------------------------------------------
5. Morgen Grinders        .276   87  503  126  4.04  53  38 1.312    39.5
   (Mike Morgensen)        (4)  (1)  (2) (10)   (4) (6) 5.5  (7)
-------------------------------------------------------------------------
6. Dave's Duxz            .2789 125  568   74  3.95  58   9 1.362    37.5
   (Dave Avery)            (7)  (5)  (7)  (1)   (7) (7) 1.5  (2)
-------------------------------------------------------------------------
7. Evenson Odd Daughters  .268  117  545   85  4.12  60  45 1.330    35.0
   (Randall Evenson)       (2)  (2)  (5)  (3)   (3) (8) (7)  (5)
-------------------------------------------------------------------------
8. Bull Durhams           .278  126  488   94  4.03  41  21 1.358    31.0
   (Josh Durham)           (6)  (6)  (1)  (4)   (5) (2) (5)  (4)
-------------------------------------------------------------------------
9. Morons                 .282  102  529  120  4.14  37   9 1.423    30.0
   (Robert Moore)          (9)  (3)  (4)  8.5   (2) (1) 1.5  (1)
-------------------------------------------------------------------------
10. Co Operators          .266  121  517   80  4.26  51  38 1.360    23.5
   (Craig Cooper)          (1)  (4)  (3)  (2)   (1) (4) 5.5  (3)
-------------------------------------------------------------------------
