Primary Player Statistics For 1995 Avery Tards (AVC) Totals After 152 Games

NAME                 BAVG  GM  AB   R   H 2B 3B HR RBI  BB  SO HB SH DP  SB CS  E
M.Morandini          .444   5  18   0   8  2  0  0   0   1   2  0  0  1   0  0  0
L.Alicea             .368   9  19   3   7  1  0  0   1   2   1  0  0  1   1  0  2
A.Galarraga          .348 143 549  82 191 34  2 25 107  25  93  9  0 16   3  6 13
R.Thompson           .310  22  58   7  18  5  0  1   9   4  14  0  0  2   0  2  0
P.Castellano         .300   9  10   2   3  0  0  0   1   0   4  0  0  0   0  0  0
W.McGee              .295 143 539  70 159 24  1  4  50  35  79  0  5 17  20 10  3
C.Garcia             .284  67 250  26  71 14  3  4  28  13  32  2  7  7   5  4  6
W.Weiss              .281 125 456  64 128 17  2  2  32  57  68  9  6  4   4  2 10
K.Manwaring          .280 121 407  46 114 13  0  5  37  31  66  9  3  9   0  0  0
M.Alou               .271 120 446  66 121 26  9 13  66  22  55  4  1  8  11  5  0
D.Martinez           .268  23  56   8  15  6  0  1   5  14   6  0  0  1   5  3  0
C.Hayes              .268 141 542  62 145 34  2 15  72  43  76  6  0 26  13  9 16
A.Cole               .267  29  75  11  20  2  1  0   8   6  13  0  1  1   2  3  2
M.Lansing            .267  67 225  36  60 10  2  1  12  20  34  2  9  4   7  2  6
R.Brewer             .262 110 172  21  45  9  1  5  24  18  29  1  1  7   1  1  1
D.Gallagher          .260  71 181  19  47 11  1  5  21  18  19  0  1  8   2  1  0
R.Mejia              .250  63 140  16  35 10  8  5  16  13  40  1  2  4   0  0  5
T.Foley              .244  59 164  25  40 16  0  3  16  10  24  0  3  4   0  0  3
J.Burnitz            .211  54 175  22  37  8  3  6  21  22  52  0  2  1   3  2  3
M.Whiten             .208  84 322  36  67  7  2 15  54  32  63  1  0  8   8  6  5
R.Belliard           .183  59  71   4  13  3  0  0   5   2  11  2  2  1   0  0  3
T.Prince             .172  53 157  16  27  9  1  0  12   7  34  3  0  6   1  1  7
P.Faries             .158   6  19   1   3  0  0  0   3   0   6  0  0  0   2  0  0
ALL PITCHERS         .178 152 343  24  61 11  0  2  30  20 108  0 37  5   0  0  4
----------------- ---- --- --- --- --- -- -- -- --- --- --- -- -- -- --- -- --
TEAM TOTALS       .266    5394    1435    38    630     929    80     88    89
                       152     667    272   112     415     49   141     57

NAME                  ERA  W  L   PCT   G GS CG SH SV    IP   H   R  ER HR  BB  SO
J.Franco             0.00  0  0  ----   1  0  0  0  0   3.0   1   0   0  0   0   3
M.Jackson            1.77  7  3  .700  61  0  0  0  4  91.2  65  19  18  7  20  88
S.Belinda            2.00  5  3  .625  45  0  0  0 19  54.0  41  13  12  4  14  31
G.Harris             2.52  1  5  .167  37  0  0  0 19  39.1  28  12  11  2  26  24
T.Worrell            2.57  3  0 1.000  11  2  0  0  0  28.0  24   8   8  0   7  13
B.Scanlan            2.67  2  1  .667  25  0  0  0  1  30.1  33  10   9  1  11  16
M.Wohlers            3.27  4  2  .667  22  0  0  0  1  33.0  25  14  12  0  20  27
M.Williams*          3.39  7  0 1.000  25  9  0  0  1  85.0  73  34  32  8  42  38
B.Black              3.47  8  4  .667  18 17  1  0  0 103.2  97  43  40 12  38  48
T.Belcher            3.59  6  7  .462  16 16  1  1  0 110.1  98  48  44 12  36  93
P.Harnisch           3.70 15 13  .536  36 35  3  1  0 240.2 203 108  99 29  87 234
R.Murphy             4.68  3  0 1.000  18  0  0  0  0  25.0  37  14  13  4   7  18
M.Portugal           4.78 11 15  .423  37 32  3  0  0 216.1 233 116 115 21  84 128
M.Gardiner           4.91  0  0  ----   3  0  0  0  0   3.2   7   2   2  0   2   2
E.Hillman            5.15  3  3  .500  28  9  0  0  0  78.2 103  45  45  6  23  32
R.Tomlin             5.21  1  4  .200   9  7  0  0  0  38.0  47  25  22  3  10  13
D.Osborne            5.40  1  7  .125  12 12  1  0  0  73.1  94  47  44  7  33  39
D.Burba              5.96  2  1  .667  24  2  0  0  0  48.1  61  33  32  9  23  38
J.Smiley             6.05  0  2  .000   5  3  0  0  0  19.1  35  18  13  2   7  16
B.Jones              6.36  0  4  .000  14 10  0  0  1  52.1  58  44  37  6  30  30
C.Hough              6.43  0  1  .000   2  1  0  0  0   7.0   6   5   5  2   3   5
J.Klink              6.75  0  0  ----   2  0  0  0  0   2.2   3   2   2  1   0   1
J.Magrane            7.89  2  1  .667   7  2  0  0  0  21.2  31  20  19  9   7   6
P.Assenmacher       10.13  0  0  ----   3  0  0  0  0   2.2   5   3   3  1   0   2
ALL NON-PITCHERS     ----  0  0  ----   0  0  0  0  0   0.0   0   0   0  0   0   0
Team                                          1                   -1
----------------- ---- -- -- ----- --- -- -- -- -- ----- --- --- --- -- --- ---
TEAM TOTALS       4.07    76       152     9    46      1408     636    530
                       81     .516    152     3   1408.0     683    146     945
 

Primary Player Statistics For 1995 Co Operators (COO) Totals After 152 Games

NAME                 BAVG  GM  AB   R   H 2B 3B HR RBI  BB  SO HB SH DP  SB CS  E
K.Stocker            .387  64 173  28  67 10  1  1  17  13  19  1  2  5   1  0  4
G.Jefferies          .367 138 575 101 211 27  6 24  81  59  40  4  0  9  35 11 12
R.Sandberg           .332  60 244  38  81  6  0  2  26  19  46  1  5  6   4  1  2
N.Liriano            .327  42 113  16  37  5  2  1  13  11  18  0  2  3   4  4  2
B.Jordan             .325  79 209  39  68 10  8 15  44  18  33  6  0  7   3  4  2
R.Clayton            .308  57 224  34  69  5  5  7  25  14  39  2 14  4   6  5 14
G.Colbrunn           .292  27 106  11  31  7  0  6  19   1  17  0  0  1   3  1  0
A.Martin             .286  85 336  45  96 18  4 13  48  26  78  0  0  4  15  4  3
M.Carreon            .281  65 153  24  43  6  1  3  17   8  26  0  0  6   0  0  3
K.Caminiti           .262 140 545  61 143 28  0 14  60  47  88  0  0  9   6  5 21
P.Incaviglia         .261 113 383  54 100 12  4 25  65  25  83 10  0 14   0  1  1
B.Bonilla            .257 140 556 104 143 20  6 47 128  71 123  0  0 12   2  3 15
T.Jones              .255  54 149  18  38 18  0  0  17  17  20  5  2  7   3  4  5
J.McKnight           .254  63 130  14  33  1  1  1  16   9  15  0  1  2   0  0  7
D.Jennings           .250  13  20   5   5  1  0  2   6   2   8  2  0  0   0  0  1
C.Snyder             .243  54 202  23  49  9  0  7  27  11  63  1  0  2   1  0  6
J.Oliver             .232 132 465  45 108 30  0 10  51  28  71  0  0 12   0  0  4
L.Smith              .224  97 205  45  46  6  4 11  29  47  52  1  0  4   6  3  2
R.Ready              .195  25  77  13  15  3  1  0   7  13  14  1  0  2   0  1  2
S.Finley             .194  22  62  10  12  2  1  0   1   6   8  1  0  0   2  0  0
C.Walker             .184  22  38   3   7  2  1  0   0   3   3  0  0  0   1  0  1
J.Reed               .125  35  64   5   8  0  0  2   5   7  13  0  0  1   0  0  0
B.Pecota             ----   1   0   0   0  0  0  0   0   0   0  0  0  0   0  0  0
ALL PITCHERS         .151 152 344  30  52  8  0  1  18  17 128  0 48  6   0  0  9
----------------- ---- --- --- --- --- -- -- -- --- --- --- -- -- -- --- -- --
TEAM TOTALS       .272    5373    1462  1069   4048    4845   586    604  1140
                       152    4350   2538  1984    3800    803  1908    559

NAME                  ERA  W  L   PCT   G GS CG SH SV    IP   H   R  ER HR  BB  SO
S.Bedrosian          1.99  7  1  .875  38  0  0  0  0  54.1  35  13  12  2  20  42
J.Rijo               2.92 16  9  .640  36 35 10  2  1 261.2 220  98  85 25  60 231
J.Armstrong          3.71  7  6  .538  21 21  1  0  0 135.2 127  63  56 15  43  74
T.Urbani             3.84  1  7  .125  38  3  0  0  2  77.1  79  40  33  2  29  42
P.Martinez(la)       3.88  5  7  .417  61  3  0  0  4 104.1  95  48  45  8  66 100
S.Boskie             3.89  4  4  .500  37  3  0  0  1  76.1  79  36  33  8  26  50
D.Drabek             3.90 15 10  .600  35 35  6  0  0 221.1 231 117  96 25  52 146
D.Martinez           4.03  6  5  .545  16 16  1  1  0 105.0  96  52  47 10  34  71
T.Jones              4.15  0  0  ----   5  0  0  0  0   8.2   7   4   4  2   5   5
R.Myers              4.24  5  9  .357  69  0  0  0 29  91.1  85  44  43  9  62 101
L.Luebbers           4.50  1  2  .333   4  3  0  0  0  18.0  26  15   9  2   9  10
W.Whitehurst         4.90  3  6  .333  26 13  0  0  0 101.0 106  66  55 19  25  56
P.Martinez(sd)       5.22  1  0 1.000  21  0  0  0  3  29.1  24  17  17  4  18  22
B.Rivera             5.61  5  6  .455  20 14  0  0  0  85.0  97  56  53  8  47  63
S.Torres            13.24  1  3  .250   7  6  1  0  0  17.0  27  25  25  9  18   6
ALL NON-PITCHERS     ----  0  0  ----   0  0  0  0  0   0.0   0   0   0  0   0   0
Team                                          2                   -1
----------------- ---- -- -- ----- --- -- -- -- -- ----- --- --- --- -- --- ---
TEAM TOTALS       3.97    75       152    19    40      1334     612    514
                       77     .507    152     5   1389.-     694   1428    1019
 

Primary Player Statistics For 1995 Dave's Duxz (AVD) Totals After 152 Games

NAME                 BAVG  GM  AB   R   H 2B 3B HR RBI  BB  SO HB SH DP  SB CS  E
B.Bonds              .331 149 540 141 179 37  5 53 134 103  84  2  0  8  32  4  3
C.Jones              .308  39  52  12  16  3  1  3  14   3  20  0  1  3   3  1  0
H.Cotto              .307  80 313  43  96 17  0  7  33   9  48  4  0  9  20  4  8
J.Brumfield          .304 112 273  38  83 24  3  7  36  12  50  1  2  2  18  7  3
R.Thompson           .301  98 399  71 120 13  2 16  56  39  80  4  2  8   5  2 10
D.Magadan            .284 138 504  93 143 25  1 12  58  92  60  4  0  5   0  0 15
V.Coleman            .279  98 387  67 108 13  6  1  25  27  73  0  0  2  46 14  2
S.Servais            .277  80 267  31  74 11  0  9  33  31  55  9  3  5   0  0  2
E.Murray             .272 150 614  85 167 24  3 23 117  28  73  0  0 22   0  2 18
E.Taubensee          .245  47 159  12  39  5  0  5  16   9  21  0  0  5   1  0  1
W.Wilson             .245  68 192  19  47  4  4  5  36   9  60  0  0  1   5  2  0
D.Clark              .228  79 167  21  38  3  1  6  29  25  37  2  0  5   0  0  3
J.Offerman           .227 148 537  58 122 11  4  0  63  54  67  2  4 14  23  6 28
T.Wallach            .227  46 119  13  27  4  0  5  16   6  23  1  0  1   0  0  1
T.Fernandez          .222  10   9   1   2  0  0  0   1   0   1  0  0  0   0  0  0
M.Duncan             .217  54 226  24  49  7  1  1  17  10  38  2  1  4   4  6  5
M.Morandini          .212  23  33   4   7  1  0  0   1   2   7  0  1  2   1  0  1
C.O'Brien            .198  41 116  12  23  3  0  5  12  11  14  1  0  3   0  0  3
C.Donnels            .167   7   6   0   1  0  0  0   0   1   1  0  0  0   0  0  0
D.Whitmore           .000   6   2   0   0  0  0  0   0   0   1  0  0  0   0  0  0
B.Bean               .000   2   1   0   0  0  0  0   0   0   1  0  0  0   0  0  0
P.Faries             .000   8   5   1   0  0  0  0   0   1   1  0  0  0   0  0  1
A.Cole               ----   0   0   0   0  0  0  0   0   0   0  0  0  0   0  0  0
ALL PITCHERS         .188 152 329  22  62  8  1  0  17  19 114  0 30  2   1  0 15
----------------- ---- --- --- --- --- -- -- -- --- --- --- -- -- -- --- -- --
TEAM TOTALS       .267    5250    1403   544   4298    4513  1068    927  1143
                       152    4352   2005  1950    3563    288  1637    304

NAME                 BAVG  GM  AB   R   H 2B 3B HR RBI  BB  SO HB SH DP  SB CS  E
L.Guetterman         2.21  1  1  .500  38  0  0  0  5  61.0  50  18  15  3  17  24
O.Hershiser          3.66 12  8  .600  31 30  3  3  0 204.1 186  85  83 20  83 127
G.Maddux             3.72 18 11  .621  35 35  9  1  0 237.1 236 107  98 28  51 176
T.Wilson             4.06  8  5  .615  25 17  1  0  0 113.0 125  61  51 10  48  69
K.Rogers             4.37  9  5  .643  69  0  0  0  3  90.2  91  46  44  8  28  67
L.Smith              4.48  4  6  .400  60  0  0  0 34  70.1  70  35  35  6  25  66
T.Greene             4.48 15 10  .600  34 32  2  1  0 211.0 212 112 105 13  78 184
J.Magrane            4.81  4  9  .308  20 19  1  1  0 116.0 133  65  62 20  42  37
S.Cooke              5.29  3  6  .333  13 13  1  1  0  78.1  95  50  46 11  28  50
M.Davis              7.03  2  5  .286  61  0  0  0  2  71.2  99  62  56 12  44  65
D.Plesac             7.39  6  4  .600  48  6  0  0  1  87.2 137  72  72 20  28  58
O.Daal              15.15  0  0  ----  15  0  0  0  0  13.2  28  23  23  5  13   9
R.Murphy             ----  0  0  ----   0  0  0  0  0   0.0   0   0   0  0   0   0
ALL NON-PITCHERS     ----  0  0  ----   0  0  0  0  0   0.0   0   0   0  0   0   0
Team                                          2                   -2
----------------- ---- -- -- ----- --- -- -- -- -- ----- --- --- --- -- --- ---
TEAM TOTALS       4.57    70       152    17    45      1462     688    485
                       82     .539    152     9   1358.-     736    924     932
 

Primary Player Statistics For 1995 Dou's Crew (DOU) Totals After 153 Games

NAME                 BAVG  GM  AB   R   H 2B 3B HR RBI  BB  SO HB SH DP  SB CS  E
R.Parker             .400  37 115  12  46  7  0  0   7  13  20  0  0  1   5  2  4
J.Daugherty          .333   4   6   0   2  0  0  0   2   0   0  0  0  0   0  0  0
M.Whiten             .327  53 205  26  67  6  0 10  40  18  41  0  0 10  10  4  5
M.Grace              .304 144 582  79 177 29  2 13  69  53  53  0  7 18   9  2  2
W.Chamberlain        .293  60 133  23  39 12  1  5  20   5  28  0  0  4   1  1  1
A.Van Slyke          .287  97 303  46  87 13  1  7  36  22  46  2  1  9   7  4  0
M.Williams           .274 150 610  82 167 34  4 29 105  43  96  5  1 17   1  1 17
M.Morandini          .260  54 192  14  50  6  2  1  19  15  31  3  1  0   3  0  2
K.Rhodes             .259  93 189  52  49  4  4 14  30  55  32  0  0  4   4  2  2
C.Garcia             .254  85 315  31  80 13  5  6  29  14  39  6  9  2  11  3  8
B.Santiago           .248 124 411  29 102 18  4  4  36  32  69 10  0 11  10  1  7
O.Merced             .244 138 471  52 115 22  3  3  53  77  67  0  0 11   4  6  8
O.Smith              .240 129 517  60 124 10  5  1  35  34  55  0 14  9  13  8 23
E.Pappas             .213  66 136  16  29  6  0  0  14  21  29  0  0  2   1  0  4
E.Young              .211 114 393  50  83 14  6  1  23  44  46  5  1  5  33 12  8
D.Boston             .206  98 253  20  52 11  0  8  33  28  48  3  0  8   0  5  3
J.Gardner            .188  47  85   6  16  3  0  0   5  10  14  0  0  2   0  3  9
J.Burnitz            .158  26  19   3   3  1  0  0   1   5   6  0  0  0   1  1  0
D.Sherman            .125   8   8   1   1  0  1  0   1   2   1  0  0  0   1  0  0
G.Tubbs              .100  14  10   1   1  0  0  0   1   5   1  0  0  0   1  1  0
S.Pose               .000   3   2   0   0  0  0  0   0   0   0  0  0  0   0  0  0
T.Tarasco            ----   0   0   0   0  0  0  0   0   0   0  0  0  0   0  0  0
ALL PITCHERS         .172 153 337  24  58 17  0  1  17  19 125  0 33  4   0  0 11
----------------- ---- --- --- --- --- -- -- -- --- --- --- -- -- -- --- -- --
TEAM TOTALS       .255    5292    1348    38    576     847    67    115   114
                       153     627    226   103     515     34   117     56

NAME                  ERA  W  L   PCT   G GS CG SH SV    IP   H   R  ER HR  BB  SO
G.Wayne              1.38  0  1  .000  10  0  0  0  1  13.0   8   4   2  0   3  15
J.Johnston           2.06  1  1  .500  29  0  0  0  4  39.1  28   9   9  4  19  22
M.Wohlers            2.28  3  0 1.000  19  0  0  0  1  27.2  21   7   7  1  17  27
A.Reynoso            2.73  7  8  .467  24 24  3  1  0 171.2 144  62  52  6  55  90
S.Avery              3.31 14 10  .583  36 35  3  2  0 247.2 249 101  91 24  58 120
J.Reardon            3.50  2  3  .400  46  0  0  0  2  61.2  66  27  24  6  13  37
T.Candiotti          3.59 14 10  .583  33 33  6  0  0 233.1 230 104  93 18  79 161
D.Holmes             3.74  6  2  .750  51  0  0  0 22  65.0  55  29  27  8  21  66
J.Spradlin           3.74  5  8  .385  48  0  0  0  2  65.0  63  28  27  7  19  29
G.Hibbard            4.44  8 15  .348  29 29  5  2  0 184.1 200 101  91 18  49  77
R.Murphy             5.01  2  0 1.000  21  0  0  0  1  32.1  39  19  18  3   8  25
C.Hough              5.19  2  6  .250  11 11  1  1  0  59.0  69  39  34  3  24  29
B.Hickerson          5.77  6  7  .462  42 11  0  0  1  93.2 118  64  60 19  33  55
O.Olivares           7.25  1 11  .083  34 10  1  0  1  89.1 118  77  72 13  45  47
ALL NON-PITCHERS     ----  0  0  ----   0  0  0  0  0   0.0   0   0   0  0   0   0
Team                                          1                   -1
----------------- ---- -- -- ----- --- -- -- -- -- ----- --- --- --- -- --- ---
TEAM TOTALS       3.94    82       153    19    35      1408     606    443
                       71     .464    153     7   1383.0     671    130     800
 

Primary Player Statistics For 1995 Evenson Odd Dau (EVE) Totals After 152 Games

NAME                 BAVG  GM  AB   R   H 2B 3B HR RBI  BB  SO HB SH DP  SB CS  E
A.Tomberlin          .357  42  42   7  15  0  2  1   3   2  17  2  0  0   0  0  0
T.Gwynn              .306 132 506  55 155 42  2  4  53  28  45  0  1 14   6  0  0
D.Smith              .305 103 344  54 105 17  3  9  49  20  62  3  0  3  18  8  7
J.Orsulak            .294 103 374  39 110 13  8  2  45  21  32  1  1  5   5  4  2
J.Blauser            .293 152 570  94 167 35  3 20  82  72  96 12  4 11   9  1 27
S.Berry              .278 104 299  37  83 19  3 16  43  31  73  3  3  5   5  2 18
D.Fletcher           .248 123 407  37 101 19  2  8  48  40  35  8  5  7   0  0  8
C.Biggio             .245 149 538  87 132 38  5 17  71  74  81  8  3 11  13  8 18
O.Destrade           .241 132 486  52 117 17  4 17  65  40  99  4  0 16   0  0 16
D.Lewis              .240  76 287  34  69  7  7  0  18  20  32  4  3  1  20 10  0
A.Arias              .238  94 189  23  45  8  0  3  21  22  18  0  0  8   1  2  3
F.Benavides          .217  17  23   0   5  1  0  0   3   0   5  0  0  1   0  0  0
A.Cianfrocco         .213 100 263  27  56  9  4 13  41  12  56  2  3 10   0  0  7
T.Hundley            .211  43 128   8  27  6  0  1  10   4  26  0  0  6   0  0  2
O.Nixon              .202 112 346  49  70 11  1  0  13  47  53  0  4  3  40 10  1
O.Marrero            .200   3   5   0   1  0  0  0   0   1   0  0  0  0   0  0  0
E.Davis              .171  24  41  10   7  2  0  0   3   8  11  2  0  1   4  2  1
G.Briley             .143   4   7   2   1  0  0  1   2   1   2  0  0  0   0  0  0
ALL PITCHERS         .139 152 331  15  46  9  0  1  15  10 113  0 43  5   1  0  4
----------------- ---- --- --- --- --- -- -- -- --- --- --- -- -- -- --- -- --
TEAM TOTALS       .253    5186    1312    44    585     856    70    122   114
                       152     630    253   113     453     49   107     47

NAME                  ERA  W  L   PCT   G GS CG SH SV    IP   H   R  ER HR  BB  SO
M.Harkey             1.29  0  0  ----   2  1  0  0  0   7.0   8   2   1  1   2   3
P.Wagner             2.90  7  4  .636  23 22  3  1  0 149.0 135  53  48  8  50 124
A.Benes              3.03 16 10  .615  35 35  5  2  0 238.0 183  98  80 15  97 167
J.Gott               3.06  4  2  .667  61  0  0  0 31  85.1  69  30  29 10  20  63
J.Smoltz             3.50 16 11  .593  36 35  4  3  0 236.1 199  99  92 20  81 206
R.Cormier            3.60 11  6  .647  22 22  2  1  0 142.2 153  66  57 13  35  80
B.Minor              3.63  1  3  .250  44  0  0  0  6  62.0  65  31  25  4  19  49
S.Sanderson          3.73  2  2  .500   8  4  1  0  0  31.1  39  18  13  7   6  24
J.Guzman             3.81  2  8  .200  14 13  1  0  0  80.1  71  43  34  8  33  70
M.Turner             4.16  5  8  .385  50  0  0  0  0  71.1  69  38  33  9  21  68
J.Shaw               4.23  4  4  .500  26  8  0  0  0  78.2  78  39  37  8  34  42
B.Barnes             5.23  3  5  .375  24  6  0  0  0  62.0  70  38  36  8  26  51
C.Hough              5.34  1  4  .200   5  5  0  0  0  28.2  42  18  17  3  10  25
T.Scott              5.83  1  8  .111  47  0  0  0  3  66.1  71  48  43  4  50  61
C.McElroy            5.87  1  2  .333  15  0  0  0  0  15.1  21  11  10  2   7   3
J.Hope               9.00  0  1  .000   1  1  0  0  0   5.0   5   5   5  1   2   0
ALL NON-PITCHERS     ----  0  0  ----   0  0  0  0  0   0.0   0   0   0  0   0   0
Team                                          6                   +0
----------------- ---- -- -- ----- --- -- -- -- -- ----- --- --- --- -- --- ---
TEAM TOTALS       3.71    78       152    16    40      1278     560    493
                       74     .487    152    13   1359.1     637    121    1036
 

Primary Player Statistics For 1995 Hocking Kongs (HOC) Totals After 153 Games

NAME                 BAVG  GM  AB   R   H 2B 3B HR RBI  BB  SO HB SH DP  SB CS  E
G.Hill               .395  63  76  18  30  8  1  8  18   5  17  0  0  4   1  1  0
F.Cabrera            .389   8  18   5   7  0  0  2   5   1   2  0  0  0   0  0  1
D.Staton             .375  14  16   3   6  2  0  2   3   0   4  0  0  1   0  0  0
J.Kent               .333   5   3   1   1  1  0  0   1   1   1  0  0  0   0  0  0
W.Clark              .305  84 279  34  85 24  0 10  38  34  35  6  1  5   0  2 10
S.Bream              .289  37 114  12  33  3  3  4  18  20  18  0  0  0   4  0  3
M.Grissom            .275 141 574  74 158 22  0 13  65  49  70  7  1  6  39 18 11
E.Anthony            .272 121 464  49 126 16  2 15  58  37  83  4  0 17   5  2  1
R.Milligan           .250  64  60   7  15  5  0  1   7  22  17  0  0  1   0  0  0
R.Thompson           .247  86 279  38  69 13  4 11  28  18  70  1  2  2   2  7  2
D.Daulton            .246 146 504  75 124 33  4 25  68 111 100  4  0  2   1  1 11
J.Reed               .243 139 486  52 118 20  3  5  40  32  53  0  7 15   0  0  2
M.Alou               .240  28  96   9  23  5  1  3   9  13  12  0  0  5   2  6  1
T.Pendleton          .225 149 592  63 133 28  5  7  53  32 106  1  0 25   4  0 27
R.Sanders            .220 111 332  42  73  9  1 10  34  42  79  2  3 11  21 10  4
J.Clark              .218  86 216  14  47 16  2  2  23   8  33  2  1  6   4  1  7
J.Branson            .212  61 170  12  36  4  0  4  14   5  30  0  3  3   0  0  6
R.Renteria           .208  38  72   5  15  0  0  1   1   1  11  1  1  2   0  0  0
R.Gutierrez          .207 141 449  49  93 14  3  4  39  59 117  5  0  8   2  2 15
S.Lake               .200  22  40   4   8  3  0  0   1   3  11  0  0  2   0  0  1
P.Faries             .125   2   8   2   1  0  0  0   0   1   3  0  0  0   0  0  2
ALL PITCHERS         .190 153 310  19  59 10  1  1  32  22 108  0 41  4   0  0 13
----------------- ---- --- --- --- --- -- -- -- --- --- --- -- -- -- --- -- --
TEAM TOTALS       .244    5158    1260    30    555     980    60     85   117
                       153     587    236   128     516     33   119     50

NAME                  ERA  W  L   PCT   G GS CG SH SV    IP   H   R  ER HR  BB  SO
B.Saberhagen         2.37  9  5  .643  16 16  4  1  0 110.0  92  35  29  9  18  64
M.Williams           2.58  3  6  .333  54  0  0  0 15  73.1  51  24  21  2  58  57
K.Gross              2.66  4  4  .500  13 13  2  1  0  88.0  76  30  26  6  36  71
P.Assenmacher        2.94  2  3  .400  38  0  0  0  1  52.0  52  19  17  7  16  35
D.Jones              3.47  6  3  .667  57  0  0  0 10  85.2  95  35  33  3  22  66
E.Hillman            3.64  7  5  .583  12 12  1  1  0  81.2  90  38  33  6   7  39
T.Edens              3.79  0  3  .000  29  0  0  0  1  40.1  44  25  17  7  16  18
G.Harris             3.79 11 11  .500  35 34  1  0  0 223.0 211 111  94 30  78 118
M.Morgan             3.92 11 15  .423  32 32  4  2  0 206.2 219 103  90 14  73 127
L.Lancaster          4.01  0  3  .000  35  0  0  0  5  49.1  52  22  22  6  19  27
T.Belcher            4.02  7  9  .438  21 20  4  0  0 134.1 128  64  60 13  45  92
T.Worrell            4.25  2  4  .333  36 10  0  0  0  82.2  93  44  39 14  35  37
D.Burba              5.49  0  3  .000   9  1  0  0  0  19.2  24  15  12  2   8  19
J.Ruffin             5.79  0  1  .000   4  0  0  0  0   4.2   9   3   3  0   1   1
M.Draper             6.35  1  1  .500   8  0  0  0  0  11.1  15  14   8  4   4   6
S.Service            7.36  0  0  ----   8  0  0  0  1  11.0  14  10   9  1   6   7
T.Browning           7.44  1 10  .091  14 14  1  0  0  75.0 130  68  62 15  15  44
J.Ballard            7.71  1  2  .333   9  1  0  0  0  21.0  31  20  18  1   6  11
J.Klink              ----  0  0  ----   0  0  0  0  0   0.0   0   0   0  0   0   0
ALL NON-PITCHERS     ----  0  0  ----   0  0  0  0  0   0.0   0   0   0  0   0   0
Team                                          5                   -2
----------------- ---- -- -- ----- --- -- -- -- -- ----- --- --- --- -- --- ---
TEAM TOTALS       3.88    88       153    17    33      1426     591    463
                       65     .425    153    10   1369.2     680    140     839
 

Primary Player Statistics For 1995 Johnny Be Goods (FEJ) Totals After 152 Games

NAME                 BAVG  GM  AB   R   H 2B 3B HR RBI  BB  SO HB SH DP  SB CS  E
C.Espy               .421  15  19   3   8  1  0  0   0   2   3  0  0  0   1  0  1
S.Royer              .357  14  14   1   5  2  0  0   1   0   3  0  0  1   0  0  0
M.Piazza             .323 152 604 102 195 24  3 39 122  50  91  1  0 25   1  1  8
T.Howard             .315  95 213  24  67 19  8  4  34  16  36  0  1  6   3  8  2
W.Clark              .290  55 207  32  60 15  0  3  27  32  34  3  0  6   0  0  6
M.Thompson           .290  46  69  10  20  3  0  0   5   4  11  1  0  2   1  0  0
B.Gilkey             .281 151 595  85 167 38  4  9  46  61  81  3  1 11  17 12  6
R.Thompson           .277  48 188  18  52  8  0  2  18  15  35  3  1  2   2  3  1
R.Jordan             .276  61 145  16  40  6  1  3  11   8  32  2  0  1   0  0  1
R.Sanchez            .274  99 314  27  86  9  4  1  36  22  29  4  5  5   0  0 16
G.Sheffield          .273 140 546  69 149 14  8 15  69  42  74  6  0 16  17  5 42
C.Shipley            .266  81 241  24  64  9  1  5  30   9  35  3  0  2   4  5  8
D.Sanders            .265  63 264  43  70 12  2  6  23   9  41  1  0  1  13  6  2
M.Duncan             .255 102 419  30 107 19  0  4  43  12  80  2  7  8   5  5 16
K.Bass               .253  91 328  28  83 23  1  3  29  26  35  0  1  6   4  3  5
D.Martinez           .253  52 174  28  44  9  1  2  12  29  33  0  0  3   7  4  0
D.Bell               .241  97 311  32  75 10  0  9  28   6  86  2  0  6   7  2  9
S.Bream              .239  45 176  17  42  9  2  3  22  21  28  0  0  6   2  0  3
D.Gallagher          .238  22  21   3   5  2  0  0   2   5   2  0  0  2   0  1  0
H.Rodriguez          .183  43 104   6  19  6  0  2  11   3  22  0  0  0   0  2  3
G.Olson              .176  16  17   4   3  2  0  0   0   0   2  0  0  0   0  0  0
C.Maldonado          .125  12  16   2   2  0  0  0   0   0   6  0  0  1   0  0  0
L.Harris             .125  13   8   3   1  0  0  0   0   1   1  0  0  1   0  0  2
E.Yelding            .077  15  13   4   1  0  0  0   0   0   2  0  0  0   1  0  0
J.Girardi            .000   1   1   0   0  0  0  0   0   0   0  0  0  0   0  0  0
ALL PITCHERS         .177 152 316  18  56  8  1  1  18  15 111  0 32  3   0  0  8
----------------- ---- --- --- --- --- -- -- -- --- --- --- -- -- -- --- -- --
TEAM TOTALS       .267    5323    1421    36    587     913    48     85   139
                       152     629    248   111     388     31   114     57

NAME                  ERA  W  L   PCT   G GS CG SH SV    IP   H   R  ER HR  BB  SO
B.Harvey             1.43  2  2  .500  53  0  0  0 28  81.2  52  15  13  2  25  72
P.Rapp               2.91  4  9  .308  21 20  2  0  0 136.0 124  49  44  9  53  91
D.Boucher            3.00  0  0  ----   2  0  0  0  1   3.0   2   1   1  0   2   3
R.Trlicek            3.24  1  0 1.000  23  0  0  0  2  33.1  33  14  12  2   5  16
R.Rodriguez          3.29  2  7  .222  68  0  0  0  5  87.2  98  38  32  6  27  52
R.Bowen              3.49  7  6  .538  21 18  1  1  0 116.0 106  49  45  6  54  71
D.Telgheder          4.18  6  3  .667  57  1  1  0  0  97.0 106  51  45 16  19  52
P.Astacio            4.18 10 13  .435  31 30  1  0  1 178.2 166  98  83 11  80 104
B.Saberhagen         4.92  5  5  .500  12  9  0  0  0  60.1  67  34  33 10  17  41
R.Lewis              5.04  5  5  .500  59  0  0  0  1  89.1  80  53  50  5  54  81
K.Gross              5.08  8  7  .533  19 19  1  0  0 117.0 153  71  66 16  39  85
G.Swindell           5.44  8 11  .421  27 27  2  0  0 142.1 176  91  86 13  34  84
S.Cooke              5.48  4  6  .400  19 19  1  1  0 108.1 117  68  66 14  30  58
J.Brantley           5.52  6 10  .375  57  9  0  0  2 117.1 136  85  72 19  66  78
ALL NON-PITCHERS     ----  0  0  ----   0  0  0  0  0   0.0   0   0   0  0   0   0
Team                                          2                   -2
----------------- ---- -- -- ----- --- -- -- -- -- ----- --- --- --- -- --- ---
TEAM TOTALS       4.25    84       152     9    40      1416     646    505
                       68     .447    152     4   1368.0     717    129     888


Primary Player Statistics For 1995 Morgen Grinders (MOR) Totals After 153 Games

NAME                 BAVG  GM  AB   R   H 2B 3B HR RBI  BB  SO HB SH DP  SB CS  E
R.Kelly             1.000   1   1   1   1  0  0  0   2   0   0  0  0  0   1  0  0
K.Young              .500   8  16   3   8  2  1  0   3   2   3  1  0  0   0  0  0
K.Mitchell           .346  93 257  43  89 14  4 10  48  30  41  1  0 11   0  1  5
T.Pratt              .341  36  91  21  31  9  2  8  23   6  14  1  0  3   0  0  5
J.Bagwell            .315 139 542 108 171 29  1 14  67  58  89  2  0 14  10  4  7
K.Stocker            .308  35 107  14  33  6  0  0  10  12  17  1  8  1   1  1  2
D.Deshields          .306 124 471  84 144 16  8  3  41  74  57  2  5  1  57 15 12
J.Eisenreich         .304 111 382  46 116 19  3  5  51  24  37  1  1  6   9  0  0
R.Wilkins            .291 123 457  65 133 24  1 32  90  43  96  1  0  8   2  0  2
R.Clayton            .281  83 327  39  92 15  2  2  25  24  68  0 13  5   7  6 10
B.Dorsett            .275  14  40   6  11  2  0  1   8   5   6  0  0  0   0  0  2
M.Lansing            .247  57 215  23  53 11  0  0  14  16  33  2  3  3  11  4  5
D.Lewis              .244  52 176  19  43  7  0  0  13  10  24  4  0  1  18  4  0
D.Justice            .243 143 538  76 131 13  1 42 111  70  77  3  0 19   4  4  3
S.Buechele           .241 143 507  52 122 24  4 10  60  54  99  3  4 14   2  2  5
T.Costo              .227   7  22   3   5  0  0  0   2   2   6  0  0  1   0  0  0
L.Frazier            .226  82 186  26  42  8  1  2  29  13  25  0  3  7  13  1  6
J.Felix              .222   8  18   3   4  0  1  0   2   1   4  0  0  1   0  0  2
L.Alicea             .219  32  73   8  16  3  1  1   6   6  12  0  0  5   0  0  4
M.Benjamin           .213  37  75  16  16  8  0  2   7   6   9  1  2  3   0  0  1
E.Davis              .198  81 273  31  54 15  1 11  40  34  71  1  0  9  11  7  0
K.Batiste            .163  48  86   7  14  3  1  0   5   2  25  1  0  0   0  0  0
C.Hernandez          .132  14  38   3   5  1  0  0   0   2   6  0  0  0   0  0  1
T.Bogar              .000   1   1   0   0  0  0  0   0   0   0  0  0  0   0  0  0
P.Castellano         .000   3   4   0   0  0  0  0   0   1   1  0  0  0   0  0  0
ALL PITCHERS         .181 153 365  25  66  8  1  0  23  17 126  0 37  2   0  0 18
----------------- ---- --- --- --- --- -- -- -- --- --- --- -- -- -- --- -- --
TEAM TOTALS       .266    5268    1400   545   3496    4018   588   1426   602
                       153    4050   1773  1423    3584    537   626     49

NAME                  ERA  W  L   PCT   G GS CG SH SV    IP   H   R  ER HR  BB  SO
J.Fassero            1.62 11  7  .611  26 21  2  0  0 160.2 106  38  29  9  60 157
D.West               1.99  9  6  .600  58  0  0  0  4  99.1  51  24  22  6  45  96
M.Maddux             2.05  4  3  .571  36  0  0  0  7  52.2  46  13  12  4  12  30
A.Young              2.75  1  1  .500   5  2  0  0  1  19.2  14   6   6  1   8  13
M.Perez              2.79  5  0 1.000  66  0  0  0 38  84.0  78  27  26  4  25  67
B.Swift              3.19 18  6  .750  33 33  6  2  0 240.0 222  90  85 15  69 167
C.Schilling          3.36 14  8  .636  29 29  4  1  0 201.0 215  88  75 15  63 160
A.Watson             4.24  9  5  .643  16 15  3  1  0  93.1 104  49  44  9  25  53
B.Tewksbury          4.48  9  6  .600  23 22  2  1  0 140.2 159  74  70 10  33  75
J.Innis              4.62  3  0 1.000  26  0  0  0  2  39.0  40  20  20  4  12  20
B.Williams           5.00  4  3  .571  25  9  0  0  1  77.1  82  45  43  6  29  64
J.Guzman             5.26  3  6  .333  11 11  1  0  0  63.1  65  42  37  8  31  47
M.Gardiner           5.40  2  1  .667  11  4  0  0  0  38.1  52  26  23  0  16  18
B.Scanlan            5.68  0  3  .000  22  0  0  0  0  31.2  39  24  20  4   9  19
D.Neagle            10.30  1  1  .500  12  4  0  0  0  32.1  49  40  37  7  21  24
C.Hough             12.83  0  3  .000   3  3  0  0  0  13.1  23  20  19  5   7  10
J.Klink              ----  0  0  ----   0  0  0  0  0   0.0   0   0   0  0   0   0
ALL NON-PITCHERS     ----  0  0  ----   0  0  0  0  0   0.0   0   0   0  0   0   0
Team                                          2                   +0
----------------- ---- -- -- ----- --- -- -- -- -- ----- --- --- --- -- --- ---
TEAM TOTALS       3.69    59       153    18    53      1345     568    465
                       93     .612    153     7   1387.-     626   1387    1020
 

Primary Player Statistics For 1995 Rivercrypts (SEG) Totals After 153 Games

NAME                 BAVG  GM  AB   R   H 2B 3B HR RBI  BB  SO HB SH DP  SB CS  E
T.Spehr              .365  23  63   8  23  4  1  5  14   3  21  3  0  0   0  1  3
P.Clark              .306 114 356  41 109 25  0 16  62  31  62  4  0  2   0  0 20
R.Sandberg           .294  57 228  29  67  7  0  4  23  26  39  3  0  5   5  1  2
C.Snyder             .282  65 156  19  44 14  1  3  18   5  59  3  0  2   4  1  5
F.McGriff            .281 148 548  93 154 24  3 44  94  75 111  2  0 14   7  5 27
L.Alicea             .278  57 187  23  52  9  1  2  15  19  27  3  0  6   3  1  5
W.Cordero            .272 145 545  61 148 42  2 19  62  27  83  5  3 12  12  3 38
B.Pecota             .264  34  87   4  23  1  1  0   4   2   9  0  0  2   0  3  2
R.Gant               .264 150 565  88 149 26  0 41  97  70 115  2  0 21  17  6 10
A.Martin             .257  19  74   8  19  2  2  5  16   5  20  0  1  0   0  2  0
B.Ausmus             .241  55 141  13  34  5  3  6  21  10  33  0  0  0   1  0  5
J.Brown              .238  82 105  19  25  7  0  0  12   9  24  5  0  0   5  2  1
S.Finley             .233 123 511  55 119  9  9  8  42  31  50  1  3  9  14  3  5
D.Hollins            .231 140 403  57  93 18  3 10  41  59  87  4  0  7   0  0 24
J.Kent               .216  85 291  30  63 14  0 13  35  28  44  1  0 10   2  3 22
R.Lankford           .216 143 458  67  99 24  6  8  32  77 144  5  0  6  23 20  7
D.Wilson             .205  16  39   2   8  3  0  0   4   7   6  0  0  0   0  0  1
L.Lopez              .137  39  51   2   7  1  0  0   4   3   7  0  1  0   0  0  5
J.Owens              .122  20  49   2   6  2  0  0   1   1  28  1  0  1   0  0  1
ALL PITCHERS         .151 153 325  25  49  8  1  3  17  17 114  0 42  4   1  1 11
----------------- ---- --- --- --- --- -- -- -- --- --- --- -- -- -- --- -- --
TEAM TOTALS       .249    5182    1291    33    614    1083    50     94   194
                       153     646    245   187     505     42   101     52

NAME                  ERA  W  L   PCT   G GS CG SH SV    IP   H   R  ER HR  BB  SO
T.Jones              2.02  3  1  .750  25  0  0  0  1  35.2  27   9   8  1  16  24
T.Hoffman            2.45  4  4  .500  55  0  0  0  1  88.1  72  26  24  5  30  72
S.Fernandez          2.46  8  4  .667  17 17  0  0  0 120.2  77  42  33 13  50  91
G.Cadaret            3.12  0  0  ----  13  0  0  0  0  17.1  15   7   6  0  11  15
D.Martinez           3.35  8  8  .500  17 17  2  0  0 121.0 106  51  45 10  31  80
R.Arocha             3.51  7 10  .412  30 30  1  0  0 187.0 194  88  73 19  51 113
D.Osborne            3.61  6  4  .600  11 11  2  1  0  72.1  68  31  29  6  21  43
R.Beck               4.23  2  6  .250  63  0  0  0 29  78.2  82  45  37 18  18  85
D.Brocail            4.24  8  8  .500  23 23  1  1  0 138.0 154  73  65 17  49  90
A.Osuna              4.26  1  1  .500  29  0  0  0  0  31.2  31  19  15  4  12  24
J.Howell             4.53  2  3  .400  42  0  0  0  2  55.2  67  41  28 10  15  35
C.Hammond            4.92  8 15  .348  32 31  2  1  0 177.1 208 111  97 24  69 100
W.Blair              5.14  3 10  .231  58  6  0  0  0 105.0 123  63  60 17  38  58
J.Ruffin             5.79  1  1  .500  11  0  0  0  0  14.0  17  11   9  2   9   6
P.Martinez(sd)       5.91  1  1  .500   8  0  0  0  0  10.2  11   9   7  3   5   8
P.Martinez(la)       6.88  0  3  .000  10  1  0  0  0  17.0  21  15  13  2   9  23
B.Rivera             7.24  0  6  .000   8  8  0  0  0  46.0  49  38  37  9  32  22
Z.Smith              7.32  1  1  .500   4  4  0  0  0  19.2  26  16  16  1   5  11
B.Walk              12.39  0  3  .000   5  5  0  0  0  20.1  42  29  28  6  13  11
R.Dibble            15.75  0  1  .000   6  0  0  0  0   4.0   7   7   7  1  11   3
ALL NON-PITCHERS     ----  0  0  ----   0  0  0  0  0   0.0   0   0   0  0   0   0
Team                                          2                   -5
----------------- ---- -- -- ----- --- -- -- -- -- ----- --- --- --- -- --- ---
TEAM TOTALS       4.18    90       153     8    33      1397     632    495
                       63     .412    153     5   1360.1     731    168     914
 

Primary Player Statistics For 1995 Russell M'Ups (FER) Totals After 152 Games

NAME                 BAVG  GM  AB   R   H 2B 3B HR RBI  BB  SO HB SH DP  SB CS  E
B.Natal              .600   7  15   4   9  1  0  0   1   1   3  1  0  0   1  0  0
G.Varsho             .429   4   7   0   3  0  0  0   0   0   0  0  0  0   0  0  0
M.Webster            .400   4  10   3   4  0  1  0   5   2   3  0  0  0   0  0  0
D.Hansen             .345  94  87  18  30  2  3  6  16  20  11  0  0  0   0  0  2
J.Kruk               .325 139 499  89 162 33  2 17  87 119  79  0  0  8   9  1  5
B.Butler             .303 144 580  96 176 18 12  0  39  83  65  5  8  3  60 27  0
D.Bichette           .291 135 525  82 153 40  3 22  81  33 102  8  0 10  18 12 10
J.King               .291 148 563  61 164 26  4 10  72  53  56  2  1 11  12  9 16
J.Vizcaino           .290 151 552  65 160 21  2  5  52  46  71  0 14  9  29 11  9
J.Bell               .287 143 565  93 162 21 11  7  58  63 121  9 21 11  23 11  8
S.Scarsone           .279  20  43   4  12  4  0  2   8   1  19  0  0  1   0  0  2
R.Mondesi            .278  51 115  25  32  5  1  6  22   7  30  0  0  2  10  0  4
S.Sosa               .271 142 572  84 155 28  5 35 123  29 134 11  0 15  28 11 12
J.Girardi            .252 102 337  37  85 14  7  2  36  32  44  6  2  6  10  6  9
T.Benzinger          .247  66 146  15  36  7  2  5  30   8  33  0  0  0   0  0  2
S.Bullett            .231   8  13   4   3  0  0  0   0   1   5  0  0  0   2  0  0
D.Berryhill          .214  58 154  17  33  7  1  4  14  15  26  0  0  3   0  0  2
G.Olson              .200   3   5   1   1  0  0  0   0   2   1  0  0  2   0  0  1
R.White              .182  31  55   9  10  0  2  2   8   6  19  0  0  2   1  0  1
G.Pena               .170  56  53  17   9  3  0  1   6  11  20  0  1  1   5  2  3
J.Samuel             .071   6  14   0   1  1  0  0   2   1   2  0  0  0   1  0  1
D.Saunders           .063   6  16   2   1  0  0  0   0   2   0  0  0  1   0  0  0
ALL PITCHERS         .129 152 342  18  44  5  0  0  26  16 124  0 37  6   0  0 12
----------------- ---- --- --- --- --- -- -- -- --- --- --- -- -- -- --- -- --
TEAM TOTALS       .274    5268    1445   568   3502    3784   852   1745  1635
                       152    3304   2540  1148    3367    810  1115   1882

NAME                  ERA  W  L   PCT   G GS CG SH SV    IP   H   R  ER HR  BB  SO
K.Mercker            1.86  5  2  .714  57  0  0  0  5  92.0  60  22  19  3  41  93
J.Wetteland          1.87  8  3  .727  66  0  0  0 32 106.0  53  28  22  3  42 132
R.Mason              3.06  4  6  .400  74  0  0  0  7 114.2 100  42  39 10  29  66
J.Bautista           3.14 10  7  .588  27 22  2  1  3 143.1 148  61  50 16  37  88
C.Nabholz            3.41 11  5  .688  23 22  2  0  0 142.1 114  59  54  7  66  84
B.Ruffin             3.50  8  6  .571  40 18  0  0  3 151.2 135  64  59 13  71 134
J.Deleon             3.65  5  2  .714  48  2  0  0  4  79.0  56  34  32  7  43  64
J.Burkett            3.72 21 10  .677  43 38  4  2  1 254.0 241 113 105 20  48 146
F.Tanana             3.85 18  9  .667  35 34  5  1  0 210.1 215  99  90 38  53 113
S.Sanders            5.46  8  4  .667  19 16  0  0  0  85.2  88  57  52  4  59  60
P.Rapp               ----  0  0  ----   0  0  0  0  0   0.0   0   0   0  0   0   0
ALL NON-PITCHERS     ----  0  0  ----   0  0  0  0  0   0.0   0   0   0  0   0   0
Team                                          7                   -2
----------------- ---- -- -- ----- --- -- -- -- -- ----- --- --- --- -- --- ---
TEAM TOTALS       3.64    54       152    13    55      1210     558    489
                       98     .645    152    11   1380.-     622   1657     980
 

Primary Player Statistics For 1995 Skramalonians (SKR) Totals After 152 Games

NAME                 BAVG  GM  AB   R   H 2B 3B HR RBI  BB  SO HB SH DP  SB CS  E
H.Morris             .349 118 421  49 147 18  1  9  58  39  61  2  2  6   1  5  7
G.Perry              .330  95  94  17  31  5  1  2  18  23  24  0  0  2   1  0  1
D.Slaught            .328 116 439  53 144 28  3 12  70  35  66  4  5  8   3  1  5
C.Candaele           .301  49  83  12  25  6  0  2  14  12   7  0  1  0   1  3  4
M.Carrillo           .300   7  20   1   6  3  0  0   2   1   3  2  0  0   0  0  0
D.May                .300 146 577  71 173 33  4  8  70  41  54  0  0 22   5  4  8
H.Johnson            .292  17  24   4   7  1  1  0   3   4   4  0  0  1   1  0  1
L.McClendon          .286   8  14   1   4  0  0  0   1   5   3  0  0  0   0  0  0
L.Dykstra            .268 159 626 106 168 27  4 14  52 124  67  2  0  9  50 23  7
J.Conine             .267 117 359  50  96 14  3  6  33  36  78  2  1 10   0  2  0
L.Walker             .253 144 522  83 132 25  5 21  74  87  81  8  0 18  26  5  5
A.Cedeno             .251 143 502  50 126 25  2  9  47  46 102  3  3 23  13  6 25
M.Lemke              .234 153 530  41 124 15  3  3  53  60  65  0  1 14   1  6  9
V.Castilla           .219  83 196  16  43  4  3  3  16  10  28  1  0  5   3  0  9
J.Vanderwal          .214  44  56   6  12  2  2  1   5   3   8  0  0  0   2  3  1
C.Sabo               .212 142 548  59 116 31  0 12  67  44 133  5  0 20   1  2 11
B.Dorsett            .200  11  15   2   3  0  0  0   2   5   4  0  0  0   0  0  2
M.Sharperson         .143   5  14   2   2  0  0  0   0   1   4  0  0  0   0  0  0
K.Higgins            .136  68 162  12  22  4  0  0   6  12  17  0  0  6   0  0  9
B.Geren              .103  18  29   1   3  0  0  0   1   1   9  0  0  0   0  0  0
ALL PITCHERS         .131 152 350  22  46  6  0  1  12  27 127  0 54  5   0  0  8
----------------- ---- --- --- --- --- -- -- -- --- --- --- -- -- -- --- -- --
TEAM TOTALS       .256    5581    1430    32    604     945    67    108   112
                       152     658    247   103     616     29   149     60

NAME                  ERA  W  L   PCT   G GS CG SH SV    IP   H   R  ER HR  BB  SO
C.Carpenter          2.30  4  1  .800  45  0  0  0  2  70.1  58  19  18  2  19  47
M.Dewey              2.65  4  1  .800  28  0  0  0 12  34.0  25  10  10  4   8  24
X.Hernandez          2.77  6  2  .750  66  0  0  0  7 100.2  75  35  31 10  26 120
G.McMichael          3.22  6  3  .667  67  0  0  0 19  89.1  76  34  32  8  29  93
D.Jackson            3.42 14 15  .483  39 39  2  1  0 253.0 249 110  96 16 106 150
R.Martinez           3.46 15 15  .500  37 37  4  2  0 252.2 239 110  97 22 128 170
K.Hill               3.77 11 13  .458  30 29  4  1  0 198.1 201  89  83 11  61  87
P.Kilgus             3.81  1  0 1.000  21  0  0  0  2  28.1  26  14  12  4   5  26
L.Aquino             4.17  9 12  .429  26 26  1  1  0 155.1 162  75  72 11  68 104
R.McDowell           4.24  3  3  .500  51  0  0  0  1  68.0  91  38  32  2  26  37
D.Gooden             4.24 11 13  .458  32 32  3  2  0 212.1 211 113 100 19  70 168
J.Klink              6.75  1  0 1.000   8  0  0  0  0   4.0   5   3   3  0   1   3
S.Reed               7.20  0  0  ----   6  0  0  0  0  10.0  16   8   8  0   5  10
ALL NON-PITCHERS     ----  0  0  ----   0  0  0  0  0   0.0   0   0   0  0   0   0
Team                                          3                   -1
----------------- ---- -- -- ----- --- -- -- -- -- ----- --- --- --- -- --- ---
TEAM TOTALS       3.62    78       152    14    43      1434     593    552
                       85     .521    152    10   1476.1     658    109    1039
 

Primary Player Statistics For 1995 Slattery Incarn (SLA) Totals After 152 Games

NAME                 BAVG  GM  AB   R   H 2B 3B HR RBI  BB  SO HB SH DP  SB CS  E
R.Amaro              .367  23  30   7  11  0  2  1   8  11   2  0  0  0   0  0  0
B.Larkin             .333 106 402  79 134 18  5 12  48  61  48  1  2 14  16  4 14
D.Sheaffer           .288  71 215  22  62  5  1  5  26   6  16  0  0  8   2  1  6
R.Kelly              .286  99 367  63 105 28  1 12  50  25  53  0  0  6  18  4  3
K.Mitchell           .286  17  49   8  14  1  0  5  12   2   6  0  0  4   0  0  1
K.Roberson           .281  22  32   4   9  0  0  2   3   0   4  0  0  0   0  0  0
T.Zeile              .278 144 528  77 147 36  1 18  83  83  77  0  0 13   3  2 29
L.Gonzalez           .267 139 543  83 145 28  3 17  75  39  96  8  0 15  19  7 10
T.Bogar              .266  54 143  12  38 15  0  1  12   7  19  0  0  0   0  0  5
B.Barberie           .260  91 296  29  77  8  2  2  33  36  56  5  3  7   3  5  5
T.Teufel             .254  76 177  26  45  6  2 11  32  30  34  0  1  3   1  3  4
C.Carr               .250 135 509  67 127 22  3  2  30  49  75  3  6  1  67 27  2
P.Plantier           .245 107 290  43  71 15  1 23  66  42  88  7  0  3   2  5  1
E.Karros             .229 151 599  64 137 26  1 26  92  30  88  3  0 16   0  0 15
T.Pagnozzi           .219  85 292  24  64  3  0  4  13  10  29  0  0 14   2  1  0
B.Roberts            .214  85 201  23  43  9  0  0  10  28  34  2  0  5  22  9  8
C.Hernandez          .198  24  81   7  16  3  0  2   6   4  12  0  0  1   0  0  4
C.James              .188  63  80   6  15  1  1  0   3  10  24  2  0  0   1  0  0
D.Strawberry         .167  21  18   1   3  0  0  1   3   5   5  2  0  1   0  0  1
ALL PITCHERS         .166 152 326  19  54  9  1  1  13  14 113  0 52  5   0  0 16
----------------- ---- --- --- --- --- -- -- -- --- --- --- -- -- -- --- -- --
TEAM TOTALS       .254    5178    1317    24    618     879    64    156   124
                       152     664    233   145     492     33   116     68

NAME                  ERA  W  L   PCT   G GS CG SH SV    IP   H   R  ER HR  BB  SO
F.Seminara           1.50  1  0 1.000   3  1  1  1  0  12.0   5   2   2  0   3   6
P.Gomez              1.93  1  0 1.000   6  0  0  0  0   9.1  10   4   2  1   6  11
A.Young              3.01  2  6  .250  16 10  1  0  1  77.2  71  32  26  9  25  53
T.Mulholland         3.06 14  7  .667  28 28  6  4  0 203.0 187  78  69 24  53 130
M.Rojas              3.33  2  7  .222  55  0  0  0 12  70.1  61  29  26  5  28  29
G.Heredia            3.89  7  7  .500  30 14  1  0  0 108.2 133  53  47  6  27  62
L.Andersen           4.04  4  7  .364  55  0  0  0  5  75.2  80  38  34  8  26  90
K.Rueter             4.18  3 10  .231  17 17  2  1  0 112.0 138  63  52 13  23  37
T.Mauser             4.19  2  2  .500  28  0  0  0  0  43.0  38  20  20  2  20  34
D.Kile               4.24 11 13  .458  27 27  5  1  0 191.0 180  97  90 21  94 154
T.Glavine            4.28  9 13  .409  32 31  2  0  0 221.0 202 117 105 18  85 113
J.Hernandez          5.19  0  0  ----  13  0  0  0  0  17.1  23  10  10  2   6  10
J.Bullinger          5.25  1  1  .500   7  0  0  0  0  12.0  12   9   7  1   9  11
P.Smith              5.44  4  5  .444  23 12  1  0  0  92.2  92  57  56 20  38  49
M.Stanton            5.50  2  4  .333  50  0  0  0 13  52.1  65  37  32  4  28  48
R.Tomlin             7.15  0  2  .000   7  7  0  0  0  34.0  52  31  27  4   9  25
B.Tewksbury          8.88  0  5  .000   5  5  0  0  0  25.1  42  26  25  5   5  17
ALL NON-PITCHERS     ----  0  0  ----   0  0  0  0  0   0.0   0   0   0  0   0   0
Team                                          4                   -1
----------------- ---- -- -- ----- --- -- -- -- -- ----- --- --- --- -- --- ---
TEAM TOTALS       4.17    89       152    19    31      1391     629    485
                       63     .414    152    11   1357.1     703    143     879
