Primary Player Statistics For 1996 Avery Tards (AVC) Totals After 152 Games


NAME              BAVG  GM  AB   R   H 2B 3B HR RBI  BB  SO HB SH DP  SB CS  E
M.Piazza          .410  52 212  39  87  6  1 26  66  22  40  0  0  2   0  0  6
J.Walton          .361  49 133  35  48 17  1  8  29  13  20  3  0  3   7  3  1
O.Miller          .353  16  17   6   6  4  0  0   1   3   2  0  0  0   0  0  0
S.Livingstone     .342  52 152  18  52 16  2  1  24  14   9  0  0  2   3  3  4
B.Ausmus          .325  88 280  44  91 13  7  7  52  27  45  0  2  5  13  9  4
J.Edmonds         .300 140 560  77 168 42  4 27 109  39 127  8  0 17   1  7  2
B.Gilkey          .286  12  28   4   8  1  0  1   7   1   4  0  0  1   3  1  0
M.Kingery         .282  13  39   7  11  3  0  0   1   3   4  0  2  1   3  0  0
R.Gant            .281 125 469  98 132 26  5 29  79  76 130  7  0 16  25  6  2
E.Karros          .281 140 548  73 154 28  1 25  87  52 132  6  0 17   6  2  5
J.Offerman        .273  27  22   4   6  0  0  0   1   4   3  0  0  1   0  1  1
D.Slaught         .271  28  70   8  19  3  0  0   1   1   8  0  0  2   1  0  0
A.Dawson          .268  36  71  10  19  5  2  2  12   3  15  0  0  3   0  0  3
Q.Veras           .266 130 496 105 132 30  7  8  47 103  78 12  1  6  77 24  7
J.Hernandez       .253 106 297  31  75 16  2 12  35  14  78  0  2 11   0  0 10
J.Orsulak         .246  69 122  11  30  7  1  0  15   9  15  0  0  4   0  1  0
O.Merced          .242 132 504  67 122 25  1 13  62  33  87  0  0 12   5  1  7
J.Reed            .239  34  88   7  21  3  1  0   6  15  17  0  0  2   0  0  2
D.Hansen          .236  71 212  22  50  6  1  1  15  27  36  1  0  5   0  0  7
J.Blauser         .215 145 469  61 101 13  2  9  40  88 127 13  0  9   7  4 12
S.Hemond          .154   6  13   2   2  0  1  0   0   4   0  0  0  0   0  0  3
H.Johnson         .111  28  72   4   8  1  0  1   2  16  13  1  0  2   1  0  9
A.Allanson        .000   1   1   0   0  0  0  0   0   0   0  0  0  0   0  0  0
D.Coles           .000   2   3   1   0  0  0  0   0   2   0  0  0  0   0  0  0
K.Young           ----   0   0   0   0  0  0  0   0   0   0  0  0  0   0  0  0
S.Cooper          ----   0   0   0   0  0  0  0   0   0   0  0  0  0   0  0  0
ALL PITCHERS      .150 152 353  26  53 12  0  0  18   8 106  0 54  4   6  1  9
----------------- ---- --- --- --- --- -- -- -- --- --- --- -- -- -- --- -- --
TEAM TOTALS       .267    5231    1395    39    709    1096    61    158    94
                       152     760    277   170     577     51   125     63


NAME               ERA  W  L   PCT   G GS CG SH SV    IP   H   R  ER HR  BB  SO
H.Nomo            1.99 20  5  .800  34 33 10  3  1 249.1 145  68  55 18  94 276
J.Dipoto          2.53  0  0  ----   9  0  0  0  0  10.2  12   3   3  0   3   9
G.Heredia         2.61  9  4  .692  46 10  1  1  3 117.1 127  41  34  9  25  61
J.Habyan          2.72  5  4  .556  73  0  0  0  3  82.2  80  26  25  5  18  52
T.Scott           3.54  2  3  .400  41  0  0  0 11  48.1  38  20  19  3  21  42
J.Rijo            4.00  4  2  .667   9  9  1  0  0  54.0  57  26  24  5  17  39
C.Finley          4.10 19 10  .655  35 35  4  0  0 235.0 224 117 107 15 101 199
K.Ritz            4.37 13  8  .619  32 32  1  0  0 200.0 218 105  97 24  86 126
D.Holmes          4.38  2  5  .286  40  0  0  0  9  49.1  50  25  24  2  12  44
B.Pulsipher       4.38  8  7  .533  24 24  2  1  0 152.0 149  83  74 13  55  92
M.Jackson         4.60  2  2  .500  24  0  0  0  1  31.1  39  16  16  3   9  24
D.Plesac          5.51  5  6  .455  43  0  0  0  9  49.0  58  33  30  4  24  43
G.Dishman         5.65  0  5  .000  25  6  0  0  0  63.2  73  43  40  5  32  25
S.Trachsel        6.06  1  1  .500   3  3  0  0  0  16.1  20  13  11  6   8   7
M.Butcher        11.68  0  0  ----  11  0  0  0  0  12.1  19  16  16  3   9   6
ALL NON-PITCHERS  ----  0  0  ----   0  0  0  0  0   0.0   0   0   0  0   0   0
Team                                          3                   +0
----------------- ---- -- -- ----- --- -- -- -- -- ----- --- --- --- -- --- ---
TEAM TOTALS       3.77    62       152    19    37      1309     575    514
                       90     .592    152     8   1371.1     635    115    1045

Primary Player Statistics For 1996 Co Operators (COO) Totals After 152 Games


NAME              BAVG  GM  AB   R   H 2B 3B HR RBI  BB  SO HB SH DP  SB CS  E
B.Johnson         .400   7  20   4   8  2  1  2   4   0   2  0  0  0   0  0  0
D.Bichette        .327 146 602  84 197 38  1 35 116  32 101  4  0 16  13  6  2
M.Lewis           .325  86 209  36  68 13  0  5  20  19  54  0  0  5   0  0  7
G.Anderson        .321 110 402  64 129 22  1 20  68  20  77  1  0 11   2  1  4
T.Hollandsworth   .319  44  47   8  15  2  0  4  12   6  11  0  0  0   0  1  2
S.Servais         .304  82 240  41  73 22  0 14  44  28  52  3  0  7   0  1  6
M.Devereaux       .298 112 406  60 121 24  0 10  48  16  69  0  0 11   7  2  4
W.Cordero         .295 132 455  45 134 30  2 11  51  25  75  6  0  2   7  6 16
B.McRae           .243 127 449  73 109 26  5  7  38  32  75 12  1  6  15  4  1
F.McGriff         .242 144 525  67 127 29  0 17  74  74 104  5  0 12   3  5  6
C.Hayes           .237 135 451  39 107 23  1  6  44  40  74  1  1 29   1  1  7
M.Morandini       .237 144 541  62 128 30 13  6  55  39 105 12  9 10   5  5  9
C.Fonville        .232  73 177  22  41  6  0  0   9  15  16  0  0  2   9  4 11
E.Williams        .225  44  71   7  16  5  0  2  10   4  13  0  0  4   0  0  4
D.Daulton         .224  82 254  24  57  7  0  5  27  47  33  7  0  6   0  0  3
K.Stocker         .220  35  41   2   9  1  1  0   2   2  10  0  0  4   0  0  2
T.Lampkin         .206  39  68   6  14  3  0  0   3   7  16  2  0  1   0  0  2
D.Bell            .205   9  39   5   8  2  0  1   5   4   7  0  0  1   2  1  0
M.Duncan          .000   2   1   1   0  0  0  0   0   0   1  0  0  0   0  0  0
B.Ashley          .000   1   1   0   0  0  0  0   0   0   1  0  0  0   0  0  0
ALL PITCHERS      .133 152 330  25  44  7  0  1  14  14 106  0 35  6   0  0  8
----------------- ---- --- --- --- --- -- -- -- --- --- --- -- -- -- --- -- --
TEAM TOTALS       .264    5329    1405    25    644    1002    46     64    94
                       152     675    292   146     424     53   133     37


NAME               ERA  W  L   PCT   G GS CG SH SV    IP   H   R  ER HR  BB  SO
J.Bautista        0.00  0  0  ----   1  0  0  0  0   1.0   1   0   0  0   0   0
S.Barton          2.25  3  3  .500  27  0  0  0  1  36.0  25  10   9  4  18  16
L.Smith           3.00  5  2  .714  39  0  0  0 13  45.0  31  16  15  4  26  46
D.Veres           3.48 12  9  .571  74  0  0  0  2 106.0 117  46  41  8  41  99
H.Carrasco        3.49  0  3  .000  39  0  0  0  2  59.1  54  25  23  4  29  48
J.Deleon          3.68  0  0  ----  12  0  0  0  0  14.2  17   7   6  0  11   9
S.Reynolds        3.80 12 11  .522  35 35  0  0  0 210.2 234  98  89 25  34 186
J.Smoltz          3.82 12  6  .667  32 32  4  1  0 217.0 206 100  92 27  76 233
R.Nen             4.26  2  6  .250  51  0  0  0 28  61.1  50  31  29  8  21  56
J.Smiley          4.27  8 13  .381  34 33  0  0  0 211.0 221 106 100 25  68 164
P.Wagner          4.41  9  4  .692  40 12  0  0  0 118.1 142  66  58 13  30  65
D.Drabek          4.82 11 11  .500  35 35  0  0  0 199.2 255 115 107 25  52 131
M.Dyer            5.03  1  0 1.000  14  0  0  0  0  19.2  21  11  11  4   6  15
M.Guthrie         6.15  4  0 1.000  35  0  0  0  0  60.0  81  42  41  7  19  53
T.Green           7.36  0  5  .000   5  5  0  0  0  22.0  31  18  18  2  15  16
A.Reynoso         ----  0  0  ----   0  0  0  0  0   0.0   0   0   0  0   0   0
ALL NON-PITCHERS  ----  0  0  ----   0  0  0  0  0   0.0   0   0   0  0   0   0
Team                                          4                   +0
----------------- ---- -- -- ----- --- -- -- -- -- ----- --- --- --- -- --- ---
TEAM TOTALS       4.16    73       152     4    46      1486     639    446
                       79     .520    152     5   1381.2     691    156    1137

Primary Player Statistics For 1996 Dave's Duxz (AVD) Totals After 152 Games


NAME              BAVG  GM  AB   R   H 2B 3B HR RBI  BB  SO HB SH DP  SB CS  E
S.Livingstone     .366  26  82  13  30  8  0  5  18   5   9  0  0  0   2  3  0
D.Slaught         .351  26  74   7  26 10  1  0  11   5   4  1  0  6   0  0  1
M.Piazza          .343  81 332  60 114 13  1 28  66  18  56  0  0  8   0  0  3
B.Gilkey          .325 110 437  69 142 32  7 10  64  41  50  2  0 13  19  9  0
J.Walton          .313  21  64  14  20  2  0 10  16   6   6  1  0  1   2  3  1
C.Jones           .308  85 247  41  76  3  6 10  40  29  76  0  0  2   6  2  1
J.Vizcaino        .290 152 597  73 173 28  5  2  63  40 113  0 13 11  11  6 13
J.Cangelosi       .288 121 226  33  65  8  1  3  25  44  56  7  2  4  30  9  3
T.Pendleton       .275 127 502  67 138 36  2 11  73  37  88  3  0  9   2  3 19
D.Coles           .265  23  49   2  13  6  0  0   8   0   7  2  0  0   0  0  0
A.Martin          .263  89 319  49  84 16  1  7  25  40  62  6  0  3  19 10  5
G.Colbrunn        .261  29 115  14  30  5  1  6  17   6  14  0  0  5   3  1  0
J.Vanderwal       .261  81  92  10  24  8  1  3  14  11  29  0  0  3   1  0  0
J.Brumfield       .259  52 166  18  43  8  1  0  14   8  28  1  0  0   6  5  2
J.Offerman        .250  37  40   3  10  3  0  0   3   9   6  1  0  1   0  0  3
J.Bagwell         .246 102 399  57  98 21  0 18  54  48  86  5  0  9   6  4  8
J.Mabry           .245 128 462  38 113 19  1  4  41  22  52  1  0  5   0  0  4
D.Deshields       .209 135 469  65  98 17  3  6  42  74 103  0  2  5  46 22 13
R.Wilkins         .190  54 142  24  27  2  0  8  23  27  43  1  0  4   0  0  4
J.Reed            .189  22  53   8  10  1  0  0   2  14   9  0  0  1   0  0  1
J.Lind            .189  38  53   3  10  0  0  0   9   1   5  0  0  3   0  0  0
O.Miller          .158  19  19   2   3  1  1  0   3   0   7  1  0  2   0  0  1
ALL PITCHERS      .085 152 317  12  27  4  0  0  13  16  99  0 49  3   0  1  7
----------------- ---- --- --- --- --- -- -- -- --- --- --- -- -- -- --- -- --
TEAM TOTALS       .261    5256    1374    32    644    1008    66    153    89
                       152     682    251   131     501     32    98     78


NAME               ERA  W  L   PCT   G GS CG SH SV    IP   H   R  ER HR  BB  SO
T.Henke           0.56  0  0  ----  10  0  0  0  6  16.0  10   1   1  0   7   9
L.Casian          1.80  1  0 1.000  11  0  0  0  1  15.0   7   3   3  1   5   3
T.Worrell         3.31  4  1  .800  49  0  0  0 22  68.0  71  25  25  6  15  62
R.Martinez        3.48  8 12  .400  25 25  4  1  0 168.0 156  72  65 16  65 108
T.Candiotti       3.83 14 13  .519  37 37  2  0  0 249.1 240 113 106 31  85 166
P.Borbon          4.03  2  1  .667  22  0  0  0  0  22.1  32  11  10  3  10  16
J.Tabaka          4.18  1  2  .333  20  0  0  0  0  28.0  32  16  13  3  14  21
T.Mathews         4.39  4  3  .571  52  0  0  0  0  92.1  86  48  45 15  41  86
A.Ashby           4.75 11 19  .367  39 39  1  0  0 246.1 259 153 130 43  88 187
A.Pena            4.80  4  3  .571  34  0  0  0  0  54.1  53  30  29  9  19  54
S.Service         4.96  1  1  .500  24  0  0  0  0  32.2  28  19  18  7  22  36
D.Neagle          5.22 11 16  .407  37 37  3  2  0 231.0 289 143 134 31  70 155
G.Harris          5.88  2  1  .667  21  0  0  0  0  26.0  30  17  17  5   9  25
D.Hartgraves      6.34  3  2  .600  24  0  0  0  1  32.2  31  23  23  6  20  18
J.Fassero         6.90  2  9  .182  13 13  0  0  0  74.1 100  62  57 10  40  53
R.Springer        7.71  0  1  .000   1  1  0  0  0   4.2   6   4   4  1   4   3
R.Bailey          ----  0  0  ----   0  0  0  0  0   0.0   0   0   0  0   0   0
M.Walker          ----  0  0  ----   0  0  0  0  0   0.0   0   0   0  0   0   0
ALL NON-PITCHERS  ----  0  0  ----   0  0  0  0  0   0.0   0   0   0  0   0   0
Team                                          3                   -2
----------------- ---- -- -- ----- --- -- -- -- -- ----- --- --- --- -- --- ---
TEAM TOTALS       4.48    84       152    10    30      1430     678    514
                       68     .447    152     6   1361.0     740    187    1002

Primary Player Statistics For 1996 Evenson Odd Dau (EVE) Totals After 152 Games


NAME              BAVG  GM  AB   R   H 2B 3B HR RBI  BB  SO HB SH DP  SB CS  E
S.Pegues          .348  23  23   3   8  1  0  0   3   1   3  0  0  2   0  0  0
A.Battle          .333   3   3   0   1  0  0  0   0   0   1  0  0  0   0  0  0
T.Howard          .314 102 312  46  98 19  2  4  30  29  38  1  0  5  16 16  5
J.Mouton          .313  87 166  34  52 13  2  2  16  15  26  1  3  2  13  6  1
F.Thomas          .297 152 565 103 168 21  1 41 124 117  85 10  0 16   6  1 10
M.Carreon         .297 137 553  57 164 37  0 11  67  38  63  6  0 13   0  0 12
R.Gutierrez       .289  59 121  13  35  3  1  0  13   9  30  1  0  3   2  2  4
R.Lankford        .280 145 592 104 166 39  1 36  92  68 131  3  0 18  16  5  1
J.Kent            .257 142 540  58 139 30  2 16  74  35 105 11  0 14   3  3 13
M.Grudzielanek    .255 104 310  30  79 15  4  1  30  10  58  7  2  9  13  3 10
T.Phillips        .245 149 567 111 139 24  5 23  67 134 130  2  0 13  21  9 31
C.Everett         .240 114 242  27  58 13  0  4  30  30  58  5  0 12   1  7  4
J.Reed            .239  92 234  29  56 14  1  2  23  39  31  5  2  4   0  1 20
S.Decker          .236  61 161  18  38  6  0  4  17  26  20  0  0  2   0  0  4
C.O'Brien         .186  85 221  23  41  7  0  9  28  39  38  6  0  8   0  0  5
T.Pagnozzi        .183  55 164  15  30 14  0  1  21  15  24  1  0  7   0  0  0
L.Gonzalez        .182  79 148  14  27  5  2  4  17  21  25  0  0  4   0  1  0
ALL PITCHERS      .119 152 336  20  40  5  2  0  11  15 121  0 41  3   0  0 11
----------------- ---- --- --- --- --- -- -- -- --- --- --- -- -- -- --- -- --
TEAM TOTALS       .255    5258    1339    23    663     987    48     91   131
                       152     705    266   158     641     59   135     54


NAME               ERA  W  L   PCT   G GS CG SH SV    IP   H   R  ER HR  BB  SO
D.West            2.17  3  2  .600  13  4  1  1  0  45.2  31  11  11  2  31  28
T.Mathews         2.27  5  2  .714  25  0  0  0  1  31.2  22   8   8  1  16  27
D.Cone            3.06 17  7  .708  37 36  6  1  1 258.2 234 104  88 16 103 201
T.Percival        3.18  4  4  .500  72  0  0  0 29 104.2  72  40  37 17  38 140
B.Rekar           4.27  0  3  .000  10  8  0  0  1  46.1  48  23  22  2  17  30
J.Hudek           4.50  0  0  ----   7  0  0  0  0   8.0   6   5   4  1   1  11
T.Pugh            4.68  6  4  .600  21 21  0  0  0  98.0 102  56  51 10  38  31
P.Martinez        4.91 16 10  .615  36 34  3  0  0 216.1 232 136 118 31  74 206
S.Fernandez       4.97  3 10  .231  24 21  0  0  0 114.0 121  68  63 22  41 125
B.Minor           5.13  3  6  .333  91  0  0  0  3 135.0 162  79  77 17  45 128
P.Astacio         5.63  6 10  .375  23 23  0  0  0 120.0 138  81  75 22  42 103
R.Delucia         5.72  9  3  .750  94  0  0  0  4 102.1 104  68  65 14  61  79
R.Myers           6.34  5  6  .455  66  0  0  0  6  76.2  89  56  54 11  44  80
W.Banks          10.80  1  2  .333   4  2  0  0  0   8.1  13  16  10  3   7   1
J.Brewington     12.76  0  3  .000   9  3  0  0  0  18.1  22  26  26  5  15  12
D.Miceli         16.62  0  2  .000  10  0  0  0  1   4.1  11   8   8  0   2   4
B.Anderson        ----  0  0  ----   0  0  0  0  0   0.0   0   0   0  0   0   0
ALL NON-PITCHERS  ----  0  0  ----   0  0  0  0  0   0.0   0   0   0  0   0   0
Team                                          5                   -2
----------------- ---- -- -- ----- --- -- -- -- -- ----- --- --- --- -- --- ---
TEAM TOTALS       4.64    74       152    10    46      1407     715    575
                       78     .513    152     7   1388.1     785    174    1206

Primary Player Statistics For 1996 Fielders Choice (FIE) Totals After 152 Games


NAME              BAVG  GM  AB   R   H 2B 3B HR RBI  BB  SO HB SH DP  SB CS  E
J.Eisenreich      .352  79 176  33  62 10  1  6  19  23  16  6  0  5   2  0  0
T.Gwynn           .332 146 627  78 208 30  2  5  66  30  48  0  0 22  19  9  4
B.Larkin          .326 145 595  99 194 25  3 17  67  59  64  3  6  2  51 22 21
R.Kelly           .312  76 170  27  53 12  0  1  13   5  24  2  0  5   9  8  3
B.Roberts         .292 104 359  48 105 18  0  6  29  15  55  1  0  3  18  6  4
V.Castilla        .285 146 594  70 169 39  4 25  95  23  97  5  0 20   3  5 14
R.Thompson        .278  52  54  10  15  3  0  4   6   6  12  0  0  1   0  0  0
J.Phillips        .273  27  33   3   9  2  0  1   7   2   8  0  0  1   0  0  0
D.Sheaffer        .258  53  89  15  23  3  0  3  14  13  13  0  0  3   0  0  4
G.Hill            .257 138 510  60 131 27  6 28  90  31 100  0  0 17  19  6 12
A.Galarraga       .224 146 581  63 130 24  1 26  81  30 163 13  0 10   9  2 10
B.Boone           .223 145 512  49 114 30  1 13  44  37  75  3  0  3   7  1  5
D.Sanders         .219  87 137  20  30  3  2  1  10  10  21  3  0  2  16  1  2
J.Wehner          .218  41  87   4  19  1  1  0   3   7  17  0  2  0   1  0  0
K.Manwaring       .212 138 443  40  94 15  0  4  29  32  92 13  0  5   3  1  7
T.Cromer          .143   5   7   0   1  0  0  0   0   0   2  0  0  0   0  0  2
A.Van Slyke       .143   8   7   1   1  0  0  0   0   1   2  0  0  0   0  0  0
ALL PITCHERS      .104 152 298  10  31  1  0  1  10  15 104  0 38  3   0  0 14
----------------- ---- --- --- --- --- -- -- -- --- --- --- -- -- -- --- -- --
TEAM TOTALS       .263    5279    1389    21    583     913    46    157   102
                       152     630    243   141     339     49   102     61


NAME               ERA  W  L   PCT   G GS CG SH SV    IP   H   R  ER HR  BB  SO
S.Reed            1.98  9  4  .692  68  0  0  0  4 104.2  62  24  23  6  26 101
J.James           3.13  2  1  .667  22  0  0  0  1  31.2  29  12  11  4  16  27
M.Freeman         3.59  8  6  .571  35 12  0  0  0 102.2  83  48  41  9  49  70
M.Williams        3.66  6  3  .667  53  1  0  0  2  91.0  79  45  37 19  31  69
K.Mercker         3.89  8  6  .571  45 18  0  0  0 136.2 130  62  59 17  67  94
M.Henneman        3.90  2  3  .400  56  0  0  0 34  67.0  80  33  29  4  15  62
M.Birkbeck        4.14  2  2  .500   6  6  1  0  0  41.1  42  19  19  7   4  14
F.Valenzuela      4.38  1  4  .200  23  4  0  0  0  51.1  51  25  25  8  19  28
M.Langston        4.60  3 18  .143  30 30  1  0  0 186.0 201 107  95 18  74 126
B.Saberhagen      4.66  9 12  .429  27 27  2  1  0 175.2 206  97  91 30  43 105
D.Mlicki          4.90 13 11  .542  30 29  4  3  0 172.2 179  98  94 29  52 139
M.Bielecki        5.81  0  1  .000  19  2  0  0  0  31.0  36  20  20  3  11  17
J.Bullinger       6.02  5 11  .313  23 23  0  0  0 142.0 172 101  95 25  54  82
T.Wendell         8.88  1  1  .500  13  0  0  0  0  25.1  41  25  25  6  12  12
P.Quantrill       ----  0  0  ----   0  0  0  0  0   0.0   0   0   0  0   0   0
ALL NON-PITCHERS  ----  0  0  ----   0  0  0  0  0   0.0   0   0   0  0   0   0
Team                                          3                   +0
----------------- ---- -- -- ----- --- -- -- -- -- ----- --- --- --- -- --- ---
TEAM TOTALS       4.40    83       152     8    41      1391     664    473
                       69     .454    152     7   1359.0     716    185     946

Primary Player Statistics For 1996 Hocking Kongs (HOC) Totals After 152 Games


NAME              BAVG  GM  AB   R   H 2B 3B HR RBI  BB  SO HB SH DP  SB CS  E
A.Encarnacion     .440  18  25   3  11  3  0  0   6   0   2  0  0  1   1  0  1
R.White           .331 106 242  37  80 24  0  4  28  27  43  4  0 10  13  7  2
L.Walker          .314  49 185  41  58  9  2 16  41  13  33  6  0  4   9  1  1
B.Bonds           .309 152 547 119 169 35  5 44 100 101  84 10  0 14  28 10  8
S.Berry           .302 119 367  48 111 20  2 21  62  33  70  2  0  9   2 11 17
C.Garcia          .278  47 198  24  55 16  2  6  19  10  39  0  0  0   2  7  7
B.Jordan          .277 133 462  70 128 15  3 21  63  25  89  7  0  5  33 11  0
J.Snow            .272 147 603  68 164 28  0 15  64  45 126  3  0 14   7  3  5
C.Johnson         .266  76 218  26  58 22  0  5  29  41  52  3  0  5   0  0  2
J.Fabregas        .258  85 275  15  71 13  0  0  29  23  33  0  0  7   0  0  8
M.Lansing         .252  93 397  49 100 25  3  8  46  17  50  4  0 10  19  5  5
M.Grissom         .246  96 411  56 101 15  2  9  40  34  49  2  0  3  20  8  2
J.Browne          .242  62  95  11  23  2  0  1   4  16   9  0  3  2   1  1  2
J.Bell            .240 142 520  68 125 29  3 16  83  53 125  7  1  7   2  5  9
T.Wallach         .234  86 214  27  50  7  1  9  24  14  51  5  0  6   0  0  4
S.Owen            .229  43  83   5  19  3  0  0  11  12   8  0  0  4   2  1  3
L.Polonia         .143  10   7   0   1  0  0  0   1   1   0  0  0  1   0  0  0
D.Lewis           .083  40  12  12   1  0  0  0   0   1   2  1  1  3   9  0  0
P.Borders         .059  10  17   0   1  0  0  0   0   0   3  0  0  1   0  0  0
L.Harris          ----   0   0   0   0  0  0  0   0   0   0  0  0  0   0  0  0
ALL PITCHERS      .164 152 353  22  58 10  2  1  17  15 109  0 33  9   3  0  6
----------------- ---- --- --- --- --- -- -- -- --- --- --- -- -- -- --- -- --
TEAM TOTALS       .265    5231    1384    25    667     977    38    151    82
                       152     701    276   176     481     54   115     70


NAME               ERA  W  L   PCT   G GS CG SH SV    IP   H   R  ER HR  BB  SO
I.Valdes          2.90  7  3  .700  13 13  3  1  0  99.1  81  33  32 10  27  72
B.Florie          2.91  6  4  .600  45  0  0  0  6  68.0  52  23  22  2  32  53
J.Christiansen    3.38  2  2  .500  45  0  0  0  0  56.0  48  23  21  4  28  54
B.Clontz          3.47  8 11  .421  64  0  0  0  5  93.1 110  42  36  7  34  69
D.Osborne         3.62  6  6  .500  22 22  2  1  0 136.2 135  61  55 20  44  96
K.Foster          3.66  7  4  .636  27 18  3  1  1 130.1 123  56  53 20  56 118
J.Abbott          3.71 15 12  .556  35 34  6  4  0 240.0 252 106  99 11  80 104
D.Bochtler        3.86  4  2  .667  33  0  0  0  2  44.1  33  20  19  3  23  52
T.Glavine         4.25 14 11  .560  35 35  6  1  0 241.2 244 118 114 21  98 159
K.Rueter          4.74  3  3  .500  12 10  2  2  0  62.2  70  33  33  6  18  32
J.Franco          4.94  2  5  .286  59  0  0  0 27  78.1  88  45  43 10  23  61
J.Ericks          5.68  4  5  .444  12 12  0  0  0  65.0  78  48  41  7  27  46
T.Wilson          5.81  2  4  .333   8  8  1  1  0  48.0  48  32  31  9  29  20
B.Swift           ----  0  0  ----   0  0  0  0  0   0.0   0   0   0  0   0   0
A.Young           ----  0  0  ----   0  0  0  0  0   0.0   0   0   0  0   0   0
J.Cummings        ----  0  0  ----   0  0  0  0  0   0.0   0   0   0  0   0   0
ALL NON-PITCHERS  ----  0  0  ----   0  0  0  0  0   0.0   0   0   0  0   0   0
Team                                          1                   -1
----------------- ---- -- -- ----- --- -- -- -- -- ----- --- --- --- -- --- ---
TEAM TOTALS       3.95    72       152    23    41      1362     598    519
                       80     .526    152    12   1363.2     640    130     936

Primary Player Statistics For 1996 Morgen Grinders (MOR) Totals After 152 Games


NAME              BAVG  GM  AB   R   H 2B 3B HR RBI  BB  SO HB SH DP  SB CS  E
T.Bogar           .373  53 177  32  66 16  1  3  21   5  25  0  1  2   1  1  7
T.Eusebio         .341 113 364  55 124 23  2  7  55  19  57  5  0 14   0  0  1
D.Magadan         .319  51 185  30  59 11  0  0   8  28  29  0  0  6   1  2  1
N.Liriano         .314  96 290  43  91 18  0  6  38  22  44  4  0  5   3  0  5
M.Grace           .309  61 230  32  71 18  1  1  31  38  16  2  0  1   0  0  3
K.Caminiti        .308 151 588 112 181 54  0 28 100  58 121  0  0 11   9  4 32
R.Sanders         .307 145 557 110 171 35  8 32  99  70 145 11  0  9  28 12  1
G.Disarcina       .299 144 551  72 165 30 10  6  73  29  56  3  0 29  10  3  3
M.Alou            .295  99 292  41  86 13  0 13  49  20  58  6  0  7   0  5  1
R.Klesko          .282 120 387  53 109 23  1 18  71  39 106  1  0  7   4  4 13
S.Sosa            .276 152 616 105 170 14  2 39 128  44 144  7  0 14  27  8 12
J.Bates           .275 102 396  57 109 17  5 10  45  36  79  2  1  6   5 10  5
S.Bullett         .275  40  40   9  11  1  2  0   2   4  12  1  0  1   9  1  0
L.Dykstra         .262  33  42   6  11  1  0  1   6   5   4  1  0  0   0  1  1
D.Easley          .250   7  12   3   3  1  0  0   2   1   3  0  0  0   0  0  0
T.Hundley         .249  81 237  33  59 13  0  9  28  33  63  6  0  1   2  1  3
R.Petagine        .182  38  44   0   8  4  0  0   3   4  17  0  0  1   0  0  0
C.Hernandez       .000   4   2   0   0  0  0  0   0   1   1  0  0  0   0  0  0
R.Aude            ----   0   0   0   0  0  0  0   0   0   0  0  0  0   0  0  0
ALL PITCHERS      .125 152 367  29  46  4  0  2  24  18 129  0 33  3   0  0  8
----------------- ---- --- --- --- --- -- -- -- --- --- --- -- -- -- --- -- --
TEAM TOTALS       .286    5377    1540    32    783    1109    35     99    96
                       152     822    296   175     474     49   117     52


NAME               ERA  W  L   PCT   G GS CG SH SV    IP   H   R  ER HR  BB  SO
Y.Perez           1.69  0  1  .000  13  0  0  0  1  16.0  10   3   3  1   5  16
D.Leiper          2.70  3  2  .600  45  0  0  0  5  60.0  47  20  18  4  22  26
R.Bottalico       2.84 12  6  .667  65  0  0  0 10 104.2  74  35  33  9  55  86
C.Leskanic        3.24  5  4  .556  64  0  0  0 25  94.1  67  37  34  6  34  92
D.Kile            3.51  8  4  .667  69  6  1  0  1 138.1 147  60  54 11  80 120
M.Hampton         3.74  6  3  .667  12 12  3  1  0  77.0  77  36  32  5  29  54
J.Juden           3.86  5  1  .833  17  9  1  0  0  70.0  70  35  30  5  49  49
C.Schilling       4.09  7  6  .538  18 18  4  0  0 121.0 114  66  55 11  22  97
P.Rapp            4.38 12  5  .706  26 26  2  0  0 156.1 161  79  76 13  60  84
M.Petkovsek       4.70 12  8  .600  26 26  3  1  0 155.0 166  85  81 13  48  67
S.Avery           5.04 12  9  .571  32 32  1  0  0 198.1 209 119 111 27  63 133
P.Schourek        5.38  6  8  .429  18 18  5  2  0 117.0 130  79  70 16  34  84
E.Loaiza          5.53  1  4  .200   5  5  0  0  0  27.2  42  23  17  4   8  15
R.Arocha          5.63  1  0 1.000  15  0  0  0  2  16.0  21  10  10  2   8  10
J.Dougherty       7.62  0  1  .000  11  0  0  0  0  13.0  21  12  11  0   4   5
ALL NON-PITCHERS  ----  0  0  ----   0  0  0  0  0   0.0   0   0   0  0   0   0
Team                                          3                   +0
----------------- ---- -- -- ----- --- -- -- -- -- ----- --- --- --- -- --- ---
TEAM TOTALS       4.19    62       152    20    44      1356     635    521
                       90     .592    152     7   1364.2     699    127     938

Primary Player Statistics For 1996 Richie-a-Petts (GUT) Totals After 152 Games


NAME              BAVG  GM  AB   R   H 2B 3B HR RBI  BB  SO HB SH DP  SB CS  E
A.Cedeno          .667  12   3   2   2  0  0  0   0   0   1  0  0  0   0  0  0
B.Santiago        .309 101 278  41  86 24  1 14  52  24  64  3  0  8   1  0  1
J.Conine          .303 150 595 108 180 30  3 36 122  91 117  0  0 18   3  2 17
C.Davis           .297 142 553  82 164 37  0 22 102  72 119  0  0 12   0  2 27
E.Alfonzo         .292  60 168  22  49  3  2  5  21   9  29  0  0  3   1  0  2
R.Hudler          .288  88 281  30  81 23  1  7  26  14  64  5  0  6   5  1  4
B.Butler          .287 149 606  95 174 14 11  0  39  99  73  0  8  5  39 18  1
E.Young           .280 136 508  94 142 22  8  8  52  77  46  9 11  2  50 20 11
M.Aldrete         .279  88  86  10  24  2  1  3  16  12  20  3  0  1   0  0  0
J.Lopez           .273  99 363  37  99  9  3 14  52  17  76  0  0 12   0  0  8
W.Weiss           .268 147 526  89 141 22  2  2  62 120  73  8  8 12  16  0 14
C.Jones           .263 152 585  80 154 26  5 22  98  71 102  0  0 18   4  2 34
M.Johnson         .200  18  15   2   3  1  0  0   1   3   8  0  0  0   0  0  1
M.Simms           .189  54  53   5  10  2  0  3  11   8  18  2  0  1   0  0  0
D.Justice         .166  90 259  29  43 12  0  5  26  32  55  1  0  5   3  0  1
T.Gregg           .070  35  43   2   3  0  0  0   3   3  15  1  0  1   1  0  0
ALL PITCHERS      .111 152 351  20  39  8  0  3  17  14 122  0 43  3   0  0  7
----------------- ---- --- --- --- --- -- -- -- --- --- --- -- -- -- --- -- --
TEAM TOTALS       .264    5273    1394    37    700    1002    70    123   128
                       152     748    235   144     666     32   107     45


NAME               ERA  W  L   PCT   G GS CG SH SV    IP   H   R  ER HR  BB  SO
R.Veres           0.00  0  0  ----   1  0  0  0  0   1.0   0   0   0  0   0   1
J.Gott            0.00  0  0  ----   1  0  0  0  0   0.1   0   0   0  0   0   1
R.Johnson         1.66 18  7  .720  32 31 10  3  0 238.0 151  60  44 15  77 302
T.Borland         2.70  6  4  .600  42  0  0  0  1  70.0  69  26  21  3  27  43
D.Henry           3.26  5  7  .417  46  0  0  0  5  66.1  51  25  24  9  18  71
J.Burkett         3.49  9 12  .429  32 31  1  0  0 203.2 194  90  79 24  55 141
G.McMichael       3.49  5  4  .556  37  0  0  0  6  56.2  44  26  22  7  16  51
B.Henry           3.63 11  5  .688  25 25  3  1  0 163.2 171  81  66 14  40  93
M.Jackson         4.11  1  1  .500  14  0  0  0  0  15.1  15   7   7  4   7  13
D.Jackson         4.48  4  4  .500  11 11  2  1  0  66.1  65  34  33  6  29  25
M.Mimbs           4.48  2  7  .222  34 10  0  0  1  92.1  84  59  46 14  50  63
W.Vanlandingham   4.68  5 12  .294  25 25  2  0  0 157.2 181  96  82 21  56 105
M.Rojas           4.74  1  5  .167  58  0  0  0 20  74.0  87  43  39  7  26  56
X.Hernandez       4.96  3  3  .500  51  0  0  0  1  78.0  96  47  43 12  35  74
S.Trachsel        5.97  5  6  .455  19 19  0  0  0  92.0 110  65  61 19  43  55
J.Grahe          13.50  0  0  ----   1  0  0  0  0   2.0   3   3   3  1   0   1
S.Parris          ----  0  0  ----   0  0  0  0  0   0.0   0   0   0  0   0   0
ALL NON-PITCHERS  ----  0  0  ----   0  0  0  0  0   0.0   0   0   0  0   0   0
Team                                          3                   -2
----------------- ---- -- -- ----- --- -- -- -- -- ----- --- --- --- -- --- ---
TEAM TOTALS       3.71    77       152    18    34      1321     568    479
                       75     .493    152     8   1377.1     662    156    1095

Primary Player Statistics For 1996 Rivercrypts (SEG) Totals After 152 Games


NAME              BAVG  GM  AB   R   H 2B 3B HR RBI  BB  SO HB SH DP  SB CS  E
T.Hollandsworth   .500   3   4   1   2  0  1  1   3   0   0  0  0  0   0  1  0
H.Rodriguez       .333  10   9   0   3  0  0  0   0   1   4  0  0  0   0  0  0
D.Bell            .330 141 567  77 187 30  3  9  73  41  88 10  0 22  29 12  7
C.Biggio          .318 146 566 107 180 26  2 15  70  80  90 21 16  2  52 22  8
G.Sheffield       .315  80 222  51  70  8  0 19  51  47  42  7  0  4  16  3  5
D.Segui           .304 118 461  52 140 28  0 13  61  35  64  4  9  5   2  9  9
B.Johnson         .303  64 211  15  64 13  0  2  18   8  24  0  0  3   0  0  3
R.Brogna          .302 141 533  74 161 29  2 27 104  47 105  3  1 14   1  1  3
B.Hunter          .291 107 361  55 105 16  8  2  35  25  59  0  1  2  26 14  5
E.Taubensee       .281  72 228  29  64 15  0 14  44  43  55  1  1  4   3  1  9
J.Branson         .273 106 363  56  99 26  0 14  49  40  65  2  0 20   3  1  6
C.Shipley         .258  58 198  19  51  3  1  4  23   7  27  0  0  6   1  1  3
M.Newfield        .250  42  64   6  16  3  1  1   7   6  10  0  0  1   0  0  0
R.Clayton         .241 146 540  55 130 32  3  6  47  41 122  3  2 11  20  8 33
M.Whiten          .233  91 120  11  28  8  0  1   7  14  43  0  0  2   0  1  0
J.Tavarez         .217  29  69   5  15  0  1  0   3   7   9  0  1  0   6  2  0
J.Bagwell         .212  23  66  10  14  3  0  1   4  11  12  2  0  1   2  1  0
K.Stinnett        .198  31  86   7  17  4  0  1   7   6  31  2  0  0   1  0  4
L.Webster         .176  14  51   2   9  2  0  0   2   1  10  0  0  0   0  0  1
K.Young           .167  40 108   9  18  3  0  4   9   6  48  3  0  2   1  1  6
T.Tarasco         .150  18  60   4   9  2  1  0   3   5  10  1  0  1   4  0  0
B.Ashley          .150  22  40   4   6  2  0  1   3   2  25  0  0  1   0  0  1
G.Anderson        .128   8  39   3   5  2  0  2   6   0   8  0  0  0   0  0  1
G.Varsho          ----   1   0   0   0  0  0  0   0   0   0  1  0  0   0  0  0
J.Oquendo         ----   0   0   0   0  0  0  0   0   0   0  0  0  0   0  0  0
ALL PITCHERS      .110 152 335  17  37  4  1  0   8  16 116  0 46  1   0  0 13
----------------- ---- --- --- --- --- -- -- -- --- --- --- -- -- -- --- -- --
TEAM TOTALS       .270    5301    1430    24    637    1067    77    167   117
                       152     669    259   137     489     60   102     78


NAME               ERA  W  L   PCT   G GS CG SH SV    IP   H   R  ER HR  BB  SO
B.Patterson       0.00  0  0  ----  12  0  0  0  0  13.1  11   0   0  0   3   5
G.Maddux          1.59 20  4  .833  34 32 10  2  2 255.0 177  51  45 12  28 205
B.Ruffin          1.61  6  5  .545  35  0  0  0  4  44.2  27   9   8  2  20  33
T.Henke           1.73  3  4  .429  50  0  0  0 30  62.1  40  18  12  5  16  42
R.Martinez        3.31  6  4  .600  13 13  2  1  0  89.2  74  35  33 10  29  41
J.Hamilton        3.64 10  9  .526  35 35  1  1  0 240.0 225 109  97 31  68 132
R.White           3.90  2  4  .333  31  3  0  0  0  55.1  63  29  24  2  18  18
J.Fassero         4.18  4  8  .333  24 24  0  0  0 142.0 144  73  66 15  53 113
T.Worrell         4.20  2  0 1.000  12  0  0  0  8  15.0  17   7   7  1   4  10
K.Tapani          5.07 13 15  .464  37 37  2  1  0 216.2 277 135 122 24  41 140
M.Perez           5.15  9  5  .643  54  0  0  0  1  71.2  98  47  41  8  17  38
M.Gardner         5.32  1  4  .200  32  6  0  0  0  66.0  74  43  39 10  34  49
C.Perez           5.50  0  2  .000  10  1  0  0  0  18.0  22  13  11  5   2  18
S.Valdez          6.24  5  3  .625  41  1  0  0  1  62.0  76  47  43 14  17  36
C.McElroy         6.75  3  1  .750  38  0  0  0  1  41.1  54  33  31  7  21  15
T.Alvarez         ----  0  0  ----   0  0  0  0  0   0.0   0   0   0  0   0   0
ALL NON-PITCHERS  ----  0  0  ----   0  0  0  0  0   0.0   0   0   0  0   0   0
Team                                          5                   +0
----------------- ---- -- -- ----- --- -- -- -- -- ----- --- --- --- -- --- ---
TEAM TOTALS       3.74    68       152    15    47      1379     579    371
                       84     .553    152    10   1393.0     649    146     895

Primary Player Statistics For 1996 Skramalonians (SKR) Totals After 152 Games


NAME              BAVG  GM  AB   R   H 2B 3B HR RBI  BB  SO HB SH DP  SB CS  E
B.Gilkey          .348  13  23   4   8  2  0  3   5   0   3  0  0  0   0  0  1
T.Salmon          .336 149 578 126 194 45  1 40 118  92 112  5  0 11   2  1  5
G.Jefferies       .302 139 559  70 169 31  1 15  97  29  40  0  0 22  10  3 12
A.Belle           .288 147 572  92 165 49  1 36 130  73 102  8  0 19   3  2  5
D.Fletcher        .282 124 433  61 122 32  1 19  51  46  26  0  0 12   0  0  2
C.Carr            .268 102 261  55  70 23  0  1  19  32  35  3  6  4   9  4  0
R.Sanchez         .257 135 490  46 126 24  3  1  25  18  63  0  3 18   6  4  8
C.Ripken Jr.      .252 152 608  87 153 29  3 20  84  42  88  1  1 15   0  0  6
M.Kingery         .251  86 311  55  78 14  2  5  16  38  28  0  1  6   8  3  4
J.King            .242 113 413  48 100 16  3 17  56  42  67  0  0 11   8  3 19
A.Cianfrocco      .234  77 141  13  33  4  0  6  24  11  42  2  0  3   0  0  6
D.May             .233 101 103   8  24  4  0  2   9  12  14  0  0  0   1  0  2
E.Burks           .221  54  86  15  19  3  0  3  14   9  15  2  0  1   0  0  0
T.Laker           .215  59 158  12  34 12  1  1  15  13  47  1  0  5   0  0  2
D.Buford          .182  26  33   9   6  2  0  0   0   5   8  2  0  0   3  0  1
J.Oliva           .160  53 163  13  26  6  0  6  23   8  37  1  0  3   0  0  7
D.Berryhill       .133  16  30   3   4  0  0  3   4   1   6  0  0  2   0  0  3
R.Belliard        .102  33  49   2   5  1  0  0   0   3  18  0  0  1   0  1  0
G.Pena            .000   1   1   0   0  0  0  0   0   0   1  0  0  0   0  0  0
M.Cummings        ----   0   0   0   0  0  0  0   0   0   0  0  0  0   0  0  0
ALL PITCHERS      .109 152 329  17  36  9  0  1   9  16 109  0 34  4   0  0  8
----------------- ---- --- --- --- --- -- -- -- --- --- --- -- -- -- --- -- --
TEAM TOTALS       .257    5341    1372    16    699     861    45     50    91
                       152     736    306   179     490     25   137     21


NAME               ERA  W  L   PCT   G GS CG SH SV    IP   H   R  ER HR  BB  SO
J.Dipoto          2.75  3  3  .500  38  0  0  0  1  59.0  61  24  18  3  15  41
J.Brantley        2.87  2  6  .250  62  0  0  0 33  81.2  60  27  26  9  27  75
T.Jones           3.02 10  6  .625  59  0  0  0  0  92.1  83  34  31  5  29  77
T.Mulholland      3.38  0  1  .000   2  0  0  0  0   2.2   3   1   1  1   0   2
M.Dewey           3.72  2  1  .667  29  0  0  0  1  46.0  47  21  19  1  25  50
M.Morgan          3.75 10  5  .667  25 25  1  0  0 158.1 153  79  66 10  52  62
T.Urbani          4.08  2  9  .182  35 12  0  0  0 106.0 124  48  48 11  20  53
D.Burba           4.09  9  4  .692  22 22  1  0  0 134.1 129  64  61  9  65 111
T.Fossas          4.15  8  4  .667  37  0  0  0  0  47.2  32  23  22  3  21  41
D.Holmes          4.50  0  0  ----   2  0  0  0  0   2.0   3   1   1  0   0   3
B.Williams        4.81  4  2  .667  39  5  1  0  0  91.2 104  53  49  4  41  78
F.Castillo        5.30 12 11  .522  31 31  4  1  0 205.1 239 125 121 33  59 159
M.Portugal        5.56  3 13  .188  25 25  2  0  0 155.1 191 103  96 22  57  74
D.Wells           5.59  8 14  .364  33 32  3  0  0 199.2 226 131 124 26  70 133
ALL NON-PITCHERS  ----  0  0  ----   0  0  0  0  0   0.0   0   0   0  0   0   0
Team                                          1                   +0
----------------- ---- -- -- ----- --- -- -- -- -- ----- --- --- --- -- --- ---
TEAM TOTALS       4.45    79       152    12    35      1455     683    481
                       73     .480    152     2   1382.0     734    137     959

Primary Player Statistics For 1996 Slattery Incarn (SLA) Totals After 152 Games


NAME              BAVG  GM  AB   R   H 2B 3B HR RBI  BB  SO HB SH DP  SB CS  E
T.Marsh           .333  22  18   3   6  2  0  0   2   2   3  0  0  1   1  0  1
J.Patterson       .318  10  22   4   7  0  1  1   3   2   5  3  0  0   0  0  1
M.Grace           .316  87 364  47 115 34  0  9  48  23  38  0  0  5   5  1  2
L.Walker          .305  96 351  69 107 26  7 24  79  38  46 22  0 11  10  6  1
D.Clark           .298  55  57   9  17  1  0  3   6   6  11  0  0  1   1  0  0
D.Gallagher       .291  73 127  20  37 10  0  1  12  10  14  0  0  3   0  0  1
C.Garcia          .276  56 228  37  63 15  3  5  22  11  32  1  0  6   5  3  3
M.Lansing         .274  54 212  24  58 19  0  6  37  10  29  0  0  1   8  0  3
S.Dunston         .273 137 542  51 148 23  5  8  65  16  90  6  7  6  15  7 19
G.Myers           .273  78 275  35  75  9  1  9  33  18  39  2  0  3   1  0  8
S.Finley          .271 146 608  85 165 20  5 11  63  61  88  5  0  3  43 14  5
D.Magadan         .262  56 183  22  48 12  0  0  22  33  43  0  0  5   1  2 13
S.Scarsone        .259  70 205  24  53 10  1  5  23  16  83  7  0  4   2  0  8
R.Mondesi         .254 132 512  72 130 18  6 20  71  38 109 12  0 10  22 12  7
A.Battle          .250  11   8   1   2  0  0  0   1   1   2  1  0  0   1  1  0
T.Zeile           .249 113 366  47  91 26  0 10  44  32  70  3  1 11   1  0 12
M.Grissom         .243  52 218  25  53 10  1  6  25  16  23  1  0  2   8  6  2
H.Morris          .243  76 136  19  33 11  0  5  10  10  28  2  0  3   1  0  0
M.Parent          .216  85 296  36  64  6  0 17  35  31  77  0  0 11   0  0  4
M.Benjamin        .206  68 204  19  42  8  0  5  17   7  41  0  7  3   7  4  4
O.Timmons         .169  39  65   7  11  4  0  2   6   7  17  0  0  0   0  0  1
ALL PITCHERS      .124 152 315  17  39 12  0  0  16  18 104  0 34  3   1  0 13
----------------- ---- --- --- --- --- -- -- -- --- --- --- -- -- -- --- -- --
TEAM TOTALS       .257    5312    1364    30    640     992    49    133   108
                       152     673    276   147     406     65    92     56


NAME               ERA  W  L   PCT   G GS CG SH SV    IP   H   R  ER HR  BB  SO
I.Valdes          2.91  7  9  .438  22 21  4  3  0 148.2 121  52  48 15  45 119
M.Hampton         3.28  8  2  .800  15 15  2  0  0 112.2  99  47  41 15  30  94
P.Schourek        3.33  8  3  .727  14 14  1  0  0  92.0  88  38  34  7  27  86
R.Lewis           4.24  2  2  .500  31  0  0  0  1  46.2  39  27  22 10  13  43
A.Watson          4.32  3 11  .214  49 12  0  0  4 131.1 117  67  63 30  56  51
A.Osuna           4.40  3  3  .500  42  0  0  0  1  61.1  59  36  30  9  30  59
S.Sanders         4.44  5  4  .556  37 10  0  0  1  93.1  93  48  46 14  42  97
P.Harnisch        4.53 10 10  .500  24 23  2  0  0 141.0 145  73  71 13  46  95
S.Boskie          4.55  2  6  .250  11 11  1  1  0  61.1  63  33  31  6  24  34
W.Blair           4.59  7  8  .467  34 21  0  0  2 129.1 133  73  66 12  50  93
J.Parrett         5.12  5  6  .455  59  0  0  0  4  82.2  72  49  47  8  45  80
T.Hoffman         5.37  2  6  .250  53  0  0  0 23  60.1  69  42  36 12  19  55
D.Weathers        5.58  0  4  .000  13  3  0  0  0  30.2  29  25  19  4  22  28
M.Harkey          6.21  1  1  .500  22  0  0  0  0  37.2  48  29  26  7  15  17
G.Swindell        6.35  2 12  .143  36 22  1  1  1 139.0 175 105  98 22  58  86
A.Berumen         ----  0  0  ----   0  0  0  0  0   0.0   0   0   0  0   0   0
J.Brewington      ----  0  0  ----   0  0  0  0  0   0.0   0   0   0  0   0   0
ALL NON-PITCHERS  ----  0  0  ----   0  0  0  0  0   0.0   0   0   0  0   0   0
Team                                          4                   -2
----------------- ---- -- -- ----- --- -- -- -- -- ----- --- --- --- -- --- ---
TEAM TOTALS       4.45    87       152    11    37      1350     676    522
                       65     .428    152     9   1368.0     744    184    1037

Primary Player Statistics For 1996 TayloTunes (TAY) Totals After 152 Games


NAME              BAVG  GM  AB   R   H 2B 3B HR RBI  BB  SO HB SH DP  SB CS  E
B.Johnson         .667   2   3   2   2  0  0  0   1   0   0  0  0  0   0  0  0
D.Daulton         .500   2   2   0   1  0  0  0   0   0   1  0  0  0   0  0  0
M.Williams        .355 108 355  63 126 27  4 29  72  46  65  7  0  9   0  0 12
D.Smith           .308  31  39   7  12  1  3  0   4   5  11  0  0  0   0  1  0
M.Duncan          .303  58 142  15  43 10  1  3  22   7  34  2  0  2   0  1  6
A.Arias           .301  50  83   8  25  0  0  1   6   4  13  0  0  0   0  0  6
K.Lofton          .301 144 595  88 179 27  9 12  70  48  80  0 11  4  59 15  5
P.Plantier        .279  91 204  23  57  7  0  9  36  14  45  4  0  2   1  0  3
J.Girardi         .268 138 488  52 131 16  0 10  50  28  86  6  4 24   5  5  6
K.Abbott          .258 117 442  57 114 16  2 22  57  33 127  9  0  7   5  2 17
D.Segui           .257  27 113  12  29  5  0  3  15  11   7  0  0  1   1  0  0
C.Fonville        .250   3   4   0   1  0  0  0   1   0   3  0  0  0   0  0  0
G.Colbrunn        .250 115 464  57 116 16  1 12  45  19  70  9  0 14   5  2  3
R.Thompson        .244  85 340  32  83 18  0  4  23  27 114  4  0  9   7  0  5
M.Lemke           .218 134 481  47 105  8  8  2  24  48  58  0  6 16   4  1  4
T.Tarasco         .218  72 193  24  42  3  1  6  25  19  44  1  1  0   6  6  2
M.Nieves          .213  85 314  51  67 10  1 26  64  26 110 13  0  7   1  1  2
E.Anthony         .212  60 118  11  25  6  0  2  15   6  35  0  0  1   1  1  0
L.Webster         .211  38  76   5  16  4  0  2   8   6  17  0  0  1   0  0  0
J.Tavarez         .200  24  95   8  19  1  0  2   7   6  12  1  1  1   2  0  0
S.Andrews         .198  83 262  29  52 12  0 10  29  16  82  0  0  9   0  1  6
M.Thompson        .133   7  15   1   2  1  0  0   0   1   3  0  0  0   0  0  0
O.Smith           .084  34  83   7   7  3  1  0   3   8   5  0  0  3   3  0  4
ALL PITCHERS      .192 152 323  26  62 15  1  5  22  11  98  0 54  3   0  0 18
----------------- ---- --- --- --- --- -- -- -- --- --- --- -- -- -- --- -- --
TEAM TOTALS       .251    5234    1316    32    599    1120    77    100    99
                       152     625    206   160     389     56   113     36


NAME               ERA  W  L   PCT   G GS CG SH SV    IP   H   R  ER HR  BB  SO
M.Wohlers         2.30  3  4  .429  59  0  0  0 16  74.1  65  23  19  3  25  97
J.Eischen         2.96  1  2  .333  22  0  0  0  1  24.1  18  16   8  2  21  17
J.Isringhausen    3.20  3  2  .600   6  6  2  1  0  45.0  40  17  16  1  16  32
J.Navarro         3.59 12 12  .500  31 31  7  2  0 218.0 237 103  87 17  55 119
H.Slocumb         3.66  1  9  .100  64  0  0  0 17  86.0  88  36  35  5  48  79
C.Perez           4.13  8  8  .500  23 23  3  0  0 154.2 146  74  71 30  38 124
B.Jones           4.13 11 11  .500  31 31  5  1  0 209.0 225 111  96 23  54 114
R.Beck            4.23  4  2  .667  43  0  0  0  2  55.1  53  30  26  7  19  38
D.Brocail         4.26  3  4  .429  21  3  1  0  1  44.1  50  21  21  7  15  15
S.Frey            4.66  2  5  .286  31  0  0  0  0  36.2  42  21  19  8  21  15
M.Leiter          5.00  6 17  .261  32 32  2  0  0 192.2 224 117 107 26  54 126
C.Hammond         5.92  7 12  .368  26 26  2  1  0 179.1 211 121 118 28  63 133
C.Hook            6.75  0  0  ----   6  0  0  0  0  12.0  10   9   9  1   5  12
D.Hermanson       6.92  0  3  .000  31  0  0  0  0  40.1  47  32  31  9  28  17
C.McElroy         ----  0  0  ----   0  0  0  0  0   0.0   0   0   0  0   0   0
ALL NON-PITCHERS  ----  0  0  ----   0  0  0  0  0   0.0   0   0   0  0   0   0
Team                                          1                   +0
----------------- ---- -- -- ----- --- -- -- -- -- ----- --- --- --- -- --- ---
TEAM TOTALS       4.35    91       152    22    37      1456     663    462
                       61     .401    152     6   1372.0     731    167     938
