Primary Player Statistics For 1997 Avery Tards (AVC) Totals After 152 Games


NAME              BAVG  GM  AB   R   H 2B 3B HR RBI  BB  SO HB SH DP  SB CS  E
G.Colbrunn        .667   3   3   1   2  1  1  0   2   0   1  0  0  0   0  0  0
J.Offerman        .407  23  86  17  35  4  3  2   9  14  11  0  3  0   2  1  1
J.Bagwell         .397  17  63  18  25  5  0  2  13  18   8  0  0  1   8  2  3
R.Amaro           .391  16  23   3   9  3  0  0   6   0   3  1  0  1   0  0  0
S.Livingstone     .352  52 105  15  37  6  0  4  15   8  11  0  0  0   0  0  2
J.Conine          .352  23  88  13  31  7  0  8  24   8  15  1  0  3   0  1  3
R.White           .336  79 217  39  73 18  0  5  23  16  33  1  0  7   8  3  1
D.Justice         .324  48 108  20  35  6  0  4   9  13  23  0  0  3   2  0  0
D.Magadan         .295  28  95  18  28  7  1  2  13  15  15  0  0  1   0  0  2
Q.McCracken       .294  86 255  42  75 10  8  1  18  17  64  3  7  4  22  4  7
S.Servais         .282  62 213  23  60 11  0  8  34  12  39  9  0  7   0  0  3
G.Gagne           .277  56 202  27  56  4  1 10  31  18  43  0  0  7   0  1 11
T.Howard          .277  65 188  28  52  7  3  7  35  15  31  0  0  3   9  2  2
N.Liriano         .274  28  73   8  20  3  1  1  11   3  10  0  0  1   1  1  4
M.Lieberthal      .268  55 183  23  49 14  0  9  27  15  49  1  0  1   0  0  3
A.Cianfrocco      .267  58 150  15  40 12  0  2  12   5  49  1  0  6   0  0  5
T.Phillips        .264  29 106  13  28  8  0  1   8  22  30  0  0  1   4  2  1
F.Santangelo      .259 104 328  38  85 11  2  3  32  43  47 10 10  6   2  2  4
W.Greene          .251 101 303  42  76  9  5 17  46  23  99  0  0  3   0  0 13
K.Mitchell        .250  28  48   6  12  4  0  0   6   9   8  1  0  2   0  0  0
M.Morandini       .248 129 476  40 118 20  5  3  29  42  90  2  1 15  17  2 14
L.Walker          .242  79 306  38  74 24  5 10  52  19  74 17  1  9  11 11  0
F.McGriff         .240  60 233  36  56 13  1 11  31  25  50  1  0  7   2  1  5
R.Gant            .240  30  96  16  23  4  0 10  20  13  20  0  0  2   1  1  0
D.White           .239  24  88   8  21  4  0  2  11   4  15  2  1  3   9  0  0
O.Merced          .235  22  85  11  20  1  1  3  16  14  13  0  0  3   2  0  0
D.Bell            .230  58 161  21  37  6  0  4  18   9  42  4  0  3   8  2  3
C.Johnson         .220  30  91  14  20  7  0  3  12  11  11  0  0  3   0  1  1
C.Gomez           .220  68 123   8  27  5  0  2  11   7  35  3  1  4   0  0  2
W.Weiss           .218  61 220  25  48  8  2  2  11  33  27  4  9  4   2  2 15
V.Castilla        .217  26 106  18  23  4  0  6  15   5  17  1  0  2   2  0  3
R.Klesko          .167  14  48   3   8  0  0  0   4   7  13  0  0  2   0  0  0
G.Zaun            .153  18  59   4   9  2  0  2   9   7  11  0  0  1   0  1  1
D.Doster          .000   1   1   0   0  0  0  0   0   0   0  0  0  0   0  0  0
M.Mordecai        ----   1   0   0   0  0  0  0   0   0   0  0  0  0   0  0  0
C.Everett         ----   1   0   0   0  0  0  0   0   0   0  0  0  0   0  0  0
ALL PITCHERS      .140 152 321  23  45  6  2  2  12   9  84  0 36  4   0  0 11
----------------- ---- --- --- --- --- -- -- -- --- --- --- -- -- -- --- -- --
TEAM TOTALS       .258    5251    1357    41    625    1091    69    112   120
                       152     674    254   146     479     62   119     40


NAME               ERA  W  L   PCT   G GS CG SH SV    IP   H   R  ER HR  BB  SO
M.Holtz           1.65  0  0  ----  11  0  0  0  0  16.1   7   5   3  0   8  20
C.Finley          2.70  5  3  .625   9  9  3  1  0  66.2  74  24  20  6  27  54
P.Martinez        3.76  2  4  .333   7  7  2  0  0  52.2  46  24  22  7  21  64
M.Wohlers         3.76  4  2  .667  41  0  0  0 16  55.0  52  25  23  8   8  73
T.Adams           4.31  2  1  .667  19  0  0  0  0  31.1  35  15  15  3  15  21
L.Benes           4.33  6  7  .462  23 23  3  0  0 145.1 142  76  70 14  58  91
F.Valenzuela      4.97  0  2  .000   2  2  0  0  0  12.2  14   7   7  2   5   6
K.Rueter          5.09  8  7  .533  22 13  2  1  0  92.0 121  58  52 10  28  38
J.Isringhausen    5.24 10 14  .417  34 27  3  0  0 178.2 214 114 104 20  97 111
R.Helling         5.40  1  4  .200  15  7  0  0  0  53.1  55  33  32  8  19  45
R.Bailey          5.42  1  1  .500  31  6  0  0  1  76.1  91  55  46  3  47  40
T.Borland         5.54  0  0  ----  11  0  0  0  0  13.0  15   9   8  0   8   6
W.Blair           5.91  5  4  .556  76  0  0  0  8 112.2 130  75  74 20  39  70
M.Mimbs           6.06  3  4  .429  30  4  0  0  2  65.1  79  47  44  8  29  29
B.Jones           6.24  5 12  .294  23 22  0  0  0 127.0 173  90  88 18  38  85
P.Wilson          6.64  4 19  .174  34 29  0  0  0 146.1 185 117 108 23  70  99
W.Vanlandingham   6.75  1  1  .500   3  3  0  0  0  16.0  15  12  12  5   9  12
M.Guthrie         6.75  0  3  .000  13  0  0  0  0  16.0  18  13  12  1   5  12
T.Scott           7.23  4  3  .571  48  0  0  0  2  74.2  86  60  60 10  32  51
D.Veres           9.00  0  0  ----   2  0  0  0  0   4.0   8   4   4  1   0   3
ALL NON-PITCHERS  ----  0  0  ----   0  0  0  0  0   0.0   0   0   0  0   0   0
Team                                          4                   +0
----------------- ---- -- -- ----- --- -- -- -- -- ----- --- --- --- -- --- ---
TEAM TOTALS       5.34    91       152    13    29      1560     804    563
                       61     .401    152     6   1355.1     863    167     930

Primary Player Statistics For 1997 Co Operators (COO) Totals After 152 Games


NAME              BAVG  GM  AB   R   H 2B 3B HR RBI  BB  SO HB SH DP  SB CS  E
C.Jones           .334 145 545 106 182 22  7 30 100  94  77  0  0 18  12  5 19
J.Mabry           .324 143 581  80 188 31  5 21 100  36  87  0  2 13   5  3  1
K.Mitchell        .316  26  38   6  12  3  0  3  11   9   8  0  0  2   0  0  0
D.Erstad          .306  36 121  15  37  4  0  2  11  13  20  0  0  3   7  3  0
M.Sweeney         .287  79 108  17  31  6  0  2  24  16  17  2  1  1   2  1  3
E.Alfonzo         .286   5   7   1   2  0  0  0   1   0   0  0  0  1   0  0  0
R.Velarde         .278 138 514  85 143 25  2 14  62  73 123  6  4  3   8  4 10
D.Segui           .277 117 433  63 120 33  3 14  56  48  59  0  0 11   4  2  6
R.Sanders         .270  87 233  47  63 13  2 14  39  34  75  5  0  7  21 10  0
B.Gilkey          .270  50 185  32  50 10  0 15  44  24  37  2  0  6   9  1  3
L.Castillo        .267  80  90  18  24  3  1  0   3   8  25  0  0  0  14  3  3
R.Clayton         .263 152 578  65 152 24  5  8  60  43 121  0 17 16  35 10 23
R.Mondesi         .263  40 160  26  42  6  3  7  21   6  35  2  0  2   7  1  4
S.Servais         .252  47 159  22  40 10  0  6  25  11  33  7  0  8   0  0  6
G.Anderson        .251  77 295  23  74 11  0  7  34  13  35  0  1  5   5  9  1
E.Perez           .245  61 102   3  25  5  1  1  15   1  14  1  0  2   0  0  2
E.Davis           .226  76 274  45  62 11  0 17  38  43  81  4  0  8  10  6  1
S.Obando          .222  44  36   4   8  1  0  2   5   6  12  0  0  1   0  0  0
O.Merced          .200  15  15   3   3  1  0  0   1   1   4  0  0  0   0  0  0
K.Osik            .197  41  71   5  14  4  1  0   6   6  15  1  0  2   0  0  3
R.Wilkins         .171  94 286  27  49 12  1  6  21  43  91  0  0  1   0  0  4
D.Deshields       .133  25  15  11   2  0  0  0   0   1   3  0  0  2  13  1  2
M.Busch           .000   1   1   0   0  0  0  0   0   0   0  0  0  0   0  0  0
C.Mottola         ----   1   0   0   0  0  0  0   0   0   0  0  0  0   0  0  0
A.Cedeno          ----   0   0   0   0  0  0  0   0   0   0  0  0  0   0  0  0
W.Magee           ----   0   0   0   0  0  0  0   0   0   0  0  0  0   0  0  0
A.Belle           ----   0   0   0   0  0  0  0   0   0   0  0  0  0   0  0  0
ALL PITCHERS      .144 152 341  22  49 12  0  1  13   7  84  0 49  3   0  0  8
----------------- ---- --- --- --- --- -- -- -- --- --- --- -- -- -- --- -- --
TEAM TOTALS       .264    5188    1372    31    690    1056    74    152    99
                       152     726    247   170     536     30   115     59


NAME               ERA  W  L   PCT   G GS CG SH SV    IP   H   R  ER HR  BB  SO
T.Worrell         2.54  2  2  .500  27  0  0  0  5  49.2  42  16  14  7  16  41
J.Smoltz          2.71 21  7  .750  37 35 12  4  0 276.0 227  85  83 25  58 295
R.Nen             3.43  7  6  .538  72  0  0  0 22  84.0  76  33  32  7  22  84
T.Fossas          3.72  1  1  .500  39  0  0  0  0  46.0  44  19  19  2  20  33
J.Fassero         3.81 12  8  .600  25 25  7  3  0 175.0 150  84  74 19  55 153
C.Finley          4.11  5  3  .625  12 12  0  0  0  81.0  85  42  37 10  33  91
D.Veras           4.20  0  2  .000  21  0  0  0  1  30.0  29  14  14  4   7  21
J.Smiley          4.34  9  9  .500  24 24  3  1  0 151.1 150  86  73 16  48 109
J.Poole           4.76  4  2  .667  31  0  0  0  2  39.2  35  22  21  5  17  27
P.Rapp            5.37  5  5  .500  13 13  0  0  0  70.1  70  43  42  5  40  40
A.Osuna           5.38  5  2  .714  48  0  0  0  3  72.0  84  44  43 16  15  76
D.Wall            5.85  5 11  .313  28 24  0  0  0 130.2 171  91  85 21  35  85
D.Kile            6.12  4  3  .571  12 12  0  0  0  64.2  74  46  44  6  29  63
J.Dipoto          7.08  1  3  .250  32  0  0  0  0  48.1  72  43  38  7  35  27
A.Reynoso         7.64  0  7  .000   7  7  0  0  0  35.1  53  30  30  9  11  13
ALL NON-PITCHERS  ----  0  0  ----   0  0  0  0  0   0.0   0   0   0  0   0   0
Team                                          4                   +0
----------------- ---- -- -- ----- --- -- -- -- -- ----- --- --- --- -- --- ---
TEAM TOTALS       4.31    71       152    22    33      1362     649    441
                       81     .533    152    12   1354.0     698    159    1158

Primary Player Statistics For 1997 Dave's Duxz (AVD) Totals After 152 Games


NAME              BAVG  GM  AB   R   H 2B 3B HR RBI  BB  SO HB SH DP  SB CS  E
W.McGee           .317  97 246  25  78 10  1  4  39  15  42  1  0  2   2  1  6
B.Gilkey          .316  93 364  65 115 31  4 18  66  48  78  2  0 12  17  6  7
J.Offerman        .314 126 519  79 163 25  9  3  26  55 101  0  4  5  27 12  8
J.Flaherty        .301  94 336  40 101 16  0 12  39  16  44  5  2  8   1  4  6
D.Erstad          .292  18  24   2   7  1  0  1   2   0   2  0  0  1   0  0  0
M.Morandini       .284  23  88  12  25  4  2  0   4  13  13  1  3  1   4  2  3
J.Vizcaino        .261 141 518  41 135 14  9  0  35  34  90  3  3 13  15  4 13
G.Gaetti          .260 127 492  63 128 23  2 21  51  30 100  9  2 14   1  3  7
J.Conine          .259  81 294  46  76 14  0 18  49  43  63  3  0  5   1  1  7
G.Vaughn          .255 121 412  63 105 16  1 31  88  73 113  5  0  9  13  1  6
J.Allensworth     .248  86 129  22  32  7  1  3  14  21  30  4  1  0  15  4  4
A.Martin          .244 142 549  82 134 29  2 15  71  54  89  4  1 16  48 12  4
S.Bullett         .238  33  21   5   5  3  0  0   3   2   8  0  0  0   4  1  0
E.Taubensee       .228  84 259  29  59 11  2 14  49  27  57  0  0  5   0  2  7
D.Deshields       .217  39 138  13  30  6  6  0  12   7  32  0  0  2   6  6  4
J.Blauser         .217  63  60   7  13  3  0  1   9  12  13  2  0  2   3  0  1
J.Cruz            .195  68  77  10  15  2  0  5  10   7  34  3  0  0   0  0  0
M.Benjamin        .182   8  22   0   4  0  0  0   3   2   5  0  0  1   1  0  1
J.Castro          .182  53 143   8  26  6  2  0  11  10  35  0  2  4   0  0  5
J.Bagwell         .174  23  86   8  15  3  0  2   8  16  21  1  0  1   2  1  1
O.Palmeiro        .162  89  99   7  16  5  0  0   4   3  23  2  0  1   0  0  0
M.Kingery         .100   5  10   1   1  0  0  0   0   0   2  0  0  0   0  0  0
A.Stankiewicz     ----   0   0   0   0  0  0  0   0   0   0  0  0  0   0  0  0
ALL PITCHERS      .122 152 319  14  39 11  0  0  18   5  77  0 46  3   0  0 10
----------------- ---- --- --- --- --- -- -- -- --- --- --- -- -- -- --- -- --
TEAM TOTALS       .254    5205    1322    41    611    1072    64    160   100
                       152     642    240   148     493     45   105     60


NAME               ERA  W  L   PCT   G GS CG SH SV    IP   H   R  ER HR  BB  SO
T.Worrell         3.46  5  2  .714  14 12  0  0  0  78.0  73  36  30  7  29  64
J.Franco          3.67  3  3  .500  53  0  0  0 19  61.1  71  26  25  2  27  49
M.Bielecki        3.84  0  2  .000  48  3  0  0  2  84.1  76  38  36 10  36  89
A.Ashby           3.91  7  9  .438  25 23  3  1  0 156.1 159  72  68 20  45  77
P.Harnisch        4.70  6 11  .353  25 21  2  0  1 132.0 140  79  69 19  47  78
T.Jones           4.71  2  1  .667  19  0  0  0  1  28.2  22  15  15  1  12  15
M.Hampton         4.84  8 13  .381  28 25  2  0  0 163.2 192  95  88 13  58 108
D.Drabek          5.07  6 12  .333  28 28  1  0  0 152.2 183  95  86 21  43 108
D.Mlicki          5.38  6  5  .545  64  1  0  0  1 102.0 123  69  61 17  38 110
T.Wendell         5.57  4  6  .400  43  0  0  0 15  64.2  60  40  40 15  40  57
D.Henry           5.63  1  0 1.000  12  0  0  0  1  16.0  21  10  10  1   4  15
M.Gardner         5.79 10  9  .526  29 29  0  0  0 157.0 201 111 101 25  57 131
Y.Perez           6.00  0  0  ----   2  0  0  0  0   3.0   4   2   2  0   1   2
A.Reynoso         6.28  0  4  .000   7  7  0  0  0  38.2  45  30  27  7  12  18
C.Park            6.43  4 13  .235  69  3  0  0  1 120.1 102  88  86 21  95 131
ALL NON-PITCHERS  ----  0  0  ----   0  0  0  0  0   0.0   0   0   0  0   0   0
Team                                          3                   +0
----------------- ---- -- -- ----- --- -- -- -- -- ----- --- --- --- -- --- ---
TEAM TOTALS       4.93    90       152     8    41      1472     744    544
                       62     .408    152     4   1358.2     806    179    1052

Primary Player Statistics For 1997 Dou's Crew (DOU) Totals After 153 Games


NAME              BAVG  GM  AB   R   H 2B 3B HR RBI  BB  SO HB SH DP  SB CS  E
K.Mitchell        .432  40  44  14  19  1  0  4   8   8   6  0  0  1   0  0  1
J.Bagwell         .319 111 429 106 137 35  4 26  76  68  81  4  0  5   7  0 13
M.Williams        .306 114 405  56 124 16  1 30  69  40 100 10  0  5   1  0 19
D.Bichette        .302 147 566  91 171 35  3 33 114  51 108 10  0 17  28 13  6
M.Duncan          .294 121 514  72 151 38  2  6  44  22 112  0  1 11   4  1 12
Q.McCracken       .290  28  31   4   9  2  1  0   2   2  13  0  1  1   1  0  0
J.Owens           .286  24  21   1   6  1  0  1   1   2  12  0  0  0   0  0  0
R.Mondesi         .282 101 408  53 115 26  1 16  73  21  84  0  0  4  11  4 10
A.Belle           .281  51 192  36  54 10  1 13  38  24  25  2  0  6   1  1  4
J.Girardi         .272 130 475  50 129 20  4  2  49  42  72  8 27 10  20  6  6
F.McGriff         .270  42 152  18  41 11  0  3  21  18  31  0  0  5   1  0  0
L.Harris          .269 106 260  24  70 17  4  3  35  19  34  2  0  4  15  3 10
R.Ordonez         .260 147 512  45 133 12  2  1  48  17  52  0  2 13   2  3 27
L.Alicea          .250   3   4   1   1  0  0  0   0   4   1  0  0  0   1  0  1
O.Merced          .249  54 181  17  45  7  0  6  25  23  31  0  0  8   5  3  1
E.Davis           .248  34 121  22  30  4  0  4   8  22  27  3  0  2  15  0  2
L.Gonzalez        .244  93 127  17  31  8  1  2  13  19  16  1  0  4   1  2  0
T.Lampkin         .244  49 119  23  29  5  1  5  12  14  20  3  0  3   0  0  3
R.Aurilia         .237  57 135   9  32  4  0  1  12   5  30  1  0  2   1  0  1
D.Bell            .217  23  60   7  13  3  0  3   9   4  16  1  0  1   2  1  0
C.Curtis          .201  95 159  22  32  6  0  0   4  19  29  1  1  7   6  7  3
L.Polonia         .143  29  21   6   3  0  0  0   0   1   0  0  0  4   3  2  0
G.Zaun            ----   0   0   0   0  0  0  0   0   0   0  0  0  0   0  0  0
R.Petagine        ----   0   0   0   0  0  0  0   0   0   0  0  0  0   0  0  0
S.Scarsone        ----   0   0   0   0  0  0  0   0   0   0  0  0  0   0  0  0
ALL PITCHERS      .120 153 332  21  40  7  1  2  15  15 101  0 45  3   0  0 18
----------------- ---- --- --- --- --- -- -- -- --- --- --- -- -- -- --- -- --
TEAM TOTALS       .269    5268    1415    26    676    1001    77    125   137
                       153     715    268   161     460     46   116     46


NAME               ERA  W  L   PCT   G GS CG SH SV    IP   H   R  ER HR  BB  SO
D.Bochtler        3.00  0  2  .000  26  0  0  0  5  36.0  27  13  12  1  25  30
J.Fassero         3.36  6  3  .667  12 12  3  1  0  91.0  84  37  34  7  11  96
S.Avery           3.42  9  5  .643  25 25  0  0  0 131.2 123  58  50 15  41  77
M.Petkovsek       3.66  7  5  .583  51  4  0  0  0  91.0 102  46  37 10  31  42
J.Navarro         3.99 16  9  .640  35 35  4  0  0 239.1 249 112 106 28  60 142
T.Stottlemyre     4.26 13 14  .481  35 35  6  1  0 249.1 231 134 118 44 105 216
T.Borland         4.41  3  3  .500  31  0  0  0  0  51.0  51  26  25  6  17  31
R.Beck            4.50  6  3  .667  64  0  0  0 32  76.0  77  40  38 15  12  56
S.Bergman         4.64  7 13  .350  48  9  0  0  2 110.2 114  63  57 14  40  72
S.Radinsky        4.66  2  7  .222  46  0  0  0  2  46.1  50  27  24  4  19  42
D.Kile            4.88  8  7  .533  24 24  1  0  0 153.0 177  91  83 14  78 150
M.Williams        5.29  1  3  .250  23  9  0  0  0  63.0  75  48  37 12  25  33
R.Bailey          5.75  1  0 1.000  13  0  0  0  1  20.1  26  14  13  2  12   8
R.Myers          13.50  0  0  ----   5  0  0  0  0   4.2   7   7   7  0   7   2
ALL NON-PITCHERS  ----  0  0  ----   0  0  0  0  0   0.0   0   0   0  0   0   0
Team                                          2                   -2
----------------- ---- -- -- ----- --- -- -- -- -- ----- --- --- --- -- --- ---
TEAM TOTALS       4.22    74       153    14    42      1393     639    483
                       79     .516    153     4   1363.1     716    172     997

Primary Player Statistics For 1997 Evenson Odd Dau (EVE) Totals After 152 Games


NAME              BAVG  GM  AB   R   H 2B 3B HR RBI  BB  SO HB SH DP  SB CS  E
J.Eisenreich      .352  93 330  52 116 23  3  1  29  26  35  0  0  7   9  0  8
F.Thomas          .342 151 564 119 193 25  1 42 126 116  91  3  0 20   1  0  9
B.Mueller         .313  99 217  24  68 19  0  0  26  25  32  0  1  5   0  0  5
J.Oliver          .307  55 101  17  31  2  1  7  23   7  22  1  0  2   1  0  0
M.Grudzielanek    .305 151 607  69 185 25  7  2  72  11  87  9  0 16  20  6 24
K.Jordan          .296  44  54   8  16  5  0  1   6   2   7  0  0  1   0  1  1
A.Jones           .290  36 107  17  31  8  1  9  21  19  24  0  0  4   1  0  1
C.Davis           .283 111 145  20  41  8  0  9  25  21  33  0  0  3   0  1  2
J.Mouton          .282  91 284  41  80 10  0  5  34  28  53  0  2 13   7  3  4
C.Biggio          .282 152 611 104 172 31  4 11  65  72  93 22 17 15  26  6 11
R.Lankford        .274 135 475  90 130 30  6 21  85  72 105  0  0 18  13  4  0
T.Hollandsworth   .251 147 589  75 148 16  4 19  85  41 131  2  0  8  22  2  8
T.Pagnozzi        .235 137 507  55 119 23  0 17  62  36 120  3  0 13   3  0  5
C.Goodwin         .200  37  40  17   8  0  0  0   1   0  11  0  0  0   4  0  0
S.Andrews         .199 105 366  48  73  6  0 26  62  32 128  2  0  4   5  0 15
R.Sanchez         .120  36  25   2   3  0  0  0   0   4   5  0  0  0   1  0  0
K.Sefcik          ----   0   0   0   0  0  0  0   0   0   0  0  0  0   0  0  0
K.Jones           ----   0   0   0   0  0  0  0   0   0   0  0  0  0   0  0  0
ALL PITCHERS      .117 152 343  21  40  8  0  0  12  13  83  0 31  2   0  0  9
----------------- ---- --- --- --- --- -- -- -- --- --- --- -- -- -- --- -- --
TEAM TOTALS       .271    5365    1454    27    734    1060    51    113   102
                       152     779    239   170     525     42   131     23


NAME               ERA  W  L   PCT   G GS CG SH SV    IP   H   R  ER HR  BB  SO
M.Campbell        3.02  1  3  .250  27  0  0  0  0  41.2  27  15  14  7  11  17
T.Mathews         3.41  7  5  .583  66  0  0  0 32  95.0  78  39  36  9  43  73
G.McMichael       3.42  6  6  .500  71  0  0  0  4 102.2 104  43  39  6  32  91
D.Neagle          3.57  6  8  .429  30 30  4  2  0 194.1 196  85  77 23  54 128
M.Clark           3.77 16  7  .696  31 30  0  0  0 176.2 189  83  74 22  38 123
O.Daal            3.86  6  3  .667  31 11  0  0  0  86.1  82  39  37 18  32  65
D.Plesac          3.94  4  4  .500  68  0  0  0  3 109.2 118  50  48  6  36  95
P.Borbon          4.41  4  3  .571  31  0  0  0  2  32.2  34  16  16  2  12  28
P.Astacio         4.48 13  7  .650  33 30  3  2  0 180.2 200  95  90 31  40 103
A.Watson          4.63  8  9  .471  22 22  1  0  0 118.2 108  69  61 14  45  78
C.Peters          4.69  3  2  .600  11  9  0  0  0  48.0  53  27  25  3  22  26
M.Langston        5.00  5  8  .385  19 19  1  0  0 122.1 123  71  68 25  41  85
X.Hernandez       5.98  3  4  .429  55  0  0  0  3  64.2  71  48  43 12  25  70
E.Loaiza          8.31  0  1  .000   1  1  0  0  0   4.1   4   5   4  1   5   2
ALL NON-PITCHERS  ----  0  0  ----   0  0  0  0  0   0.0   0   0   0  0   0   0
Team                                          6                   +0
----------------- ---- -- -- ----- --- -- -- -- -- ----- --- --- --- -- --- ---
TEAM TOTALS       4.13    70       152     9    44      1387     632    436
                       82     .539    152    10   1377.2     685    179     984

Primary Player Statistics For 1997 Fielders Choice (FIE) Totals After 152 Games


NAME              BAVG  GM  AB   R   H 2B 3B HR RBI  BB  SO HB SH DP  SB CS  E
M.Piazza          .394 143 568 129 224 17  1 52 140  71  96  0  0 19   0  0 19
C.Shipley         .362  99  94  19  34  8  0  2  12   5  18  2  0  1   0  1  0
J.Wehner          .360   8  25   8   9  5  0  0   2   7   4  0  2  0   0  1  0
O.Merced          .329  18  76  11  25  4  1  2   6   9  15  0  0  4   0  0  0
A.Galarraga       .326 152 631 129 206 47  1 58 170  37 157  9  0  9  10  3 11
R.Klesko          .312 126 506  97 158 18  4 35 103  62 125  4  0 18   0  2  7
G.Hill            .310 120 432  56 134 38  1 20  70  42 122  8  0  6   7  6  5
T.Pendleton       .291  70 220  38  64  8  1 11  29  15  41  0  0  4   2  0  7
J.Cangelosi       .290  88 107  23  31  2  2  0   7  19  21  1  0  3   7  1  0
T.Houston         .286  52  70   6  20  7  0  1   6   5  15  0  0  1   1  0  2
O.Miller          .285 110 460  71 131 39  3  8  44  13 107 19  0 14   5  4  9
D.Glanville       .282  74  78  15  22  6  1  0   7   8   7  0  2  1   1  0  2
B.McRae           .276 152 663 112 183 30  2 23  71  68  94 11  2  8  27 10  4
S.Dunston         .241  77 137   7  33  7  0  1  21   8  24  1  0  4   2  2  9
K.Stocker         .239 121 436  35 104 29  4  7  54  35 110 11  1  7   4  0 11
M.Lemke           .235 144 510  59 120 16  1  6  47  61  56  0  1  6   0  5 11
B.Hunter          .234  66  77   7  18  2  2  0   7   1  17  0  0  2   5  3  1
E.Owens           .190  26  21  12   4  1  0  0   0   4   4  1  0  2   3  1  1
J.Bates           .167   3   6   0   1  0  0  0   0   1   1  0  0  1   0  0  1
G.Arias           ----   0   0   0   0  0  0  0   0   0   0  0  0  0   0  0  0
ALL PITCHERS      .153 152 327  23  50  6  0  2  21  17  83  0 45  1   0  0  9
----------------- ---- --- --- --- --- -- -- -- --- --- --- -- -- -- --- -- --
TEAM TOTALS       .289    5444    1571    24    817    1117    53     74   109
                       152     857    290   228     488     67   111     39


NAME               ERA  W  L   PCT   G GS CG SH SV    IP   H   R  ER HR  BB  SO
B.Wagner          3.42  4  8  .333  61  0  0  0 31  71.0  44  29  27  8  53  73
D.Worrell         3.45  1  5  .167  52  0  0  0  1  62.2  78  26  24  3  16  57
D.Darwin          3.75 12  7  .632  26 25  3  0  0 170.1 169  76  71 27  32 105
M.James           4.20  6  5  .545  66  0  0  0  3  96.1  76  47  45 13  51  71
J.Shaw            4.24  6  1  .857  80  0  0  0  2 108.1 132  56  51  8  34  66
W.Vanlandingham   4.58 10  6  .625  25 25  1  0  0 147.1 147  85  75 19  68  78
B.Patterson       4.99  3  2  .600  47  0  0  0  2  52.1  65  29  29 11  14  57
A.Benes           5.02 13 13  .500  31 31  4  1  0 200.2 227 121 112 33  71 116
Z.Smith           5.67  5  5  .500  13  9  0  0  0  54.0  73  36  34  9   8  31
T.Candiotti       6.13  6  7  .462  29 29  1  0  0 155.2 206 116 106 30  57  69
L.Smith           6.25  5  2  .714  45  0  0  0  2  59.0  74  41  41 10  33  49
K.Ritz            6.44  7 10  .412  31 30  1  0  1 166.1 204 124 119 25  85  79
F.Valenzuela      9.98  0  2  .000   3  3  0  0  0  15.1  25  19  17  5   8  11
M.Thompson       18.90  0  1  .000   3  0  0  0  0   3.1   9   7   7  2   4   5
T.Worrell         ----  0  0  ----   0  0  0  0  0   0.0   0   0   0  0   0   0
P.Wagner          ----  0  0  ----   0  0  0  0  0   0.0   0   0   0  0   0   0
ALL NON-PITCHERS  ----  0  0  ----   0  0  0  0  0   0.0   0   0   0  0   0   0
Team                                          3                   -5
----------------- ---- -- -- ----- --- -- -- -- -- ----- --- --- --- -- --- ---
TEAM TOTALS       4.97    74       152    10    42      1529     753    534
                       78     .513    152     4   1362.2     812    203     867

Primary Player Statistics For 1997 Hocking Kongs (HOC) Totals After 152 Games


NAME              BAVG  GM  AB   R   H 2B 3B HR RBI  BB  SO HB SH DP  SB CS  E
M.Benard          .400  46  65  25  26  5  1  2   7  14   9  1  1  2   8  3  1
B.Bonds           .360 149 503 139 181 29  3 45 123 138  65  0  0 10  31 15  5
T.Gwynn           .333  87 375  62 125 26  0  0  25  26  30  0  0  6   6  1  2
J.Orsulak         .333   6  24   4   8  1  0  0   2   1   2  0  0  1   0  0  1
E.Young           .330  53 212  36  70  8  1  0  22  13  13  6  3  5  21  8  4
J.Conine          .329  45 155  31  51 12  0  7  28  14  31  0  0  4   0  0  4
B.Jordan          .328 140 582 106 191 45  3 18  99  28 103  6  0 15  17  8  1
J.Edmonds         .314  21  51  12  16  2  0  4  10   5   8  1  0  0   0  0  0
C.Garcia          .309  98 385  66 119 18  5  8  44  18  58  1  5  9  17  4  7
D.Fletcher        .302 118 407  60 123 22  0 18  69  22  40  5  0 15   0  0  8
S.Berry           .297 121 407  66 121 39  1 17  74  35  69  4  0 16  16  7 21
J.Hernandez       .280  95 214  29  60  9  0  9  38  15  64  3  2  5   2  1  2
E.Karros          .276 137 518  75 143 26  1 34 120  38  96  0  0 23   3  0 12
J.Snow            .272  69 103  16  28  8  1  1   8   9  18  1  0  2   0  1  1
J.Bell            .245 152 551  51 135 18  4  8  53  48 116  2 13  9   3  3 13
D.Sheaffer        .235  15  17   1   4  1  0  0   1   1   2  0  0  1   2  0  1
S.Javier          .228  58 114  15  26 10  1  0   9   7  21  2  1  4   5  1  1
A.Arias           .194  41  67   7  13  6  2  0  10   6   6  2  0  0   0  0  2
L.Webster         .148  84 149  12  22  6  0  2  18   9  27  0  0  7   0  0  2
R.Thompson        .133  37  30   5   4  2  0  1   3   2  15  1  0  0   1  0  0
J.Canizaro        ----   0   0   0   0  0  0  0   0   0   0  0  0  0   0  0  0
ALL PITCHERS      .133 152 339  18  45  7  0  4  19  16  86  0 41  5   1  0  8
----------------- ---- --- --- --- --- -- -- -- --- --- --- -- -- -- --- -- --
TEAM TOTALS       .287    5268    1511    23    782     879    66    133    96
                       152     836    300   178     465     35   139     52


NAME               ERA  W  L   PCT   G GS CG SH SV    IP   H   R  ER HR  BB  SO
R.Springer        0.00  0  0  ----   3  0  0  0  0   4.2   0   0   0  0   0   2
D.Jackson         1.73  1  0 1.000  18  1  0  0  0  41.2  21  11   8  1  21  32
S.Sanders         1.98 12  2  .857  22 22  4  3  0 154.2 111  37  34 12  43 159
M.Dewey           2.77  0  0  ----   7  0  0  0  0  13.0   5   5   4  1   4   3
R.Martinez        2.86  7  3  .700  10 10  0  0  0  66.0  53  22  21  4  32  57
M.Dyer            2.88  4  6  .400  44  0  0  0  0  59.1  60  21  19  5  18  40
T.Percival        3.39  1  5  .167  64  0  0  0 35  85.0  49  34  32 11  28 122
J.Bautista        3.52  6  1  .857  46  0  0  0  5  71.2  43  28  28 10  23  18
T.Glavine         3.89  5  4  .556  11 11  1  0  0  76.1  79  34  33  7  34  71
R.Person          3.92  5  4  .556  45  5  0  0  1  96.1  83  44  42 16  32  66
D.Osborne         4.03 16  7  .696  31 30  7  2  1 203.1 207  99  91 27  58 133
F.Castillo        4.76 12  6  .667  28 28  0  0  0 145.2 183  82  77 23  32 110
T.Wendell         4.83  2  4  .333  19  0  0  0  2  31.2  25  17  17  5  27  31
J.Hamilton        5.08  7  7  .500  20 20  2  1  0 127.2 137  81  72 11  56 116
M.Morgan          5.16 10  5  .667  25 25  0  0  0 139.2 140  82  80 21  62  51
T.Jones           6.38  5  5  .500  36  0  0  0  1  42.1  58  31  30  7  17  30
J.Grimsley        ----  0  0  ----   0  0  0  0  0   0.0   0   0   0  0   0   0
ALL NON-PITCHERS  ----  0  0  ----   0  0  0  0  0   0.0   0   0   0  0   0   0
Team                                          7                   -1
----------------- ---- -- -- ----- --- -- -- -- -- ----- --- --- --- -- --- ---
TEAM TOTALS       3.89    59       152    14    45      1254     587    487
                       93     .612    152    13   1359.0     628    161    1041

Primary Player Statistics For 1997 Morgen Grinders (MOR) Totals After 152 Games


NAME              BAVG  GM  AB   R   H 2B 3B HR RBI  BB  SO HB SH DP  SB CS  E
B.Butler          .371  19  35  10  13  2  0  0   0   2   4  0  0  1   6  2  0
R.White           .355  22  62   8  22  3  0  1   6   5  10  1  0  1   4  3  0
C.Baerga          .329  26  85  14  28  4  0  4  21   1   6  2  0  2   0  0  1
B.Johnson         .327  35 101  11  33  7  0  3  11   3  12  0  0  8   0  0  1
A.Ochoa           .325  66 154  24  50  7  4  5  23  14  18  2  0  1   3  0  3
K.Caminiti        .306 151 588 120 180 30  2 52 133  87 124  2  0 22  12  4 16
T.Howard          .297  19  64   8  19  5  1  3   6   5  10  1  0  1   4  4  2
O.Smith           .296  63 179  30  53 14  1  3  16  23   5  3  0  6   8  3  7
S.Sosa            .295 117 455  80 134 15  2 32  90  30 113  4  0 13  18  4  5
R.Hudler          .291 105 316  48  92 16  3 13  41   8  48  1  0  8  12  4  8
R.Gutierrez       .289  22  38   5  11  0  0  0   0   3  10  0  0  0   1  0  3
G.Colbrunn        .289  99 350  47 101 23  2 12  51  26  44 11  0 12   3  5  4
D.White           .276 115 438  62 121 34  3 17  70  39  75  7  0  7  12  6  7
R.Brogna          .276  84 156  22  43 12  2  8  30  12  36  0  0  6   0  0  2
T.Hundley         .264 131 484  82 128 22  2 37  93  68 134  2  0 10   0  1  1
T.Phillips        .246 119 467  75 115 19  5 10  43  79 115  3  2  5   7  9  2
B.Larkin          .245  50 192  37  47 11  1 11  22  27  28  2  0 11  17  5  7
B.Huskey          .233  70 193  21  45  6  3  7  29   9  35  0  0  8   1  2  5
K.Abbott          .233  68 206  19  48 14  3  5  23  16  61  2  0  2   0  0  6
R.Gant            .219  19  64   5  14  1  0  4   9   8  13  1  0  3   0  3  0
Q.Veras           .213  85 211  30  45  4  0  2  15  49  29  4  0  3  14  8  5
R.Belliard        .191  31  47   1   9  0  0  0   2   0   8  0  2  0   1  1  4
R.Cedeno          .154  21  13   3   2  0  0  1   2   4   4  0  0  0   1  0  1
B.Spiers          .143   8   7   1   1  0  0  0   0   3   3  0  0  0   0  0  0
C.Grebeck         ----   0   0   0   0  0  0  0   0   0   0  0  0  0   0  0  0
ALL PITCHERS      .115 152 357  20  41  3  0  0  13  12 106  0 37  1   0  0  7
----------------- ---- --- --- --- --- -- -- -- --- --- --- -- -- -- --- -- --
TEAM TOTALS       .265    5262    1395    34    749    1051    41    124    97
                       152     783    252   230     533     48   131     64


NAME               ERA  W  L   PCT   G GS CG SH SV    IP   H   R  ER HR  BB  SO
S.Estes           2.21  6  3  .667  11 11  0  0  0  73.1  51  18  18  3  30  54
T.Hoffman         2.41  0  1  .000  37  0  0  0 16  52.1  25  15  14  4  24  70
C.Schilling       3.32 16  6  .727  32 31  8  0  0 225.1 187  89  83 28  71 217
R.Cormier         3.54 12  6  .667  28 28  0  0  0 173.0 166  77  68 21  41  82
D.Veres           3.63  0  1  .000  14  0  0  0  0  17.1  26  10   7  4   7  19
O.Fernandez       4.10  7  8  .467  18 18  0  0  0 107.2 123  55  49 10  35  79
H.Nomo            4.18 12  9  .571  32 31  5  2  1 208.2 193 106  97 30  83 230
P.Harris          4.25  1  1  .500  14  1  1  0  0  29.2  28  14  14  4  14  20
S.Service         4.44  2  1  .667  28  0  0  0  1  48.2  53  26  24  5  17  37
K.Ryan            4.47 12  6  .667  68  0  0  0  4  92.2  76  48  46  9  52  64
R.Bottalico       4.55  0  4  .000  24  0  0  0  8  31.2  25  16  16  4  15  33
M.Munoz           5.00  0  3  .000   7  0  0  0  0   9.0  13   6   5  0   4   9
P.Byrd            5.09  5  2  .714  35  0  0  0  0  53.0  64  33  30  8  18  34
A.Leiter          5.46 10 12  .455  32 32  5  1  0 196.0 193 127 119 23 142 169
K.Bottenfield     8.64  1  3  .250  20  0  0  0  0  25.0  43  26  24  3  10  13
C.McElroy         8.90  2  0 1.000  26  0  0  0  1  29.1  50  34  29  6  24  25
M.Holtz           9.00  0  0  ----   1  0  0  0  0   1.0   2   1   1  0   0   2
J.Dickson         ----  0  0  ----   0  0  0  0  0   0.0   0   0   0  0   0   0
ALL NON-PITCHERS  ----  0  0  ----   0  0  0  0  0   0.0   0   0   0  0   0   0
Team                                          4                   +0
----------------- ---- -- -- ----- --- -- -- -- -- ----- --- --- --- -- --- ---
TEAM TOTALS       4.22    66       152    19    31      1318     644    587
                       86     .566    152     7   1373.2     701    162    1157

Primary Player Statistics For 1997 Rivercrypts (SEG) Totals After 152 Games


NAME              BAVG  GM  AB   R   H 2B 3B HR RBI  BB  SO HB SH DP  SB CS  E
G.Sheffield       .357 143 499 133 178 35  1 51 136 123  61 10  0 17  22 10  5
M.Grace           .334 145 560 101 187 40  3 13  68  85  59  0  0 19   2  3  5
G.Jefferies       .306  92 333  45 102 13  3  6  36  19  23  0  0 10  17 11  0
W.Kirby           .306  30  72   7  22  2  1  0   2   5   9  0  0  1   4  0  1
J.Lopez           .299 145 572  62 171 23  3 29 113  31  93  4  0 20   0  5  4
M.Alou            .286 129 500  68 143 21  1 17  98  44  70  4  0 14   6  6  4
E.Renteria        .273 107 454  75 124 17  3  3  26  34  81  4  0  8  17  4 16
C.Floyd           .263  84  99  18  26  9  4  2  12   9  24  3  0  2   2  0  1
J.Branson         .257  85 269  30  69 16  4 10  36  31  56  2  1  7   3  0 10
T.Hubbard         .250  10   4   2   1  0  0  0   0   1   2  0  0  0   0  0  0
R.Sandberg        .243 146 573  82 139 30  3 23  81  50 135  7  0  9  16  6  6
S.Decker          .239  45 138  13  33  4  0  2  10  19  22  0  0  1   2  0  8
J.Tavarez         .230  68 100  16  23  1  0  0   8  10  12  0  2  4   5  4  0
M.Whiten          .223 113 300  49  67 13  2 15  42  47  90  2  0  8  13  7  8
T.Eusebio         .220  37  50   2  11  2  1  0   6   6   5  0  0  4   0  0  0
S.Rolen           .220  65 123  13  27 10  0  1   5  11  33  1  0  0   0  0  3
L.Gomez           .201 107 309  34  62 13  0 13  37  43  80  2  0 10   0  1  7
ALL PITCHERS      .104 152 335  12  35  5  1  0  16  15  91  0 47  0   0  0  7
----------------- ---- --- --- --- --- -- -- -- --- --- --- -- -- -- --- -- --
TEAM TOTALS       .268    5290    1420    30    732     946    50    109    85
                       152     762    254   185     583     39   134     57


NAME               ERA  W  L   PCT   G GS CG SH SV    IP   H   R  ER HR  BB  SO
B.Ruffin          1.82  3  3  .500  58  0  0  0 15  74.0  54  15  15  3  29  73
D.Eckersley       2.71  4  4  .500  51  0  0  0 19  63.0  57  19  19  8   9  53
G.Maddux          3.50 17  9  .654  36 34  1  0  0 231.1 214  94  90 15  32 166
B.Manuel          3.66  4  4  .500  54  0  0  0  3  83.2  80  35  34 13  25  46
D.Hartgraves      4.08  0  0  ----  31  0  0  0  1  39.2  38  19  18  7  25  25
R.Delucia         4.71  2  1  .667  47  0  0  0  3  63.0  75  35  33  7  33  45
M.Ruebel          4.73  3  8  .273  16 12  1  0  0  78.0  81  42  41 11  40  23
S.Reynolds        5.07 15 13  .536  37 34  6  0  0 236.0 264 144 133 39  47 187
U.Urbina          5.62  7  4  .636  22 16  1  0  0  97.2 107  67  61 20  43  94
J.Ericks          5.70  4  5  .444  22  2  0  0  1  42.2  44  27  27  9  17  36
S.Fernandez       6.09  4  2  .667   9  8  0  0  0  44.1  51  31  30  4  20  49
M.Portugal        6.14  7 12  .368  27 26  2  1  0 151.0 157 111 103 28  46  93
J.Schmidt         6.83  3  7  .300  21 15  1  0  0  81.2  98  67  62 14  43  65
M.Valdes          7.98  2  2  .500  17  5  0  0  0  44.0  60  40  39  7  36  14
G.Olson           8.17  0  3  .000  31  0  0  0  1  36.1  54  41  33 10  21  26
ALL NON-PITCHERS  ----  0  0  ----   0  0  0  0  0   0.0   0   0   0  0   0   0
Team                                          2                   -1
----------------- ---- -- -- ----- --- -- -- -- -- ----- --- --- --- -- --- ---
TEAM TOTALS       4.85    77       152    12    43      1434     737    466
                       75     .493    152     3   1366.1     787    195     995

Primary Player Statistics For 1997 Russell M'Ups (FER) Totals After 152 Games


NAME              BAVG  GM  AB   R   H 2B 3B HR RBI  BB  SO HB SH DP  SB CS  E
E.Young           .351  98 390  81 137 16  1  3  31  39  24 15  5  2  52 11 11
T.Gwynn           .297  53 232  28  69 22  2  1  20  20  11  0  1  3   3  1  1
J.Fabregas        .291  62 223  31  65  5  1  5  23  15  27  0  0  7   0  0  2
W.Joyner          .285 113 414  56 118 29  0 10  47  64  64  3  2 14   4  2  4
K.Abbott          .284  45 169  15  48 10  8  6  29  17  59  0  4  4   2  4  7
A.Cedeno          .281  10  32   4   9  1  0  3  10   1   8  0  0  0   0  1  3
B.Larkin          .279  95 355  65  99 17  2 22  72  59  48  4  1  9  18  6 12
A.Arias           .274  49 179  23  49  9  3  3  20  10  32  2  0  1   1  0  3
J.Edmonds         .271  64 229  40  62  9  1 14  53  30  55  2  0  9   1  2  0
T.Salmon          .268 146 541  86 145 30  3 24  83  84 130  3  0 11   1  0  7
J.Howell          .267  45  60   6  16  4  0  2   2   2  22  0  0  2   0  0  2
E.Alfonzo         .260  75 254  26  66 14  1  0  16  19  38  0  5  6   1  0  7
M.Blowers         .259  99 301  36  78 17  5  6  31  32  80  0  0 14   0  0  9
M.Johnson         .251 115 211  26  53  9  0 10  23  17  40  1  0  4   2  1  2
A.Belle           .239  19  71  10  17  5  0  4  11   7  12  2  0  0   1  0  0
H.Rodriguez       .229  80 323  39  74 20  4 22  57  20 105  0  0 15   2  1  6
G.Anderson        .229  53 227  21  52 12  0  5  32   6  34  0  1 12   2  1  0
J.Dye             .228  56  79   7  18  3  0  3  10   2  19  2  0  1   0  0  0
B.Santiago        .228  89 325  35  74 14  0 16  65  35  86  0  0  9   2  1  5
L.Dykstra         .209  77 148  19  31  8  3  3  13  18  30  3  0  1   2  1  1
R.Otero           .208  58  48  12  10  0  0  0   2   4   3  1  0  1   4  2  0
G.Zaun            .148  12  27   0   4  1  1  0   1   8  11  1  0  1   0  0  0
T.Wallach         .143   4  14   1   2  0  0  0   0   2   4  0  0  0   0  0  0
D.May             .136  15  22   2   3  1  0  0   0   2   2  0  0  0   0  0  1
J.Snow            .000   2   1   0   0  0  0  0   0   0   1  0  0  0   0  0  0
B.Butler          .000   1   1   0   0  0  0  0   0   0   0  0  0  0   0  0  0
D.McCarty         ----   0   0   0   0  0  0  0   0   0   0  0  0  0   0  0  0
D.Smith           ----   0   0   0   0  0  0  0   0   0   0  0  0  0   0  0  0
ALL PITCHERS      .139 152 330  30  46  7  0  1  16  12  85  0 41  4   0  0 14
----------------- ---- --- --- --- --- -- -- -- --- --- --- -- -- -- --- -- --
TEAM TOTALS       .258    5206    1345    35    667    1030    60     98    97
                       152     699    263   163     525     39   130     34


NAME               ERA  W  L   PCT   G GS CG SH SV    IP   H   R  ER HR  BB  SO
A.Osuna           0.00  1  0 1.000   3  0  0  0  0   4.1   3   0   0  0   2   5
T.Glavine         2.50  1  2  .333   5  5  1  0  0  36.0  35  11  10  1  14  23
C.Bailey          2.61  6  4  .600  48  0  0  0  1  72.1  67  25  21  3  37  57
R.Martinez        3.15  0  1  .000   3  3  0  0  0  20.0  20  11   7  2  11  19
S.Trachsel        3.27  7  5  .583  17 15  1  1  0 104.2  76  49  38 16  37  62
C.Finley          3.48  7  5  .583  14 14  1  0  0  95.2  86  40  37 11  47  79
J.Brantley        4.00  2  2  .500   9  0  0  0  4   9.0  13   4   4  1   5  12
B.Jones           4.23  2  2  .500   6  6  1  1  0  38.1  42  20  18  3  10  28
S.Reed            4.23  2  0 1.000  36  0  0  0  0  55.1  55  28  26  9  17  22
F.Valenzuela      4.25  2  5  .286  10 10  1  1  0  59.1  61  30  28  6  16  38
J.Juden           4.41  1  2  .333  10  0  0  0  0  16.1  10   8   8  3  13  14
M.Hutton          4.48  3  8  .273  41  7  0  0  3  82.1  88  42  41 11  29  59
M.Rojas           4.68  2  3  .400  33  0  0  0 14  50.0  44  27  26  8  17  53
J.Paniagua        4.70  2  2  .500  20  4  0  0  1  51.2  53  27  27  9  20  23
J.Hamilton        4.95  2  8  .200  13 13  1  0  0  83.2  85  47  46 14  34  70
J.Smiley          5.12  4  3  .571  10 10  0  0  0  63.1  72  38  36  8  22  58
I.Valdes          5.46  8  7  .533  18 18  2  0  0 115.1 131  73  70  9  36  88
M.Leiter          5.67  8 14  .364  33 33  1  0  0 195.1 247 128 123 37  73 132
M.Wohlers         6.38  2  1  .667  16  0  0  0  6  18.1  16  13  13  6  10  26
B.Clontz          6.41  1  2  .333  52  0  0  0  2  73.0  98  64  52 17  41  29
T.Wade            6.91  2  3  .400  30  1  0  0  1  43.0  44  33  33  9  33  50
J.Wright          7.04  1  7  .125  13 12  0  0  0  61.1  85  55  48  8  31  23
J.Dickson        16.88  0  0  ----   1  1  0  0  0   2.2   4   5   5  0   5   1
ALL NON-PITCHERS  ----  0  0  ----   0  0  0  0  0   0.0   0   0   0  0   0   0
Team                                          1                   +0
----------------- ---- -- -- ----- --- -- -- -- -- ----- --- --- --- -- --- ---
TEAM TOTALS       4.78    86       152     9    32      1435     717    560
                       66     .434    152     4   1351.1     778    191     971

Primary Player Statistics For 1997 Skramalonians (SKR) Totals After 152 Games


NAME              BAVG  GM  AB   R   H 2B 3B HR RBI  BB  SO HB SH DP  SB CS  E
R.Gant            .455  20  11   6   5  1  0  0   2   4   2  0  0  0   3  1  0
R.Amaro           .346  34  26   1   9  4  0  0   4   3   3  1  0  0   0  0  0
F.McGriff         .329  23  79   8  26  6  0  4  11   8  14  0  0  0   1  0  1
E.Burks           .312 150 597 112 186 33  9 40 105  62 131  8  3 15  31  8  8
L.Johnson         .291 149 657  90 191 16 12  7  41  43  46  0  0  7  51 17 12
V.Castilla        .285 117 467  63 133 25  1 28  88  25  85  6  0 13   3  0 17
A.Belle           .263  81 300  58  79 20  0 21  68  54  49  3  0  2   3  1  2
D.Magadan         .261  23  46   9  12  2  0  3   7   5  12  0  0  0   0  0  1
J.Reed            .260  75 242  22  63 21  2  4  23  20  47  0  3  5   2  2  5
B.Santiago        .256  39 117  16  30  5  2  7  15  10  25  0  0  2   0  2  1
C.Sabo            .250  11   8   0   2  1  0  0   1   2   3  0  0  0   0  0  0
D.Justice         .250  41  48   6  12  2  0  1   3   4   9  1  0  0   0  0  0
J.King            .247 131 461  60 114 18  0 21  49  57  74  4  1 13  11  2  4
H.Rodriguez       .247  68 263  30  65 21  1 19  51  16  85  0  0  9   1  0  8
W.Weiss           .243  86 309  53  75  9  0 12  35  47  42  2 13  6   4  3 17
B.Boone           .237 119 405  40  96 15  3  7  50  27  69  4  1  6   1  2  5
A.Espinoza        .226  52 106  12  24  2  1  2   7   7  18  2  0  5   0  5  5
F.Santangelo      .225  22  80  12  18  5  2  0   4  10  13  3  1  0   2  0  7
G.Gagne           .221  60 208  24  46  8  1  6  27  25  50  1  0  6   0  0  2
Y.Reed            .215  49 144  11  31  4  0  0  10   8  23  2  1  2   1  3  2
C.Johnson         .192  71 208  19  40  2  1  9  20  13  57  0  0  5   0  1  2
O.Timmons         .172  18  29   4   5  2  0  2   3   2  10  0  0  0   0  0  1
E.Anthony         .163  59  43   7   7  0  0  1   5  15  14  0  0  2   0  0  0
L.Walker          .000   8   6   0   0  0  0  0   0   0   0  1  0  0   0  0  0
C.Everett         ----   0   0   0   0  0  0  0   0   0   0  0  0  0   0  0  0
E.Giovanola       ----   0   0   0   0  0  0  0   0   0   0  0  0  0   0  0  0
ALL PITCHERS      .125 152 376  21  47  5  2  6  26  11 101  0 34  1   0  0 18
----------------- ---- --- --- --- --- -- -- -- --- --- --- -- -- -- --- -- --
TEAM TOTALS       .251    5236    1316    37    655     982    57    114   118
                       152     684    227   200     478     38    99     47


NAME               ERA  W  L   PCT   G GS CG SH SV    IP   H   R  ER HR  BB  SO
M.Holtz           0.00  0  1  .000   6  0  0  0  0   9.0   4   1   0  0   4   6
M.Rojas           2.59  3  0 1.000  18  0  0  0  7  31.1  27  11   9  4   9  37
I.Valdes          2.67 11  4  .733  17 17  8  1  0 138.0 131  52  41 13  35  82
M.Guthrie         2.72  4  1  .800  30  0  0  0  3  39.2  39  17  12  4  13  34
T.Adams           2.84  5  3  .625  33  0  0  0  5  50.2  47  20  16  3  22  33
S.Trachsel        3.02  6  8  .429  17 17  8  1  0 137.0 118  56  46 18  33  79
H.Carrasco        3.24  2  4  .333  41  0  0  0  1  58.1  42  24  21  3  30  45
K.Rueter          3.33  1  1  .500   4  4  0  0  0  24.1  30  10   9  2   6   9
J.Brantley        3.47  0  1  .000  27  0  0  0 13  36.1  28  14  14  6  14  40
D.Holmes          3.72  2  4  .333  33  0  0  0  1  48.1  40  25  20  6  21  41
L.Benes           3.93  4  2  .667   8  8  0  0  0  52.2  48  25  23  8  25  29
F.Valenzuela      4.21  3  4  .429  13  8  1  0  0  51.1  60  24  24  6  23  31
P.Martinez        4.64  9 13  .409  27 27  8  1  0 192.0 174 109  99 32  63 185
D.Burba           4.66 11 15  .423  35 34  3  0  0 214.1 203 121 111 30 122 144
R.Martinez        4.82  4  6  .400  13 13  1  0  0  80.1  89  54  43  5  65  61
T.Glavine         4.86  5 11  .313  20 20  3  0  0 133.1 140  83  72 17  50 102
P.Schourek        5.82  1  1  .500   4  4  0  0  0  21.2  26  15  14  3   7  10
J.Powell          7.24  1  1  .500  36  0  0  0  1  51.0  68  41  41  7  27  28
J.Bullinger       ----  0  0  ----   0  0  0  0  0   0.0   0   0   0  0   0   0
ALL NON-PITCHERS  ----  0  0  ----   0  0  0  0  0   0.0   0   0   0  0   0   0
Team                                          2                   +0
----------------- ---- -- -- ----- --- -- -- -- -- ----- --- --- --- -- --- ---
TEAM TOTALS       4.04    80       152    32    31      1314     615    569
                       72     .474    152     5   1369.2     702    167     996

Primary Player Statistics For 1997 Slattery Incarn (SLA) Totals After 153 Games


NAME              BAVG  GM  AB   R   H 2B 3B HR RBI  BB  SO HB SH DP  SB CS  E
M.Grissom         .307 153 636 105 195 28 13 27 106  37  75  1  2 10  31  6  1
J.Kendall         .303 125 419  43 127 22  9  1  48  32  31 18  3 10   8  3 12
S.Finley          .293 151 614 116 180 46  6 37 131  47  85  1  0 18  19  6  6
H.Morris          .291 136 533  69 155 33  5 13  59  45  89  5 13  9   3  3  9
C.Baerga          .286   6   7   1   2  0  0  0   0   0   0  0  0  0   0  0  0
B.Ashley          .282  50  39  12  11  1  1  6  16  12  10  0  0  2   0  0  0
R.Gutierrez       .273  34  66   7  18  1  0  0   1   5  13  1  0  1   0  3  3
B.Spiers          .272  37  92  12  25  4  1  0  10   8  21  0  0  1   1  0  2
G.Disarcina       .269 141 528  35 142 21  1  4  52  22  50  4  6 17   1  0 13
B.Mayne           .265  27  49   2  13  0  0  1   4   5   9  0  1  1   0  0  0
M.Lansing         .249 144 551  62 137 22  2 10  73  37  74 13 20  9  11  6 14
J.Vander Wal      .247  76  81  11  20  6  1  3  10  13  16  1  0  1   2  0  1
T.Zeile           .244 139 513  60 125 28  0 13  62  63  84  0  0 10   3  0 17
C.Grebeck         .237  32  59   9  14  2  1  3  11   4   9  1  0  1   0  0  0
D.Clark           .230  67  74   8  17  5  0  2   6   9  19  0  0  3   0  0  0
R.Henderson       .208 151 530 110 110 21  4  6  37 150 119 12  0  1  41 15  4
K.Manwaring       .198  69  86   9  17  3  0  0   6   7  23  2  0  0   0  0  3
R.Belliard        .000   8  22   1   0  0  0  0   0   1   3  0  0  0   0  0  2
J.Phillips        ----   0   0   0   0  0  0  0   0   0   0  0  0  0   0  0  0
ALL PITCHERS      .101 153 337  12  34  3  1  0  11  11 100  0 46  5   0  0  2
----------------- ---- --- --- --- --- -- -- -- --- --- --- -- -- -- --- -- --
TEAM TOTALS       .256    5236    1342    45    643     830    91    120    89
                       153     684    246   126     508     59    99     42


NAME               ERA  W  L   PCT   G GS CG SH SV    IP   H   R  ER HR  BB  SO
K.Brown           2.50 15  9  .625  35 35  7  5  0 251.2 211  77  70 18  42 189
J.Brantley        2.70  5  1  .833  26  0  0  0  0  40.0  35  12  12  7  17  47
R.Bottalico       3.05  4  3  .571  42  0  0  0 19  59.0  44  20  20  8  25  51
M.Grace           3.28  6  5  .545  14 14  0  0  0  79.2  75  35  29 11  11  36
R.Honeycutt       3.40  2  3  .400  39  0  0  0  4  47.2  40  18  18  4   5  27
F.Cordova         3.69  7  6  .538  25 16  2  1  2 107.1 110  48  44 15  15  84
C.McElroy         3.86  1  1  .500  18  0  0  0  0  18.2  25   9   8  3   8  18
J.Parrett         3.89  3  5  .375  59  0  0  0  1  81.0  69  37  35  5  35  74
J.Juden           4.23  6  5  .545  43  0  0  0  2  55.1  53  29  26  5  28  38
B.Tewksbury       4.53 12 10  .545  36 36  3  1  0 222.1 245 122 112 23  58 126
M.Wilkins         4.72  5  4  .556  28  9  1  0  1  76.1  78  41  40 11  41  49
J.Lieber          4.93  7 11  .389  26 25  1  0  0 144.1 157  80  79 24  29 103
K.Foster          5.11  1  1  .500  10  9  0  0  0  56.1  61  34  32 12  21  27
K.Bottenfield     5.49  1  2  .333  31  0  0  0  2  41.0  53  26  25  4  19  17
T.Hoffman         5.64  0  3  .000  24  0  0  0 11  30.1  24  19  19  6  14  35
R.Salkeld         6.62  3  6  .333  32  9  0  0  0  70.2  82  58  52 14  35  46
C.Leskanic        ----  0  0  ----   0  0  0  0  0   0.0   0   0   0  0   0   0
R.Hunter          ----  0  0  ----   0  0  0  0  0   0.0   0   0   0  0   0   0
ALL NON-PITCHERS  ----  0  0  ----   0  0  0  0  0   0.0   0   0   0  0   0   0
Team                                          5                   +0
----------------- ---- -- -- ----- --- -- -- -- -- ----- --- --- --- -- --- ---
TEAM TOTALS       4.05    75       153    14    42      1362     621    403
                       78     .510    153    12   1381.2     665    170     967
