Primary Player Statistics For 1998 Avery Tards (AVC) Totals After 152 Games


NAME              BAVG  GM  AB   R   H 2B 3B HR RBI  BB  SO HB SH DP  SB CS  E
R.Brogna          .500   8   4   2   2  1  0  0   1   2   1  0  0  0   1  0  0
R.Aurilia         .436  41  55  17  24 12  0  1  12  12   3  0  1  2   0  0  1
M.Smith           .381  24  42   8  16  5  0  3  11  10  11  0  0  0   0  0  0
L.Walker          .337 141 543 115 183 52  2 39 120  70 100 12  0 20  19  6  2
D.Hamilton        .304  14  23   5   7  2  0  0   1   1   4  0  0  0   2  0  0
M.Kelly           .298  38  84  18  25  6  3  2  10  13  22  0  0  0   4  0  0
D.Hansen          .297  95 101  21  30  7  1  1  14  19  24  1  0  3   0  0  0
D.Justice         .296 130 466  70 138 28  2 26  80  77  92  0  0 12   2  1  2
R.White           .295 142 563  83 166 36  4 29  85  38 104 11  0 19  21  8  4
J.Olerud          .294 141 547  90 161 48  3 16  70  66  90 13  0 21   0  0  7
W.McGee           .292  21  24   2   7  1  1  0   5   2   5  0  0  2   0  1  0
G.Gaetti          .286  34  70   5  20  2  0  2  12   6  13  2  0  6   0  0  2
J.Lopez           .269 110 405  55 109 32  2 20  62  40  83 11  0 19   1  1  5
J.Blauser         .266 132 522  94 139 33  6 17  63  65 104 31  3  4   3  1 17
D.Lewis           .265  98  83  17  22  4  0  0   9  10  20  0  1  0  10  3  0
T.Zeile           .262 140 493  67 129 15  0 25  96  71 118  4  0  9  15  4 20
M.Morandini       .238 138 509  64 121 28  0  0  41  46  88 10  8 11   7  9  5
A.Cianfrocco      .207  65  87   7  18  7  0  0   8   6  41  1  0  2   2  1  2
R.Belliard        .205  29  44   4   9  2  0  0   0   0  14  0  1  0   0  0  1
E.Taubensee       .204  54 167  19  34 10  0  6  17  16  48  0  0  4   0  0  5
G.Sheffield       .200   9  20   2   4  0  0  0   0   1   3  0  0  1   0  0  0
K.Manwaring       .188  13  32   4   6  2  1  0   4   3   6  0  0  2   0  0  0
K.Polcovich       .071   9  14   2   1  0  0  0   1   1   3  1  0  1   0  0  0
J.Howell          .000   5   3   0   0  0  0  0   0   1   2  0  0  0   0  0  0
B.Butler          ----   0   0   0   0  0  0  0   0   0   0  0  0  0   0  0  0
H.Rodriguez       ----   0   0   0   0  0  0  0   0   0   0  0  0  0   0  0  0
G.Vaughn          ----   0   0   0   0  0  0  0   0   0   0  0  0  0   0  0  0
ALL PITCHERS      .113 152 371  16  42 11  0  0  21  16  93  0 37  2   0  1  8
----------------- ---- --- --- --- --- -- -- -- --- --- --- -- -- -- --- -- --
TEAM TOTALS       .268    5272    1413    25    743    1092    51     87    81
                       152     787    344   187     592     97   140     36


NAME               ERA  W  L   PCT   G GS CG SH SV    IP   H   R  ER HR  BB  SO
G.White           0.00  0  0  ----  11  0  0  0  2  15.0   9   0   0  0   2   9
T.Martin          1.59  2  0 1.000  10  0  0  0  0  11.1  11   2   2  0   7   4
M.Munoz           1.97  9  1  .900  43  0  0  0  1  50.1  47  11  11  5  15  24
C.Finley          2.50  1  2  .333   3  3  0  0  0  18.0  19   8   5  1   5  14
G.Maddux          2.76 17  6  .739  28 28  7  2  0 208.2 191  70  64 13  25 134
A.Benes*          2.90 14  4  .778  24 24  7  1  0 177.0 138  60  57 18  70 185
A.Benes           2.93 11  6  .647  23 22  2  1  0 159.2 149  58  52  9  56 153
S.Belinda         3.23  4  6  .400  58  0  0  0  7  86.1  68  36  31 10  37  85
M.Hampton         3.47 16  8  .667  35 35  6  3  0 236.1 234  97  91 19  94 139
S.Hasegawa        3.74  6  2  .750  24 16  0  0  0  96.1  88  41  40  9  43  76
R.Reed            3.86  1  2  .333   6  5  0  0  1  35.0  35  19  15  2   8  22
J.Shaw            3.90  4  8  .333  66  0  0  0 30  87.2  91  40  38 13  13  53
M.Valdes          4.35  3  1  .750  25  5  0  0  4  62.0  55  30  30  5  23  29
J.Bruske          4.43  1  2  .333  18  0  0  0  1  20.1  17  10  10  2  19  15
W.Blair           4.50  7  3  .700  17 14  1  0  1  90.0  96  50  45 11  22  42
C.Leskanic        4.50  1  0 1.000   5  0  0  0  0   8.0  10   4   4  1   2   7
D.Eckersley       6.39  2  2  .500  28  0  0  0  5  25.1  37  20  18  7   7  20
F.Rodriguez      27.00  0  0  ----   1  0  0  0  0   1.0   3   3   3  0   1   0
D.Plesac          ----  0  0  ----   0  0  0  0  0   0.0   0   0   0  0   0   0
ALL NON-PITCHERS  ----  0  0  ----   0  0  0  0  0   0.0   0   0   0  0   0   0
Team                                          1                   +0
----------------- ---- -- -- ----- --- -- -- -- -- ----- --- --- --- -- --- ---
TEAM TOTALS       3.35    53       152    23    52      1298     516    449
                       99     .651    152     8   1388.1     559    125    1011

Primary Player Statistics For 1998 Barbarians (BAR) Totals After 152 Games


NAME              BAVG  GM  AB   R   H 2B 3B HR RBI  BB  SO HB SH DP  SB CS  E
M.Piazza          .368 146 565 105 208 45  3 41 123  74  89  5  0 20   5  0 24
C.Hernandez       .355  50  93  16  33 10  0  3  19   2  13  0  0  3   0  0  3
B.Bonilla         .321 128 458  59 147 35  5 13  59  40  85  3  0  9   5  3 23
C.Jones*          .317  62  60   9  19  6  0  2   9   5  14  1  0  2   4  0  1
T.Salmon          .295 149 573  92 169 24  1 28  91  85 158  7  0  9   5  6 11
D.Glanville       .289 152 646  83 187 28  6  4  50  29  77  0 20 13  23 12  3
K.Stocker         .287 123 418  40 120 14  5  6  43  41  86  5  0 11  12  5 10
W.Guerrero        .271  84 177  17  48  8  6  0  15   8  38  0  1  4   1  1  6
E.Perez*          .271  72 118  22  32  6  0  9  21  11  32  0  0  1   2  1  5
C.Everett         .270  54  37  12  10  4  1  0   2   2   8  2  0  1   4  2  0
R.Brogna          .266  20  79  12  21  5  0  4  11   2  22  0  0  2   1  1  0
B.Hunter          .266 152 655  94 174 25  5  6  44  59 128  0  8  7  65 17  4
H.Rodriguez       .257 115 436  50 112 25  1 23  68  33 125  3  0 10   4  3  7
R.Sandberg        .256 134 497  45 127 27  0 12  67  38 114  1  0  4  10  7  9
R.McGuire         .250  30  32   6   8  1  0  2   4   1   5  0  0  1   0  0  0
J.Howell          .204  26  98  10  20  4  0  6  11   3  18  0  0  3   2  0  0
J.Castro          .151  36  73   7  11  4  1  0   3   1  20  0  0  0   0  0  3
D.Bautista        .125   9   8   0   1  0  0  0   1   0   1  0  0  0   0  0  0
P.Plantier        ----   0   0   0   0  0  0  0   0   0   0  0  0  0   0  0  0
J.Bates           ----   0   0   0   0  0  0  0   0   0   0  0  0  0   0  0  0
ALL PITCHERS      .097 152 331   8  32  3  0  0  13  16  87  0 40  1   0  0 17
----------------- ---- --- --- --- --- -- -- -- --- --- --- -- -- -- --- -- --
TEAM TOTALS       .276    5354    1479    34    654    1120    69    143   126
                       152     687    274   159     450     27   101     58


NAME               ERA  W  L   PCT   G GS CG SH SV    IP   H   R  ER HR  BB  SO
A.Benes           2.79  2  2  .500   4  4  2  0  0  29.0  25  10   9  3   9  33
T.Martin          3.06  2  3  .400  41  0  0  0  1  47.0  52  16  16  3  15  27
B.Wagner          3.07  6  7  .462  68  0  0  0 32  88.0  69  35  30  6  44 103
A.Embree          3.18  2  2  .500  35  0  0  0  2  45.1  39  17  16  1  17  47
R.Reed            3.38 12  2  .857  28 25  3  1  0 186.1 183  73  70 19  36  91
S.Sullivan        3.65 10  7  .588  63  0  0  0  7  93.2  79  44  38 16  27  64
K.Mercker         3.68  6  7  .462  26 26  3  3  0 154.0 128  69  63 15  79  74
J.Shaw            3.77  1  1  .500   9  0  0  0  3  14.1  13   7   6  2   3  10
K.Foster          4.30  7  7  .500  26 26  1  1  0 159.0 159  86  76 21  83 118
S.Hitchcock       4.38 10 12  .455  28 28  0  0  0 162.1 163  89  79 16  55  98
T.Worrell         4.50  7  8  .467  71  1  0  0  3 110.0 120  63  55 11  57  80
A.Watson          4.72  7  9  .438  31 31  1  0  0 187.0 206 109  98 22  83 121
R.Delucia         4.73  2  4  .333  32  0  0  0  0  40.0  40  26  21  6  34  37
A.Reynoso         5.43  3  4  .429  11 11  2  1  0  59.2  77  46  36  8  20  31
M.Leiter          ----  0  0  ----   0  0  0  0  0   0.0   0   0   0  0   0   0
R.Stanifer        ----  0  0  ----   0  0  0  0  0   0.0   0   0   0  0   0   0
ALL NON-PITCHERS  ----  0  0  ----   0  0  0  0  0   0.0   0   0   0  0   0   0
Team                                          4                   +0
----------------- ---- -- -- ----- --- -- -- -- -- ----- --- --- --- -- --- ---
TEAM TOTALS       4.01    75       152    12    48      1353     613    562
                       77     .507    152    10   1375.2     690    149     934

Primary Player Statistics For 1998 Co Operators (COO) Totals After 153 Games


NAME              BAVG  GM  AB   R   H 2B 3B HR RBI  BB  SO HB SH DP  SB CS  E
T.Ward            .362  85 185  36  67 16  0 11  31  22  15  1  0  1   5  0  0
C.Shipley         .311  60 106  19  33  7  0  1   9   7  13  0  0  0   3  2  3
R.Sanders         .299  77 197  42  59 16  1 11  34  35  55  2  0 10  11  1  3
T.Greene          .297  20  64  10  19  5  0  4  15   9  16  0  0  1   1  0  0
R.Mondesi         .290 147 596  98 173 39  4 28 102  41 121  6  0 14  34  7  2
E.Alfonzo         .290 146 566  69 164 31  1  7  43  76  79  5  0  6   9  5 21
B.Bonds           .279  73 276  60  77 12  3 11  39  54  50  2  0  3  27  7  4
D.Segui           .278 140 539  61 150 15  3 17  64  54  91  0  0  9   5  0  5
R.Butler          .277  27  65   8  18  8  0  0  10   3   8  0  0  1   1  0  0
E.Anthony         .276  24  29   6   8  0  0  1   2   4   6  0  0  0   0  0  1
T.Hundley         .263 108 373  67  98 15  2 33  86  47 107  7  0  9   2  2  4
G.Myers           .262  40 122  14  32 12  0  2  14  10  20  0  0  2   0  0  2
J.Kent            .258 151 582  88 150 37  2 28  99  40 148  9  0 14  11  4 16
S.Finley          .250  37 148  25  37 11  3  7  33  11  24  1  1  3   2  1  3
J.Vizcaino        .242 149 562  67 136 14  6  5  48  52 103  0 13 14  10 10 13
C.Floyd           .240  64 129  17  31 10  1  3  17  17  33  2  0  4   6  0  4
J.Eisenreich      .209  19  43   2   9  1  0  0   3   3   7  0  1  2   0  0  0
S.Sosa            .189  40 159  19  30  7  2  8  29   9  37  1  0  4   1  1  2
D.Sheaffer        .177  22  62   8  11  5  0  0   1   8   8  0  0  2   0  0  6
T.Hollandsworth   .126  40 111   5  14  3  2  0   4   6  32  0  0  6   0  1  1
B.Brown           .000   3   4   0   0  0  0  0   0   0   0  1  0  0   0  0  0
A.Stankiewicz     ----   0   0   0   0  0  0  0   0   0   0  0  0  0   0  0  0
J.Vidro           ----   0   0   0   0  0  0  0   0   0   0  0  0  0   0  0  0
ALL PITCHERS      .118 153 363  20  43  7  0  3  21  13 100  0 49  2   1  1  9
----------------- ---- --- --- --- --- -- -- -- --- --- --- -- -- -- --- -- --
TEAM TOTALS       .257    5281    1359    30    704    1073    64    129    99
                       153     741    271   180     521     37   107     42


NAME               ERA  W  L   PCT   G GS CG SH SV    IP   H   R  ER HR  BB  SO
M.Cather          0.79  2  0 1.000   9  0  0  0  1  11.1   5   2   1  0   3   9
T.Hoffman         2.67  3  4  .429  54  0  0  0 32  77.2  51  23  23  9  28 100
D.Neagle          3.33  7  5  .583  16 16  4  2  0 119.0 114  45  44 11  27  71
D.Kile            3.43 19 10  .655  36 36  6  1  0 262.1 222 106 100 28  83 181
C.Lidle           3.63  5  4  .556  46  2  0  0  1  72.0  83  34  29  5  18  49
M.Dejean          3.73  3  2  .600  44  0  0  0  0  72.1  87  36  30 10  20  36
B.Patterson       3.83  1  6  .143  39  0  0  0  1  42.1  47  21  18  3  15  43
K.Hill            4.29 13  9  .591  30 30  3  1  0 191.0 194  95  91 24  87  93
J.Hamilton        4.60  7 13  .350  28 23  1  0  0 158.1 185  91  81 21  67  87
C.Finley          4.89  3  1  .750   6  6  0  0  0  38.2  35  23  21  5  23  33
J.Crawford        4.98  1  2  .333  24  2  0  0  0  43.1  46  24  24 10  11  26
K.Tapani          5.11  4  8  .333  16 16  0  0  0  98.2 109  62  56 11  23  66
S.Reynolds        5.27  2  4  .333   8  8  1  0  0  42.2  51  26  25  1  15  30
S.Reed            5.36  2  4  .333  41  0  0  0  0  45.1  47  32  27 10  21  24
D.Burba           6.91  4  5  .444  37 12  0  0  0 100.1 121  78  77 18  52  72
W.Cunnane        11.81  0  0  ----   2  2  0  0  0   5.1   9   7   7  2   5   5
ALL NON-PITCHERS  ----  0  0  ----   0  0  0  0  0   0.0   0   0   0  0   0   0
Team                                          5                   -1
----------------- ---- -- -- ----- --- -- -- -- -- ----- --- --- --- -- --- ---
TEAM TOTALS       4.26    77       153    15    35      1406     653    498
                       76     .497    153     9   1380.2     705    168     925

Primary Player Statistics For 1998 Davehawks (AVD) Totals After 152 Games


NAME              BAVG  GM  AB   R   H 2B 3B HR RBI  BB  SO HB SH DP  SB CS  E
K.Lofton          .335 138 550  89 184 20  5  9  61  65 102  2 23  8  11  9  7
K.Lockhart        .330  57 103  16  34  6  3  4  25  11  14  0  0  2   0  1  5
A.Galarraga       .322 137 544 113 175 25  4 37  99  41 119 30  0 16  10  1 17
E.Burks           .317 128 520 116 165 28  2 47 125  62  93  4  0 19   6  0  7
D.Hollins         .305 147 567  91 173 29  4  9  72  53 130  6  4 12  11  5 36
C.Johnson         .294 105 310  52  91 22  0 23  80  49  91  6  1  7   0  0  0
D.Clark           .291  84 103  16  30  4  0  3  18   8  30  4  0  2   1  0  2
W.Weiss           .291 120 419  58 122 27 11  6  80  58  60  2  4  8   3  1 12
J.Reed            .283 114 279  42  79  8  0 16  46  35  62  3  1  8   2  1  7
C.Carr            .281  35  32  10   9  3  0  1   6   3   4  1  1  0   5  1  1
D.Deshields       .271 148 649 104 176 28 11 12  68  62  88  2  7  7  45 17 20
R.Cedeno          .265  78 181  23  48 14  0  2  20  25  52  2  2  2   4  1  2
G.Hill            .264  65  91  10  24  8  0  2  12   8  19  1  0  2   2  1  2
W.Greene          .250 137 504  90 126 29  2 24  77  86 118  0  0 12   3  0  5
R.Ordonez         .242  59 120   9  29  2  3  0  16   5  17  0  0  4   1  1  2
M.Sweeney         .222   7  18   2   4  0  0  0   1   0   7  0  0  0   0  0  2
M.Difelice        .083   4  12   0   1  0  0  0   1   0   3  0  0  0   0  0  0
E.Williams        .000   1   1   0   0  0  0  0   0   0   0  0  0  0   0  0  0
J.Cangelosi       ----   0   0   0   0  0  0  0   0   0   0  0  0  0   0  0  0
ALL PITCHERS      .145 152 344  24  50 10  1  2  21  13  95  0 39  0   0  0  2
----------------- ---- --- --- --- --- -- -- -- --- --- --- -- -- -- --- -- --
TEAM TOTALS       .284    5347    1520    46    828    1104    82    104   129
                       152     865    263   197     584     63   109     39


NAME               ERA  W  L   PCT   G GS CG SH SV    IP   H   R  ER HR  BB  SO
A.Telford         3.65  2  2  .500  46  0  0  0  2  61.2  72  30  25 10  21  44
S.Radinsky        4.08  4  3  .571  39  0  0  0  6  46.1  41  22  21  5  11  36
C.Park            4.57  9 10  .474  35 32  1  0  1 187.0 177 114  95 32  78 155
K.Rueter          4.66 13  9  .591  32 32  4  1  0 201.0 223 115 104 20  68 119
M.Clark           4.83 10  7  .588  28 27  3  0  0 167.2 180 100  90 23  50 106
H.Nomo            5.00  9  5  .643  28 28  0  0  0 160.1 157  98  89 26  89 181
P.Harris          5.00  3  4  .429  51  0  0  0  1  84.2  96  48  47 13  32  60
B.Jones           5.02  6 13  .316  30 30  3  2  0 177.2 196 111  99 24  74  95
T.Jones           5.06 10  5  .667  69  0  0  0  3  83.2  93  52  47  5  52  84
J.Franco          5.40  4  9  .308  61  0  0  0 23  76.2  88  52  46  7  36  72
T.Candiotti       5.70  2  3  .400  22  1  0  0  1  36.1  46  26  23  6   8  18
J.Frascatore      6.02  5  3  .625  50  0  0  0  0  64.1  91  46  43 13  22  41
P.Schourek        7.11  1  1  .500   2  2  0  0  0  12.2  18  10  10  5  11   6
ALL NON-PITCHERS  ----  0  0  ----   0  0  0  0  0   0.0   0   0   0  0   0   0
Team                                          1                   -2
----------------- ---- -- -- ----- --- -- -- -- -- ----- --- --- --- -- --- ---
TEAM TOTALS       4.88    74       152    11    37      1478     737    552
                       78     .513    152     4   1360.0     824    189    1017

Primary Player Statistics For 1998 Dou's Crew (DOU) Totals After 152 Games


NAME              BAVG  GM  AB   R   H 2B 3B HR RBI  BB  SO HB SH DP  SB CS  E
L.Harris          .500   3   4   1   2  0  0  0   0   1   0  0  0  0   1  1  1
Q.McCracken       .315  95 346  64 109 16  2  1  44  40  64  0  5  6  40  8  9
C.Jones           .307 147 566  97 174 36  0 23 109  75  84  0  0 10  21  6 12
M.Smith           .288  46  66  10  19  7  0  2   7  10  13  0  0  1   0  1  1
C.Curtis          .285 119 309  41  88 25  3  8  32  38  54  2  0  6  14  5  2
D.Bichette        .285 146 569  69 162 33  0 17  72  30  94  1  0 13   8  7  4
G.Zaun            .284  52  88  13  25  6  0  1   7  14  16  2  0  1   0  1  1
K.Abbott          .277  57  65   7  18  3  1  0  12   7  18  1  0  2   0  0  2
C.Gomez           .274  71 241  19  66  8  2  3  22  21  53  2  0  6   1  5  6
T.Lampkin         .267  27  60   8  16  4  0  1   7   5  11  0  0  2   1  0  1
E.Renteria        .266  71 263  35  70  8  0  1  20  33  54  1  6  6  17  8 11
T.Womack          .264 140 573  83 151 29  9  4  56  33 114  5 15  5  48 15 21
W.McGee           .260  33  50   8  13  2  1  1  10   3  18  0  0  1   0  0  0
M.McGwire         .256 146 535 104 137 21  1 58 136  82 182  9  0  6   2  0  6
D.Erstad          .254 126 493  56 125 26  6 14  59  44  85  7  3  5  15 11 11
F.Santangelo      .250  87 124  13  31  4  2  0   9  14  31 14  1  2   4  3  1
B.Ausmus          .235 123 409  38  96 21  1  5  37  32  67  4  1  9  10  5 14
L.Alicea          .221  82 122  18  27  5  2  1   8  17  23  1  2  2   9  3  2
M.Lemke           .200  27  15   2   3  1  0  1   2   4   4  0  0  0   0  0  0
D.May             ----   0   0   0   0  0  0  0   0   0   0  0  0  0   0  0  0
ALL PITCHERS      .112 152 313  15  35 10  1  1  21  14  83  0 31  2   0  0 12
----------------- ---- --- --- --- --- -- -- -- --- --- --- -- -- -- --- -- --
TEAM TOTALS       .262    5211    1367    31    670    1068    64    191   117
                       152     701    265   142     517     49    85     79


NAME               ERA  W  L   PCT   G GS CG SH SV    IP   H   R  ER HR  BB  SO
R.Springer        1.45  1  3  .250  13  0  0  0  1  18.2  11   5   3  0   8  24
J.Lima            3.03  1  1  .500  23  0  0  0  0  38.2  45  13  13  5   4  32
K.Bottenfield     3.07  4  1  .800  57  0  0  0  3  93.2  82  32  32 12  29  81
K.Millwood        3.39  3  0 1.000  35  0  0  0  2  61.0  56  25  23  2  31  64
R.Martinez        3.60 11  5  .688  26 26  0  0  0 142.2 117  62  57 15  65 111
R.Beck            3.77  1  4  .200  59  0  0  0 32  74.0  72  34  31 10  17  38
A.Fernandez       3.78  9 14  .391  32 32  4  0  0 219.1 193 110  92 25  91 179
R.Rodriguez       3.92  7  6  .538  66  0  0  0  0  82.2  88  39  36 11  21  36
T.Stottlemyre     4.18 11  9  .550  31 30  6  2  0 193.2 197 105  90 26  72 171
P.Menhart         4.34  5  3  .625  26  3  0  0  1  47.2  47  23  23  3  17  21
T.Saunders        4.85  6 10  .375  22 22  0  0  0 118.2 123  73  64 17  67 134
M.Bielecki        4.92  2  3  .400  43  0  0  0  5  60.1  66  36  33 10  28  60
D.Mlicki          5.29 12 12  .500  30 29  0  0  0 151.1 172  96  89 18  63 121
P.Smith           5.33  2  6  .250  16  8  1  0  0  52.1  65  38  31  5  31  26
M.Aybar           8.44  0  0  ----   2  2  0  0  0  10.2  14  10  10  2   8   9
ALL NON-PITCHERS  ----  0  0  ----   0  0  0  0  0   0.0   0   0   0  0   0   0
Team                                          8                   -4
----------------- ---- -- -- ----- --- -- -- -- -- ----- --- --- --- -- --- ---
TEAM TOTALS       4.11    77       152    11    44      1348     623    552
                       75     .493    152    10   1365.1     701    161    1107

Primary Player Statistics For 1998 Evenson Odd (EVE) Totals After 152 Games


NAME              BAVG  GM  AB   R   H 2B 3B HR RBI  BB  SO HB SH DP  SB CS  E
W.Joyner          .323 129 464  63 150 33  0 14  50  57  58  3  0  9   1  2  4
J.Nunnally        .319  67 232  49  74  9  1 14  48  41  58  1  0  3   6  4  0
L.Lopez           .317  36 126  12  40 14  0  0  11  11  30  3  0  1   0  2  0
G.Jefferies       .304  24  23   2   7  1  0  2   3   1   3  0  0  0   0  0  0
A.Jones           .293  94 174  31  51  8  0 10  34  16  42  1  0  5   9  3  4
R.Lankford        .287 135 506  77 145 33  3 23  83  98 142  0  0 13  16 13  9
C.Biggio          .274 152 624 106 171 37  7 17  63  66 127 30  0  5  37 15 15
T.Pendleton       .255  30  94   4  24  7  0  1  13   9  12  0  0  0   1  1  1
T.Bogar           .253  70 257  21  65  9  5  2  30  21  54  5  0  6   0  0  5
T.Cromer          .250  30  88  13  22  4  0  5  10  12  12  0  0  2   0  0  1
D.Daulton         .249 111 385  57  96 14  7 15  52  58  79  1  0  6   1  4  6
T.Graffanino      .244 101 197  25  48 10  0 10  21  27  47  1  0  2   2  4 11
B.Gilkey          .239  44 138  22  33  9  0  5  17  22  28  0  0  2   0  1  0
R.Otero           .238  16  21   2   5  1  0  0   0   1   3  1  0  1   0  0  1
D.Strange         .234  91 350  41  82 17  3  7  38  33  88  1  0  7   0  0 10
B.Huskey          .228  56 232  23  53 12  1  8  26  10  40  0  0 15   4  0  2
B.Mueller         .228  27  57   5  13  3  1  0   3   6  15  1  0  1   0  0  1
K.Osik            .227  51 119   6  27  4  0  0   4   7  32  2  0  1   0  0  1
T.Phillips        .224  75 107   8  24  6  0  0  11  24  24  0  0  3   1  1  3
R.Gant            .220  49 123  12  27  5  0  4  10   9  50  0  0  0   1  0  1
J.Oliver          .216 110 384  36  83 14  0 17  58  22  70  6  0 18   2  3  9
K.Polcovich       .207  39 111   7  23  7  1  0   5  13  20  3  0  4   1  1  7
K.Jordan          .161  29  56   2   9  0  0  0   5   0  10  0  0  4   0  0  4
T.Prince          .144  75 111  10  16  5  0  0  10   9  22  5  0  6   0  0  3
ALL PITCHERS      .122 152 295  15  36  9  2  1  11   7  62  0 43  3   2  0 13
----------------- ---- --- --- --- --- -- -- -- --- --- --- -- -- -- --- -- --
TEAM TOTALS       .251    5274    1324    31    616    1128    43     84   111
                       152     649    271   155     580     64   117     54


NAME               ERA  W  L   PCT   G GS CG SH SV    IP   H   R  ER HR  BB  SO
D.Neagle          1.62  6  3  .667  11 11  1  0  0  77.2  58  15  14  5  17  49
G.McMichael       2.16  8  1  .889  41  0  0  0  3  66.2  59  20  16  4  21  65
R.Rincon          2.72  3  3  .500  57  0  0  0 29  56.1  46  18  17  4  21  61
E.Loaiza          2.74 10  8  .556  29 29  0  0  0 161.0 145  56  49 11  42  97
D.Bochtler        2.88  4  3  .571  63  0  0  0  5  93.2  78  39  30  5  63  67
C.Sodowsky        3.04  2  3  .400  54  0  0  0  2  83.0  76  31  28  6  30  77
I.Valdes          3.12 10  7  .588  30 30  0  0  0 181.2 156  70  63 16  35 117
M.Morris          3.39  4  5  .444  16 16  0  0  0  90.1  91  41  34  7  39  52
S.Estes           3.51  2  1  .667   6  6  0  0  0  33.1  26  13  13  2  20  30
S.Cooke           3.81  4  8  .333  20 20  0  0  0 115.2 110  53  49  9  54  75
J.Gonzalez        3.99  3  2  .600   7  7  0  0  0  38.1  30  17  17  6  15  24
M.Remlinger       4.11  2  1  .667  23  0  0  0  1  35.0  26  18  16  5  14  44
J.Schmidt         4.38  7 13  .350  33 33  0  0  0 160.1 132  92  78 13  69 101
D.Dreifort        4.50  5  6  .455  36  0  0  0  4  56.0  48  29  28  4  33  45
J.Dipoto          4.88  8  6  .571  69  0  0  0  3 101.1 129  63  55 13  36  80
D.Henry           5.89  1  3  .250  32  0  0  0  1  44.1  55  30  29  7  24  56
ALL NON-PITCHERS  ----  0  0  ----   0  0  0  0  0   0.0   0   0   0  0   0   0
Team                                          8                   -1
----------------- ---- -- -- ----- --- -- -- -- -- ----- --- --- --- -- --- ---
TEAM TOTALS       3.45    73       152     1    48      1265     535    533
                       79     .520    152     8   1394.2     605    117    1040

Primary Player Statistics For 1998 Hocking Kongs (HOC) Totals After 152 Games


NAME              BAVG  GM  AB   R   H 2B 3B HR RBI  BB  SO HB SH DP  SB CS  E
J.Hernandez       .333  92 162  29  54 10  8 12  30  14  45  0  0  4   1  2  6
T.Eusebio         .316  31  38   4  12  1  0  1   3   5   6  1  0  2   0  0  2
D.Sanders         .309  70  55  14  17  3  0  0   2   2  11  0  0  0  17  2  0
S.Javier          .287 127 251  41  72 12  2  4  27  34  38  2  2  3  17  6  1
J.Randa           .284 127 430  39 122 27  5 12  50  54  68  6  0 12   1  4 14
J.Edmonds         .281 141 541  74 152 32  0 24  97  59  89  7  0  8   4  8  9
G.Colbrunn        .278  37  36   5  10  0  0  2   5   0   7  0  0  1   0  0  0
E.Karros          .259 152 580  78 150 23  0 34  88  61 102  3  0 13  16  2 16
M.Tucker          .258 133 500  86 129 23 12 14  44  51 120  5  8  5  16 13  5
L.Webster         .256  93 211  19  54  9  0  7  30  19  36  0  0  2   0  0  5
E.Young           .247 146 576  80 142 30  7  4  55  66  69  7 13  8  43 18 18
A.Martin          .244 139 508  53 124 19 13 10  49  41 104  6  0  7  19  8 12
R.Clayton         .238 149 551  51 131 32  3  6  51  24 102  1  1 16  20  6 20
D.Fletcher        .220  95 328  44  72 17  0 15  47  31  47  3  0  5   2  1  4
L.Castillo        .200  21  30   6   6  0  0  0   3   3   9  0  0  0   2  2  1
R.Gutierrez       .179  34  39   3   7  1  1  0   3   2  11  0  0  1   0  0  0
B.Kieschnick      ----   0   0   0   0  0  0  0   0   0   0  0  0  0   0  0  0
E.Brown           ----   0   0   0   0  0  0  0   0   0   0  0  0  0   0  0  0
ALL PITCHERS      .121 152 340  19  41  8  0  0  14  11  80  0 31  1   0  0  9
----------------- ---- --- --- --- --- -- -- -- --- --- --- -- -- -- --- -- --
TEAM TOTALS       .250    5176    1295    51    598     944    55    158   122
                       152     645    247   145     477     41    88     72


NAME               ERA  W  L   PCT   G GS CG SH SV    IP   H   R  ER HR  BB  SO
M.Magnante        2.81  6  2  .750  38  0  0  0  4  51.1  45  20  16  2  20  47
C.Perez           3.15 11  9  .550  33 33  2  2  0 228.1 193  86  80 27  50 105
T.Glavine         3.43 18  7  .720  35 35  4  2  0 249.1 230  99  95 31  83 159
P.Astacio         4.15  6 15  .286  33 33  5  1  0 210.1 212 106  97 26  76 148
D.Hall            4.25  9  6  .600  60  0  0  0  7  65.2  76  37  31  4  21  40
M.Morgan          4.31  7  8  .467  19 19  0  0  0  96.0  97  50  46 11  30  52
D.Reyes           4.37  2  5  .286  25  2  0  0  1  47.1  50  24  23  1  26  35
M.Gardner         5.03  7 10  .412  27 27  0  0  0 157.1 172  93  88 26  50 105
J.Acevedo         5.40  1  3  .250  29  3  0  0  1  53.1  64  35  32  6  25  49
J.Tavarez         5.42  5  4  .556  59  0  0  0  2  84.2 101  54  51 10  40  32
R.Nen             5.46  1  7  .125  57  0  0  0 23  64.1  82  45  39  7  37  69
D.Veres           7.59  0  3  .000  44  0  0  0  3  61.2  86  53  52 13  27  58
M.Petkovsek       ----  0  0  ----   0  0  0  0  0   0.0   0   0   0  0   0   0
M.Beech           ----  0  0  ----   0  0  0  0  0   0.0   0   0   0  0   0   0
ALL NON-PITCHERS  ----  0  0  ----   0  0  0  0  0   0.0   0   0   0  0   0   0
Team                                          4                   +0
----------------- ---- -- -- ----- --- -- -- -- -- ----- --- --- --- -- --- ---
TEAM TOTALS       4.27    79       152    11    41      1408     650    485
                       73     .480    152     9   1369.2     702    164     899

Primary Player Statistics For 1998 Morgen Grinders (MOR) Totals After 152 Games


NAME              BAVG  GM  AB   R   H 2B 3B HR RBI  BB  SO HB SH DP  SB CS  E
L.Lopez           .358  57  67   8  24  4  0  1  10   4  13  1  0  3   3  1  0
B.Ashley          .350  21  20   4   7  2  0  1   4   2   6  0  0  0   0  0  0
B.Larkin          .337 106 243  41  82 24  6  3  32  38  28  6  0  4  14  3  5
E.Renteria        .320  29 100   7  32  4  0  0   6   4  15  0  1  3   3  1  4
B.Huskey          .293  70 266  27  78 19  0 13  54  11  48  0  0 12   6  6  8
Q.Veras           .292 134 476  72 139 23  2  2  44  66  75  9 15  5  42  8 11
S.Dunston         .280  44 125  14  35  4  2  0   9   4  23  0  2  2  10  5  5
T.Greene          .278  23  54   7  15  5  0  3  11   6  14  0  0  4   1  0  0
C.Kreuter         .274  58 157  18  43  7  3  2  15  22  40  0  0  2   0  0  3
B.Mueller         .269  98 357  41  96 16  3  5  41  50  68  2  2  8   5  4 10
B.Bonds           .255  80 298  63  76  7  2 20  60  47  60  8  0  7  14  6  3
J.Bagwell         .252  81 298  62  75 19  2 24  64  43  80 11  0  3  15  0  4
O.Nixon           .252 151 620  82 156 16  3  2  34  53 103  0 14  5  62 22  1
J.Howell          .250  29  44   6  11  1  0  5   8   3  13  0  0  2   0  0  1
K.Polcovich       .250   7  24   4   6  0  1  1   2   2   3  0  0  2   0  0  1
C.Grebeck         .244  57 127  12  31  7  0  0  11  19  14  0  1  2   0  0  2
T.Helton          .238  18  21   4   5  0  1  1   2   4   3  0  0  1   0  0  0
T.Phillips        .235  46 153  14  36 12  0  1   7  22  40  1  1  4   4  3  7
T.Barron          .235 100 204  18  48  7  3  5  22  13  42  2  0  2   0  0  3
G.Jefferies       .235  58 170  23  40 10  2  4  18  13   9  1  0  3   5  2  2
B.Johnson         .230 103 344  26  79  6  7 16  48  16  53  1  2  9   2  4  2
C.Gomez           .218  50 133  14  29  8  0  1  17   8  37  1  1  2   1  1  4
C.Widger          .212  22  66   5  14  3  0  2   8   5  18  0  0  5   0  0  2
S.Sosa            .209  71 292  30  61 11  0 14  43  24 112  2  0  4  12  4  5
D.Bell            .200   6   5   0   1  1  0  0   3   0   2  0  0  0   0  0  0
M.Johnson         .182  62 165  25  30  6  1  2  18  36  58  3  0  1   0  0  5
D.White           .181  27  72   9  13  2  1  1   4  15  21  4  0  1   8  0  0
M.Mordecai        .000   1   1   0   0  0  0  0   0   0   1  0  0  0   0  0  0
ALL PITCHERS      .094 152 298  13  28  2  0  1  10  14  71  0 36  2   2  0 12
----------------- ---- --- --- --- --- -- -- -- --- --- --- -- -- -- --- -- --
TEAM TOTALS       .248    5200    1290    39    605    1070    75    209   100
                       152     649    226   130     544     52    98     70


NAME               ERA  W  L   PCT   G GS CG SH SV    IP   H   R  ER HR  BB  SO
M.Cather          1.44  1  1  .500  18  0  0  0  1  25.0  11   5   4  1  12  21
S.Estes           1.94  5  2  .714  11 11  1  1  0  65.0  37  16  14  3  28  46
R.Beltran         1.97 14  4  .778  58  0  0  0  2  77.2  64  21  17  4  36  88
T.Percival        2.83  3  5  .375  62  0  0  0 36  82.2  72  31  26  6  33 104
D.Neagle          2.92  4  3  .571   7  7  0  0  0  52.1  45  17  17  1  10  31
G.McMichael       3.38  2  2  .500  45  0  0  0  0  58.2  54  22  22  5  20  46
J.Lima            3.38  5  2  .714  41  0  0  0  2  66.2  60  25  25  7  10  48
M.Remlinger       3.89  4  3  .571  20  4  0  0  0  41.2  43  24  18  4  19  45
B.Tomko           3.92  4  3  .571  12 12  0  0  0  64.1  64  32  28  4  22  60
D.Dreifort        3.93  1  2  .333  35  0  0  0  2  55.0  50  24  24  2  31  56
D.Osborne         4.03  1  3  .250  16 16  0  0  0  87.0  86  44  39 10  27  66
C.Finley          4.18  2  4  .333  14 14  0  0  0  92.2  71  48  43 10  66  83
J.Gonzalez        4.19  8  5  .615  20 20  0  0  0 109.2 105  53  51 17  52  71
R.Springer        4.22  2  4  .333  39  0  0  0  0  49.0  51  26  23  3  23  61
T.Mulholland      4.29 11 12  .478  33 30  0  0  0 174.0 179  96  83 26  58  96
J.Spradlin        4.32  1  4  .200  38  0  0  0  1  58.1  60  33  28  4  25  51
A.Ashby           5.32  5  9  .357  21 21  1  1  0 118.1 129  72  70 19  36  54
D.Springer        5.90  4  6  .400  31 15  0  0  1  87.0  86  71  57 13  48  34
J.Bullinger       7.97  0  1  .000  13  2  0  0  0  20.1  28  18  18  1  12  13
ALL NON-PITCHERS  ----  0  0  ----   0  0  0  0  0   0.0   0   0   0  0   0   0
Team                                         10                   +0
----------------- ---- -- -- ----- --- -- -- -- -- ----- --- --- --- -- --- ---
TEAM TOTALS       3.94    75       152     2    45      1295     607    568
                       77     .507    152    12   1385.1     678    140    1074

Primary Player Statistics For 1998 Rivercrypts (SEG) Totals After 152 Games


NAME              BAVG  GM  AB   R   H 2B 3B HR RBI  BB  SO HB SH DP  SB CS  E
M.Cummings        .333  15  21   2   7  3  0  0   1   1   7  0  0  0   0  0  0
N.Perez           .304  65 148  18  45  4  3  1  25   9  20  0  1  3   2  1  3
M.Alou            .294  71 265  33  78 24  2 10  40  27  44  4  0  2   9  3  0
S.Dunston         .286  85 346  34  99 15  2  4  31   4  53  1  3  9  24  5  6
V.Guerrero        .286  56 119   7  34  6  0  3  17   8  14  3  0  4   0  3  7
K.Orie            .281  70 199  30  56 17  3  2  13  33  28  4  0  6   2  0  2
G.Sheffield       .275  46  69  17  19  5  0  6  13  29  17  1  0  1   2  1  0
C.Goodwin         .271  81 166  28  45 11  0  0  17  15  28  0  0  2  11  4  3
C.Baerga          .267 140 509  37 136 29  1  9  46  32  60  1  4 12   5  6 11
D.Hamilton        .264  14  53  10  14  2  0  0   3   8   2  0  0  0   0  1  0
S.Rolen           .254  74 264  35  67 19  1  8  38  36  72  9  0  2   4  2 10
J.Eisenreich      .250   6   8   0   2  2  0  0   1   1   0  0  0  1   0  0  0
J.Allensworth     .248  60 117  18  29  6  2  1  10  17  30  4  2  3   5  0  1
J.Guillen         .247  48 198  18  49  8  1  5  25   4  35  4  0  6   1  2  1
J.Mabry           .247 112 283  25  70 10  0  2  21  34  58  7  0 10   0  0  2
S.Finley          .244  32 135  23  33  3  3  7  16  16  25  0  0  2   3  0  1
E.Renteria        .239  45 180  17  43  4  0  1  13   9  32  1  9  3  11  1  5
J.Conine          .227  93 207  26  47  5  0  7  21  23  46  2  0  5   2  0  1
F.McGriff         .225 111 347  42  78 12  1 15  44  45  69  6  0  9   2  0  6
B.Butler          .222  17  63   7  14  3  0  0   1   7   6  0  1  1   3  1  0
S.Sosa            .213  42 174  19  37 13  0  6  18  11  44  1  0  7   6  1  4
A.Stankiewicz     .210  48 105   6  22  6  0  1   5   2  22  0  3  1   0  1  3
B.Jordan          .203  24  59   2  12  2  0  0   2   3  11  5  0  0   3  0  0
K.Manwaring       .190  81 226  12  43  5  6  1  17  25  63  0  0  5   0  2  2
T.Helton          .179  17  67   4  12  2  0  1   2   4  11  0  0  2   0  0  2
C.Widger          .177  69 175  19  31 10  3  5  20  20  47  0  0  2   0  0  3
E.Taubensee       .172  22  64   3  11  2  0  0   6   1  18  0  0  1   0  0  1
G.Vaughn          .162  63 210  19  34  5  0  3  15  31  63  1  0  6   4  2  1
C.Kreuter         .125  24  56   3   7  1  0  0   5   4  16  0  0  1   0  0  1
G.Gaetti          .111   7   9   0   1  1  0  0   0   0   2  0  0  1   0  0  0
J.Mouton          .050  21  20   4   1  0  0  0   1   0   4  0  0  0   1  0  0
B.Fordyce         ----   0   0   0   0  0  0  0   0   0   0  0  0  0   0  0  0
ALL PITCHERS      .118 152 322  12  38  8  0  0  14  16  66  0 27  3   0  1 15
----------------- ---- --- --- --- --- -- -- -- --- --- --- -- -- -- --- -- --
TEAM TOTALS       .234    5184    1214    28    501    1013    50    100    91
                       152     530    243    98     475     54   110     37


NAME               ERA  W  L   PCT   G GS CG SH SV    IP   H   R  ER HR  BB  SO
G.Maddux          1.71  2  0 1.000   4  4  2  1  0  31.2  22   7   6  2   3  20
C.Leskanic        1.84  1  1  .500   9  0  0  0  0  14.2   6   3   3  1  10   4
M.Valdes          2.61  2  3  .400  14  2  0  0  0  38.0  22  12  11  1   9  17
M.Morris          2.72  6  5  .545  15 15  3  0  0 106.0  90  37  32  7  34  69
D.Cook            2.77  3  6  .333  45  0  0  0  3  74.2  69  28  23  4  33  73
D.Hermanson       2.81  4  6  .400  18  8  0  0  0  73.2  54  28  23 11  26  63
F.Heredia         2.88  6  2  .750  39  0  0  0  3  59.1  43  19  19  1  31  44
C.Finley          2.89  0  1  .000   4  4  0  0  0  28.0  23   9   9  3   9  19
D.Plesac          3.00  0  1  .000  14  0  0  0  3  18.0  10   6   6  0   6  23
T.Wendell         3.07  3  2  .600  50  0  0  0  3  76.1  63  30  26  5  56  58
J.Thomson         3.82  5  4  .556  14 14  0  0  0  75.1  91  35  32  8  18  46
A.Leiter          3.85  6 10  .375  26 26  0  0  0 159.0 143  76  68 17 100 144
S.Reynolds        4.14  7 12  .368  22 22  3  2  0 143.1 146  68  66 18  30 114
W.Blair           4.19  2  1  .667  10  6  0  0  0  43.0  44  20  20  4  16  23
J.Dickson         4.52  0  9  .000  13 13  0  0  0  79.2  90  47  40  5  18  57
P.Byrd            4.73  0  1  .000   9  0  0  0  0  13.1  15   8   7  4   8   7
F.Rodriguez       5.18  0  1  .000  27  0  0  0  0  41.2  45  26  24  1  29  33
S.Trachsel        5.24  9 16  .360  34 34  4  3  0 206.0 225 131 120 34  64 163
U.Urbina          5.74  1 10  .091  52  0  0  0 19  64.1  72  46  41  7  50  83
J.Silva           9.09  0  4  .000  17  4  0  0  0  34.2  55  35  35  4  15  27
F.Valenzuela      ----  0  0  ----   0  0  0  0  0   0.0   0   0   0  0   0   0
ALL NON-PITCHERS  ----  0  0  ----   0  0  0  0  0   0.0   0   0   0  0   0   0
Team                                          3                   +0
----------------- ---- -- -- ----- --- -- -- -- -- ----- --- --- --- -- --- ---
TEAM TOTALS       3.98    95       152    12    31      1328     611    565
                       57     .375    152     9   1380.2     671    137    1087

Primary Player Statistics For 1998 Russell M'Ups (FER) Totals After 153 Games


NAME              BAVG  GM  AB   R   H 2B 3B HR RBI  BB  SO HB SH DP  SB CS  E
M.Franco          .429  18  14   3   6  1  0  0   2   6   2  0  0  1   0  0  1
J.Guillen         .333  52 150  25  50  6  2  3  20  12  28  1  0  6   1  1  2
T.Gwynn           .315 144 593  77 187 48  2 15  88  38  47  3  0 13   9  1  6
N.Perez           .314  53 194  29  61  7  5  6  22  19  36  0  1  0   7  0 11
V.Castilla        .296  73 284  46  84  9  0 16  51  23  52  2  0  5   1  4 13
C.Counsell        .294  61 177  28  52 11  4  3  21  18  16  2  0  3   0  0  3
B.Spiers          .289 112 315  55  91 22  2  4  34  62  58  1  1  6  14  6 11
K.Caminiti        .284  76 285  45  81 16  0 14  45  45  71  1  0  3   2  2 15
G.Anderson        .273 142 564  51 154 28  1 12  67  19  76  3  0 15   8  3  1
J.Snow            .271 137 451  74 122 33  1 22  81  84 106  0  0  8   2  0  7
G.Gagne           .270 104 315  28  85 17  2  0  27  30  68  4  2 10   2  3 14
R.Henderson       .269  50  67  18  18  4  0  1   5  17  24  2  0  1   8  7  3
M.Alexander       .266  87 222  28  59  9  3  2  24  11  51  3  0 12   5  3 12
S.Servais         .257  83 265  27  68 15  0  2  27  12  40  6  2  7   0  0  7
L.Johnson         .249  61 253  37  63  9  2  5  23  19  33  0  0  5  11 10  3
J.Flaherty        .246 113 402  28  99 32  1  3  39  26  64  0  0  8   3  2 16
G.Sheffield       .222  58 189  32  42  9  0  6  29  55  44  8  0  4   5  2  1
D.Young           .222  56  99   8  22  2  1  1   5  10  25  0  0  3   2  4  5
T.Howard          .200  49  40   3   8  2  0  0   4   4   9  0  0  1   1  0  0
W.Magee           .167   8   6   1   1  0  0  0   0   0   2  0  0  0   0  0  0
N.Liriano         .125   5   8   3   1  1  0  0   0   3   3  0  0  0   0  0  0
B.Abreu           ----   0   0   0   0  0  0  0   0   0   0  0  0  0   0  0  0
S.Berry           ----   0   0   0   0  0  0  0   0   0   0  0  0  0   0  0  0
ALL PITCHERS      .093 153 355  13  33  5  0  0  12  12  92  0 42  1   0  1  8
----------------- ---- --- --- --- --- -- -- -- --- --- --- -- -- -- --- -- --
TEAM TOTALS       .264    5248    1387    26    626     947    48     81   139
                       153     659    286   115     525     36   112     49


NAME               ERA  W  L   PCT   G GS CG SH SV    IP   H   R  ER HR  BB  SO
J.Christiansen    2.14  1  1  .500  27  0  0  0  1  33.2  28  18   8  2  11  30
A.Osuna           2.32 12  6  .667  54  0  0  0  2  85.1  68  28  22  9  27 102
M.Holtz           2.82  0  1  .000  17  0  0  0  1  22.1  14   9   7  1  10  16
C.Schilling       2.83  8  5  .615  17 17  6  1  0 130.1 103  45  41 17  38 183
G.Stephenson      3.28  5  5  .500  13 12  1  1  0  82.1  74  33  30  6  39  63
K.Brown           3.32 13 13  .500  35 35  8  4  0 257.1 244 109  95 17  68 222
L.Hernandez       3.45  4  1  .800   5  5  1  1  0  31.1  24  13  12  2   9  18
B.Bohanon         3.75  6  2  .750  51  4  0  0  2  98.1 106  46  41 13  32  68
J.Dickson         3.77  5  8  .385  19 19  2  1  0 119.1 135  54  50 16  25  65
M.Wohlers         4.32  3  5  .375  61  0  0  0 29  73.0  71  38  35  6  37  77
C.Holt            4.71  6  9  .400  17 17  3  0  0 105.0 109  58  55 10  45  41
R.Garcia          4.75  8 10  .444  27 26  2  0  0 163.0 167  97  86 25  73 131
M.Rojas           4.81  3  1  .750  36  0  0  0  4  58.0  54  32  31  9  28  60
J.Thomson         5.96  2  4  .333  10 10  0  0  0  48.1  71  40  32  5  19  27
R.Bailey          6.39  1  4  .200   7  7  0  0  0  31.0  35  27  22  7  11  21
J.Juden           7.77  0  1  .000  10  1  0  0  0  24.1  34  23  21  2  13  21
ALL NON-PITCHERS  ----  0  0  ----   0  0  0  0  0   0.0   0   0   0  0   0   0
Team                                          7                   -5
----------------- ---- -- -- ----- --- -- -- -- -- ----- --- --- --- -- --- ---
TEAM TOTALS       3.85    76       153    23    39      1337     583    485
                       77     .503    153    15   1363.0     670    147    1145

Primary Player Statistics For 1998 Skramalonians (SKR) Totals After 152 Games


NAME              BAVG  GM  AB   R   H 2B 3B HR RBI  BB  SO HB SH DP  SB CS  E
C.Stynes          .404  95 218  44  88  9  3  9  30  10  13  1  0  0   8  1  2
V.Guerrero        .343  43 105  11  36  4  0  3  15   3  15  7  0  3   0  0  1
H.Rodriguez       .289  13  45   4  13  3  0  2   5   6   8  1  0  2   0  0  1
R.Klesko          .282 116 376  39 106 32  3 12  75  52  92  2  0 16   2  3  5
M.Grace           .280 147 510  68 143 24  4  9  50  75  55  2  1 15   2  2  7
L.Gonzalez        .262  57  65   6  17  5  0  0   5   4   7  1  0  0   0  1  0
S.Rolen           .256  71 273  37  70 15  1  9  30  32  68  4  0  5   3  1 13
D.Hamilton        .256  69 223  38  57 10  0  3  13  35  27  0  6  1  10  2  4
M.Alou            .254  72 268  28  68 12  2 10  44  28  39  6  0  5   4  3  2
K.Orie            .246  63 203  24  50 10  6  5  20  18  39  2  0  7   0  0  4
B.Butler          .237  72 194  28  46 11  2  0   6  19  17  2  4  3   3  2  0
B.Gilkey          .223  45  94  19  21  6  0  6  12  17  19  0  0  2   2  0  1
F.McGriff         .222  10   9   1   2  0  0  1   1   0   1  0  0  0   0  0  0
M.Grudzielanek    .217 132 470  39 102 31  0  5  33  22  69  8  0 13  13  5 25
M.Lieberthal      .215 140 506  47 109 22  0 17  67  52  84  4  0 11   2  5 13
G.Gaetti          .205  28  83   7  17  1  0  4  14   7  14  0  0  5   1  0  1
B.Boone           .202 134 387  32  78 22  2  5  27  44  90  3  0  9   5  4  3
S.Finley          .201  78 303  37  61  8  1 12  37  24  51  0  0 11   3  2  5
G.Vaughn          .194  32  72   7  14  2  0  5  16  17  23  1  0  0   0  2  0
P.Reese           .194  75 103  15  20  3  0  2   7   4  27  2  1  1   8  3  4
T.Houston         .190  10  21   1   4  0  0  0   1   0   5  0  0  0   0  0  1
W.McGee           .185  17  54   3  10  2  0  0   0   2  12  0  0  1   2  0  1
R.Gant            .176  12  17   1   3  0  0  0   1   1   7  0  0  0   0  0  0
O.Palmeiro        .139  60  79   8  11  3  0  0   2   5   7  0  0  0   1  0  3
E.Perez           .115  25  52   2   6  2  0  0   1   2  16  1  0  2   0  0  0
M.Cummings        ----   0   0   0   0  0  0  0   0   0   0  0  0  0   0  0  0
B.Jordan          ----   0   0   0   0  0  0  0   0   0   0  0  0  0   0  0  0
P.Listach         ----   0   0   0   0  0  0  0   0   0   0  0  0  0   0  0  0
ALL PITCHERS      .112 152 330   9  37  6  0  1  12  13  75  0 34  0   1  1 21
----------------- ---- --- --- --- --- -- -- -- --- --- --- -- -- -- --- -- --
TEAM TOTALS       .235    5060    1189    24    524     880    46     70   117
                       152     555    243   120     492     47   112     37


NAME               ERA  W  L   PCT   G GS CG SH SV    IP   H   R  ER HR  BB  SO
P.Martinez        2.15 19  9  .679  34 34  6  2  0 255.0 155  61  61 21  68 323
R.Hernandez       2.39  2  2  .500  47  0  0  0 22  64.0  58  20  17  4  29  67
S.Estes           2.54  9  4  .692  19 19  3  2  0 117.0  86  42  33 10  72 118
J.Smoltz          2.94  9 18  .333  36 36  3  0  0 253.2 207  93  83 30  41 214
G.Stephenson      3.18  2  5  .286  10  9  1  1  0  51.0  42  20  18  6  12  34
B.Tomko           3.34  2  5  .286  12 10  2  1  0  70.0  55  28  26  3  25  48
A.Ashby           3.41  7  5  .583  14 14  0  0  0  92.1  99  37  35  7  28  62
J.Juden           3.81  1  2  .333   5  5  0  0  0  26.0  23  13  11  5   9  10
D.Hermanson       3.89  5  4  .556  13 12  1  1  0  81.0  61  39  35 10  39  61
T.Adams           4.04  2  2  .500  51  0  0  0 15  64.2  84  32  29  3  32  40
D.Plesac          4.09  1  3  .250  19  0  0  0  0  22.0  19  12  10  4  10  18
J.Powell          4.50  7  3  .700  69  0  0  0  3  88.0  98  51  44  3  43  86
T.Worrell         4.83  4  4  .500  43  0  0  0  1  50.1  51  28  27  8  24  40
M.Holtz           5.12  1  0 1.000  20  0  0  0  0  19.1  21  13  11  6   4  11
T.Green           6.70  2  4  .333   8  8  0  0  0  44.1  49  34  33  7  16  31
P.Rapp            6.99  3  4  .429  28  3  0  0  1  55.1  67  48  43  8  45  36
R.Bailey          7.71  0  2  .000   2  2  0  0  0   7.0  14  10   6  3   6   1
W.Vanlandingham   ----  0  0  ----   0  0  0  0  0   0.0   0   0   0  0   0   0
M.Morris          ----  0  0  ----   0  0  0  0  0   0.0   0   0   0  0   0   0
ALL NON-PITCHERS  ----  0  0  ----   0  0  0  0  0   0.0   0   0   0  0   0   0
Team                                          6                   +0
----------------- ---- -- -- ----- --- -- -- -- -- ----- --- --- --- -- --- ---
TEAM TOTALS       3.45    76       152    16    42      1189     522    503
                       76     .500    152    13   1361.0     581    138    1200

Primary Player Statistics For 1998 Slattery Incarn (SLA) Totals After 152 Games


NAME              BAVG  GM  AB   R   H 2B 3B HR RBI  BB  SO HB SH DP  SB CS  E
T.Pratt           .352  40  91  16  32  4  0  1  11   7  20  3  0  2   0  0  0
B.Abreu           .350  25  60   9  21  2  0  3   9   6  20  0  0  0   0  1  0
K.Young           .320  99 366  58 117 25  3 22  80  27  96  8  0  9   6  4  2
D.Berryhill       .314  20  35   2  11  1  0  0   3   1   7  0  0  1   0  0  1
J.Bagwell         .292  64 236  60  69 21  1 19  53  46  55  4  0  5  10  3  5
K.Caminiti        .282  77 301  42  85 23  0 13  42  38  85  3  0  3   6  2  9
V.Castilla        .280  75 307  32  86  8  1 16  54  19  55  0  0 10   2  0  4
A.Ochoa           .275  39  91  11  25  6  0  2   9   8  22  0  0  3   0  3  1
M.Lewis           .271  44  59   9  16  4  1  3   8   5  15  0  0  1   0  0  1
J.Kendall         .270 133 512  95 138 34  5  8  38  51  75 36  0 10  25 10  4
D.Bell            .269 126 469  46 126 16  3 18  61  47  88 14  0 11  12  9  7
M.Lansing         .269 146 577  78 155 48  2 22  92  43  93  7  1  9  13  9 10
K.Elster          .261  68 115  14  30  6  1  4  19  16  45  2  1  0   0  0  2
B.McMillon        .250  29  44   3  11  1  0  0   2   3  10  0  0  0   2  0  2
L.Johnson         .244  58 246  35  60  6  9  2  11  28  37  0  0  1  16  7  6
H.Morris          .240  17  25   1   6  3  0  0   4   0   1  0  0  0   0  0  1
D.Sveum           .231  88 307  26  71 12  0 13  46  22  79  0  0  6   1  1  4
D.White           .223  55  94  17  21  6  0  2   6  18  26  2  1  0   9  6  1
G.Disarcina       .217 125 443  34  96 31  3  1  32  16  42  5  0  5  11  9 13
R.Henderson       .191  55 199  23  38  3  0  2  11  39  46  6  0  3  14 10  8
B.McRae           .189  90 259  29  49 13  1  5  25  30  41  2  5  5   6  1  3
A.Arias           .186  40  43   4   8  1  0  3   3   1   7  0  0  1   0  0  0
E.Murray          .167   7  24   0   4  0  0  0   1   3   2  0  0  1   0  0  0
ALL PITCHERS      .087 152 346  15  30 10  0  0  10  14 109  0 31  0   0  0  9
----------------- ---- --- --- --- --- -- -- -- --- --- --- -- -- -- --- -- --
TEAM TOTALS       .249    5249    1305    30    630    1076    39    133    93
                       152     659    284   159     488     92    86     75


NAME               ERA  W  L   PCT   G GS CG SH SV    IP   H   R  ER HR  BB  SO
L.Hernandez       3.08  3  3  .500  10 10  0  0  0  64.1  61  23  22  4  24  44
C.Schilling       3.45  7  8  .467  19 19  3  1  0 133.0 122  53  51 10  27 162
J.Lieber          3.64 11  9  .550  27 27  3  2  0 175.1 170  77  71 19  49 135
F.Cordova         3.73 12  9  .571  29 29  3  2  0 186.0 174  84  77 17  43 124
R.Bottalico       4.27  1  2  .333  43  0  0  0  3  52.2  59  26  25  5  27  46
C.McElroy         4.46  5  8  .385  61  0  0  0  5  82.2  81  47  41  9  34  66
B.Clontz          4.47  1  3  .250  39  0  0  0  0  52.1  55  27  26  5  17  41
C.Holt            4.54  8  6  .571  17 17  2  0  0 111.0 105  61  56 12  41  43
W.Alvarez         4.70 11 15  .423  34 34  0  0  0 212.1 214 117 111 27 108 194
M.James           4.95  2  2  .500  43  0  0  0  2  60.0  71  37  33  2  28  44
T.Fossas          5.32  1  0 1.000  39  0  0  0  0  47.1  57  30  28  6  18  27
R.Loiselle        5.55  1  6  .143  55  0  0  0 31  73.0  92  48  45 14  27  70
M.Wilkins         5.72  3  3  .500  31  0  0  0  0  39.1  42  30  25  3  20  23
D.Darwin          7.49  3  8  .273  25 16  0  0  0  81.2 120  71  68 17  25  51
E.Vosberg         9.35  0  1  .000   7  0  0  0  0   8.2  14  10   9  2   5   6
ALL NON-PITCHERS  ----  0  0  ----   0  0  0  0  0   0.0   0   0   0  0   0   0
Team                                          8                   -1
----------------- ---- -- -- ----- --- -- -- -- -- ----- --- --- --- -- --- ---
TEAM TOTALS       4.48    83       152    11    41      1437     687    493
                       69     .454    152    13   1379.2     741    152    1076
