Primary Player Statistics For 1999 Avery Tards (AVC) Totals After 152 Games


NAME              BAVG  GM  AB   R   H 2B 3B HR RBI  BB  SO HB SH DP  SB CS  E
M.Lansing        1.000   4   1   1   1  0  0  1   2   0   0  0  0  0   0  0  0
S.Berry           .344  18  32   2  11  0  1  1   6   1   9  0  0  3   1  0  1
G.Anderson        .340  44 159  19  54 14  2  4  30  10  19  0  0  0   1  1  1
C.Kreuter         .333   1   3   0   1  0  0  0   0   0   0  0  0  0   0  0  0
B.Henley          .333  34  75  10  25  4  0  1  15   8  16  2  0  0   2  0  1
G.Jefferies       .333   6  12   0   4  1  0  0   2   1   1  0  0  3   0  0  0
D.Hamilton        .329 143 586  94 193 23  4  5  55  70  97  3 13  3  28  8  2
F.Vina            .313 152 630 119 197 36  9 12  69  42  73 25 26  8  22 17 12
C.Hayes           .308  17  26   1   8  0  0  0   3   2   4  0  0  0   2  0  0
G.Gaetti          .302  99 331  55 100 30  2 13  58  33  51  9  0  7   0  0  6
J.Olerud          .296 145 554  86 164 27  4 21 111  78  86  5  1 12   6  2  4
J.Allensworth     .293  34  41  11  12  2  1  0   7   0  14  3  1  0   7  2  0
A.Boone           .286  70 196  26  56  8  2  2  22  33  33  5  0  2   7  1  7
O.Guillen         .282  44 117  16  33  9  2  0  16  13   7  1  0  3   1  0  2
G.Sheffield       .276  86 272  67  75 14  0 21  68  63  39  3  0  3  19  3  1
C.Everett         .273  49 128  17  35  5  1  5  20  14  32  0  0  5   5  0  2
G.Colbrunn        .262  84 149  22  39 10  1  0  15  12  29  4  0  3   4  3  4
B.Bonds           .257 151 565 129 145 26  7 31 118 109 117 10  0 10  36 12  3
R.Aurilia         .255 121 444  45 113 28  3  7  53  31  74  2  0  6   2  3 11
J.Lopez           .254 122 457  57 116 13  4 26  85  35  87 10  0 23   4  3  0
J.Castro          .250   6  16   1   4  1  0  1   6   1   2  0  0  0   0  0  1
B.Hughes          .231   4  13   1   3  0  1  0   4   1   3  0  0  0   1  0  0
K.Sefcik          .219  72  73  12  16  4  1  0   4   8  23  3  2  0   5  2  2
B.Huskey          .200  12  25   3   5  0  0  1   2   1   4  0  0  2   0  0  0
C.Goodwin         .000  11   3   2   0  0  0  0   0   0   0  0  0  0   0  1  0
ALL PITCHERS      .121 152 363  20  44  9  1  1  10  16  88  0 36  1   1  0  9
----------------- ---- --- --- --- --- -- -- -- --- --- --- -- -- -- --- -- --
TEAM TOTALS       .276    5271    1454    46    781     908    79    154    69
                       152     816    264   153     582     85    94     58


NAME               ERA  W  L   PCT   G GS CG SH SV    IP   H   R  ER HR  BB  SO
J.Brantley        0.00  0  1  .000   4  0  0  0  0   3.2   3   1   0  0   3   2
T.Wendell         2.40  8  4  .667  65  0  0  0  3  93.2  68  28  25  5  37  68
J.Thomson         2.66  3  1  .750   7  7  0  0  0  40.2  47  12  12  1  13  27
M.Hampton         3.60 13  8  .619  32 31  5  0  0 217.2 207  98  87 23  80 129
D.Veres           3.77  3  5  .375  53  0  0  0 19  71.2  74  33  30 10  21  61
R.Rincon          3.91  5  4  .556  44  0  0  0 11  48.1  43  22  21  7  27  41
R.Myers           3.94  6  4  .600  32  0  0  0  6  32.0  28  14  14  1  18  27
B.Anderson        3.99 15 10  .600  33 33  5  1  0 216.1 210 105  96 41  39  89
J.Hamilton        4.29  4  4  .500  16 16  0  0  0  98.2 104  49  47  9  52  68
P.Harnisch        4.45 12  8  .600  33 33  4  1  0 220.1 193 111 109 33  58 172
A.Reynoso         4.50  2  2  .500   4  4  0  0  0  26.0  22  13  13  2  15  10
J.Christiansen    4.56  2  0 1.000  20  0  0  0  2  25.2  23  13  13  5  10  26
J.Johnstone       4.70  2  0 1.000  28  0  0  0  0  46.0  43  24  24  9  17  47
S.Woodard         5.17 10  4  .714  48 12  2  0  3 132.1 160  80  76 20  39 120
D.Osborne         5.30  1  1  .500   6  6  1  1  0  35.2  41  22  21  4   9  20
M.Busby           5.45  2  2  .500  11  4  0  0  0  33.0  34  20  20  4   7  23
S.Hasegawa        6.48  1  1  .500   8  0  0  0  1   8.1   8   6   6  3   1   7
D.Neagle          7.29  1  3  .250   6  6  1  0  0  33.1  43  27  27  7  14  20
ALL NON-PITCHERS  ----  0  0  ----   0  0  0  0  0   0.0   0   0   0  0   0   0
Team                                          6                   +0
----------------- ---- -- -- ----- --- -- -- -- -- ----- --- --- --- -- --- ---
TEAM TOTALS       4.17    62       152    18    45      1351     641    460
                       90     .592    152     9   1383.1     678    184     957

Primary Player Statistics For 1999 Co Operators (COO) Totals After 152 Games


NAME              BAVG  GM  AB   R   H 2B 3B HR RBI  BB  SO HB SH DP  SB CS  E
O.Cabrera         .363 102 256  40  93 26  1  3  35  20  27  0  2  6   5  3  6
M.Piazza          .338  81 340  62 115 26  1 27  96  29  59  0  0 16   2  2  4
J.Kent            .316 141 547  98 173 43  5 35  86  61 118  9  0 13   7  1 25
J.Bagwell         .314 150 573 128 180 36  1 38 110 108 111  8  0 15  18  4  6
G.Williams        .306  70 196  35  60 13  0  8  31  15  46  1  0  4   8  0  6
M.Loretta         .304  78 319  43  97 29  1  5  46  26  53  3  3  6   8  2  5
C.Floyd           .296 138 533  85 158 42  6 25  82  46 105  3  0 11  23  7  5
M.Benard          .290  41 145  19  42  7  0  0   6  16  18  1  1  1   4  3  1
R.Lankford        .268  70 272  55  73 18  1  9  33  33  84  0  0  2  11  0  2
B.Johnson         .267  53 131  23  35  6  1  8  28  17  28  1  0  3   0  0  1
A.Arias           .267  56  60   3  16  2  0  0   6   1  13  0  0  2   1  0  1
D.Glanville       .258 128 422  52 109 16  3  5  37  22  68  5  1  6  20  7  1
S.Finley          .257  76 280  33  72 26  2  5  37  19  45  0  2  2   3  1  1
T.Glaus           .250   8  12   2   3  0  0  0   1   1   2  0  0  0   0  0  0
D.Nilsson         .250  19  32   4   8  3  0  2   6   2   7  0  0  0   0  0  0
S.Rolen           .249 144 522  86 130 37  3 16  74  91 138 14  0  6  12  4 12
J.Vander Wal      .243  94 107  14  26 11  0  3  10  14  32  0  0  5   0  0  0
M.Walbeck         .224  63 165  11  37  5  1  3  26  18  37  1  2  2   0  0  2
J.Blauser         .186  32  86  15  16  3  1  1  10  13  24  1  0  3   0  1  4
T.Graffanino      .147  21  34   6   5  1  0  1   7   4  11  0  0  0   0  0  1
M.Newfield        ----   0   0   0   0  0  0  0   0   0   0  0  0  0   0  0  0
M.Parent          ----   0   0   0   0  0  0  0   0   0   0  0  0  0   0  0  0
B.Brede           ----   0   0   0   0  0  0  0   0   0   0  0  0  0   0  0  0
ALL PITCHERS      .163 152 337  23  55 11  1  4  30  13  78  0 44  2   0  0 10
----------------- ---- --- --- --- --- -- -- -- --- --- --- -- -- -- --- -- --
TEAM TOTALS       .280    5369    1503    28    797    1104    55    122    93
                       152     837    361   198     569     47   105     35


NAME               ERA  W  L   PCT   G GS CG SH SV    IP   H   R  ER HR  BB  SO
T.Hoffman         2.52  3  3  .500  61  0  0  0 32  82.0  52  24  23  9  28  87
P.Byrd            3.04  8  2  .800  51  0  0  0  2  74.0  55  25  25  9  32  40
A.Osuna           3.48  4  1  .800  41  0  0  0  2  54.1  34  21  21  8  32  62
C.King            3.78  2  4  .333  38  0  0  0  0  52.1  52  25  22  8  21  31
R.Delucia         4.45  1  1  .500  25  0  0  0  0  30.1  24  15  15  4  20  26
D.Neagle          4.50  9  3  .750  19 19  1  0  0 116.0 110  65  58 20  60  73
S.Belinda         4.62  2  0 1.000  19  0  0  0  1  25.1  26  14  13  4  10  24
D.Burba           4.65 10 15  .400  37 34  0  0  0 205.0 211 119 106 35  76 137
J.Frascatore      4.76  3  1  .750  68  0  0  0  2  92.2  92  53  49 10  38  43
D.Mlicki          4.78  9  6  .600  22 22  1  0  0 130.0 134  73  69 14  61  61
C.Schilling       4.80 16 13  .552  39 39  9  2  0 258.2 261 140 138 37  70 319
A.Embree          4.85  2  3  .400  29  0  0  0  0  29.2  38  19  16  3  13  21
M.Morgan          5.54  7  8  .467  18 18  0  0  0  91.0  99  58  56 22  28  51
S.Trachsel        5.65  5  8  .385  20 20  0  0  0 106.2 112  70  67 15  43  76
D.Reyes           6.10  1  2  .333  25  0  0  0  0  20.2  23  15  14  1   9  23
S.Bennett         ----  0  0  ----   0  0  0  0  0   0.0   0   0   0  0   0   0
ALL NON-PITCHERS  ----  0  0  ----   0  0  0  0  0   0.0   0   0   0  0   0   0
Team                                          2                   +0
----------------- ---- -- -- ----- --- -- -- -- -- ----- --- --- --- -- --- ---
TEAM TOTALS       4.55    70       152    11    39      1323     692    541
                       82     .539    152     4   1368.2     736    199    1074

Primary Player Statistics For 1999 Davehawks (AVD) Totals After 152 Games


NAME              BAVG  GM  AB   R   H 2B 3B HR RBI  BB  SO HB SH DP  SB CS  E
S.Berry           .368  74 163  33  60 12  0 11  34  14  28  4  0  3   0  1  4
K.Abbott          .358  60  67   4  24  5  0  0   6   4  19  0  0  3   0  4  1
G.Hill            .309 107 285  39  88 11  1 15  39  24  59  1  0  9   0  2  9
A.Galarraga       .281  88 349  54  98 18  2 27  73  27  88 14  0  4   7  3  3
S.Martinez        .267  46  86  11  23 10  0  0  11  13  21  0  0  2   0  0  4
T.Salmon          .264 131 474  72 125 23  2 30  86  84 118  1  0  4   1  0 14
R.Klesko          .260 135 408  60 106 34  0 17  62  58  57  3  0 12   5  3  4
L.Johnson         .258  57  62   9  16  2  1  2   7   5  12  0  0  1   4  0  0
B.Spiers          .257 115 373  31  96 21  1  3  29  48  81 11  0  8   7  3  9
R.Lankford        .252  78 318  59  80 23  0 14  40  36  94  1  0  2  10  4  6
R.Cedeno          .250  13  28   3   7  1  0  0   4   5   5  0  1  0   2  1  1
E.Perez           .245  69 229  24  56  7  0  7  23  20  65  1  0  3   0  0  8
T.Womack          .238 151 659  81 157 21  5  2  40  28 112  0  5  2  74 26 18
S.Finley          .225  65 262  29  59 14  3  6  24  11  44  3  5  3   5  0  7
C.Hayes           .214  22  28   2   6  1  0  0   1   5   6  0  0  1   0  0  0
R.Ordonez         .208 147 499  29 104 17  5  0  47  22  82  0  2 15   3  5 14
J.Reed            .195  92 307  33  60 12  0  7  27  51  94  4  0  4   0  0  7
T.Houston         .194  72 211  15  41  6  0  0  17  21  58  0  0  3   6  0  5
C.Pride           .145  56  55  11   8  4  0  1   6   4  16  5  0  2   0  0  0
P.Kelly           ----   0   0   0   0  0  0  0   0   0   0  0  0  0   0  0  0
M.Grissom         ----   0   0   0   0  0  0  0   0   0   0  0  0  0   0  0  0
B.Estalella       ----   1   0   0   0  0  0  0   0   0   0  0  0  0   0  0  0
ALL PITCHERS      .146 152 301  18  44 12  1  2  17  16  50  0 28  1   0  0  7
----------------- ---- --- --- --- --- -- -- -- --- --- --- -- -- -- --- -- --
TEAM TOTALS       .244    5164    1258    21    593    1109    41    124   121
                       152     617    254   144     496     48    82     52


NAME               ERA  W  L   PCT   G GS CG SH SV    IP   H   R  ER HR  BB  SO
D.Reyes           2.25  0  0  ----   2  0  0  0  0   4.0   1   2   1  0   1   4
A.Embree          2.25  0  0  ----   7  0  0  0  0   8.0   6   3   2  1   2   7
J.Hudek           3.78  5  0 1.000  44  0  0  0  0  64.1  40  29  27  6  55  71
T.Candiotti       3.93  5 10  .333  22 22  1  0  0 148.2 144  72  65 17  55  82
R.Beck            3.98  3  5  .375  63  0  0  0 18  74.2  68  34  33 13  20  77
M.Dejean          4.08  0  2  .000  46  0  0  0  1  75.0  76  38  34 10  28  30
M.Clark           4.20  7  4  .636  12 12  2  0  0  83.2  88  40  39  9  30  57
J.Powell          4.78  4  4  .500  43  0  0  0  3  69.2  70  38  37 12  37  55
S.Belinda         5.02  5  3  .625  25  0  0  0  0  37.2  34  21  21  4  25  41
J.Franco          5.02  2  3  .400  25  0  0  0  2  28.2  39  20  16  3  17  28
S.Bergman         5.08  6 17  .261  30 30  1  0  0 173.2 214 114  98 23  49  81
J.Hamilton        5.73  6 10  .375  20 20  2  1  0 110.0 129  72  70 13  62  59
O.Hershiser       5.96  5 15  .250  31 31  1  0  0 170.2 204 132 113 32  86  93
A.Benes           6.03  4 15  .211  23 23  2  1  0 146.1 177 106  98 29  51  86
F.Heredia         6.20  0  1  .000  45  0  0  0  0  69.2  79  49  48  4  49  62
S.Trachsel        7.04  2  8  .200  13 13  0  0  0  70.1  89  62  55 19  29  38
D.Neagle         11.57  0  1  .000   1  1  0  0  0   4.2   4   7   6  2   4   2
W.Blair           ----  0  0  ----   0  0  0  0  0   0.0   0   0   0  0   0   0
T.Moore           ----  0  0  ----   0  0  0  0  0   0.0   0   0   0  0   0   0
ALL NON-PITCHERS  ----  0  0  ----   0  0  0  0  0   0.0   0   0   0  0   0   0
Team                                          0                   +0
----------------- ---- -- -- ----- --- -- -- -- -- ----- --- --- --- -- --- ---
TEAM TOTALS       5.13    98       152     9    24      1462     763    600
                       54     .355    152     2   1339.2     839    197     873

Primary Player Statistics For 1999 Dou's Crew (DOU) Totals After 152 Games


NAME              BAVG  GM  AB   R   H 2B 3B HR RBI  BB  SO HB SH DP  SB CS  E
M.Matheny         .500   4   2   0   1  0  0  0   0   1   0  0  0  0   0  0  0
B.Mayne           .350  17  20   2   7  1  0  1   4   3   5  0  0  0   0  0  0
M.Grissom         .333  27  27   6   9  4  0  2   7   4   5  0  0  2   0  0  0
T.Gwynn           .328  55 241  46  79 16  1  9  34  19  23  0  0  4   3  1  1
R.Brogna          .324  73  68   5  22  3  0  2  12   5  19  0  0  2   0  1  0
D.Deshields       .323 104 341  62 110 24  9  6  37  47  50  0  7  6   5  1  7
M.Grace           .322  89 335  62 108 24  2 15  71  69  31  2  0  7   5  6  6
N.Perez           .321  65 252  34  81  9  9  5  40  13  31  0  1  1   1  2  7
C.Jones           .316  63 247  48  78 11  1 26  55  35  47  0  0 10   9  2  7
L.Walker          .314  24  86  19  27  5  0  3  17  16  12  1  0  1   3  1  1
C.Biggio          .312  62 237  51  74 21  0  7  24  33  35 12  8  4  33  5  8
R.Mondesi         .299  59 254  38  76 14  0 15  47   7  55  0  0  2   5  1  1
R.Sanders         .281  92 327  44  92  3  7 10  43  30 104  6  1  5  14  5 11
B.Mueller         .279  56 172  28  48 16  0  4  28  28  36  0  3  6   3  1  6
B.Ausmus          .276 147 558  65 154 17  3 16  68  47  88  5  6 23  16  1  8
J.Bell            .265  83 309  39  82 20  3 13  44  24  80  5  0 16   4  1  9
K.Caminiti        .261  50 165  34  43 12  0 14  34  35  52  1  0  2   2  1  6
D.Bichette        .259  63 255  31  66 13  0 10  33  12  42  0  0 12   2  0  6
D.Lewis           .258 132 419  71 108 17  3  4  36  61  70  4  1  8  13  2  1
M.McGwire         .255  63 216  44  55  6  1 31  53  52  79  1  0  3   0  0  6
H.Rodriguez       .247  54 186  27  46  7  1 15  41  25  50  0  0  5   0  1  0
C.Stynes          .233  76 116  12  27  2  0  0   5  15  22  1  1  4   4  2  0
T.Hundley         .200   9  10   2   2  0  0  1   1   0   4  2  0  0   1  0  0
K.Lockhart        .185  16  27   3   5  1  0  1   4   1   2  0  0  0   0  0  1
M.Alexander       .167  23  36   5   6  3  0  1   3   3   6  0  0  1   0  0  1
J.Nunnally        .158  23  19   3   3  1  0  0   0   6   4  0  0  0   0  1  0
P.Konerko         .125   4   8   1   1  0  0  0   0   0   1  1  0  0   0  0  0
K.Garcia          ----   0   0   0   0  0  0  0   0   0   0  0  0  0   0  0  0
S.Livingstone     ----   0   0   0   0  0  0  0   0   0   0  0  0  0   0  0  0
J.Vidro           ----   0   0   0   0  0  0  0   0   0   0  0  0  0   0  0  0
S.Dunston         ----   0   0   0   0  0  0  0   0   0   0  0  0  0   0  0  0
ALL PITCHERS      .177 152 345  22  61 11  0  0  30  11  77  0 34  5   0  0 13
----------------- ---- --- --- --- --- -- -- -- --- --- --- -- -- -- --- -- --
TEAM TOTALS       .279    5278    1471    40    771    1030    62    123   106
                       152     804    261   211     602     41   129     35


NAME               ERA  W  L   PCT   G GS CG SH SV    IP   H   R  ER HR  BB  SO
B.Wagner          2.61  3  2  .600  39  0  0  0 17  48.1  39  14  14  4  18  53
L.Painter         2.83  1  1  .500  50  0  0  0  4  54.0  50  18  17  7  25  45
J.Franco          3.21  1  0 1.000  29  0  0  0  2  33.2  37  13  12  4  12  38
O.Daal            3.43  4  2  .667  31  1  0  0  0  44.2  43  17  17  4  15  38
C.Park            3.62 18  9  .667  34 34  2  1  0 231.0 207 103  93 24  98 188
K.Wood            3.79  5  2  .714  11 11  4  1  0  76.0  59  35  32 11  33 104
T.Glavine         4.03  9  3  .750  15 15  2  1  0  96.0  92  46  43  9  32  56
W.Banks           4.22  0  1  .000  17  0  0  0  0  21.1  19  13  10  3  17   9
C.Fox             4.42  1  1  .500  53  0  0  0  2  71.1  84  38  35 12  29  68
K.Ligtenberg      4.93  3  4  .429  28  0  0  0 12  38.1  34  24  21  7  14  48
R.Rodriguez       4.97  1  1  .500  53  0  0  0  2  41.2  43  23  23  3  14  30
A.Telemaco        5.18  7  4  .636  41  9  0  0  1  83.1  99  55  48 12  29  44
T.Saunders        5.58  9 10  .474  25 25  2  0  0 151.2 152 108  94 23 106 121
I.Valdes          5.64 11 11  .500  29 29  1  0  0 166.0 192 117 104 29  63 113
K.Millwood        5.72  6  7  .462  19 19  0  0  0  94.1 107  65  60 12  36  81
T.Miller          5.80  1  7  .125  43  0  0  0  2  54.1  59  37  35  5  27  30
B.Jones*          6.16  0  1  .000   9  2  0  0  1  19.0  30  15  13  2  11  15
D.Kile            7.48  0  6  .000   7  7  1  0  0  43.1  62  38  36  7  29  19
ALL NON-PITCHERS  ----  0  0  ----   0  0  0  0  0   0.0   0   0   0  0   0   0
Team                                          1                   +0
----------------- ---- -- -- ----- --- -- -- -- -- ----- --- --- --- -- --- ---
TEAM TOTALS       4.65    72       152    12    43      1408     707    608
                       80     .526    152     4   1368.1     779    178    1100

Primary Player Statistics For 1999 Evenson Odd (EVE) Totals After 152 Games


NAME              BAVG  GM  AB   R   H 2B 3B HR RBI  BB  SO HB SH DP  SB CS  E
B.Fullmer         .333  26  24   6   8  3  0  1   6   1   3  0  0  0   0  0  0
T.Batista         .316  65 117  19  37  3  1  6  21   6  18  3  0  4   1  0  1
T.Hubbard         .307  73 166  26  51  4  3  4  16  18  33  3  0  4   1  3  1
W.Joyner          .303 120 469  62 142 42  1 11  57  57  62  0  0  8   0  2  4
D.Erstad          .302 133 549  81 166 37  5 20  66  39  90  8  0  4  11  4  2
W.Guerrero        .300 122 404  42 121 18  5  1  40  33  71  0  0  8   4  0 14
R.Sanders         .292  55 209  31  61  9  2  3  23  21  56  3  1  7   7  6  4
C.Shipley         .272  82 173  26  47  9  1  2  20   7  29  7  0  8   0  0  3
R.Mondesi         .266  87 297  46  79 13  7 17  47  23  55  0  0 11   3  0  3
C.Johnson         .256  83 172  19  44 12  0  7  29  22  52  0  0  2   0  0  3
B.Brown           .253 116 372  59  94 23  3 13  46  39 103  3  0  8   0  2  6
J.Vidro           .250  12  16   2   4  0  0  0   0   2   2  2  0  0   0  0  2
J.Eisenreich      .241  15  29   3   7  1  1  0   2   3   9  0  0  0   0  0  0
M.Lieberthal      .233  53 163  14  38  7  1  6  16  11  17  6  0  1   0  0  5
P.Polanco         .231  20  13   1   3  0  1  0   0   0   5  0  0  0   0  0  1
R.Gant            .225 100 280  32  63 13  2 15  49  38  87  3  0  7   2  4  4
T.Lampkin         .222  81 248  31  55 16  0  5  28  24  39 12  0  9   5  0 10
A.Sheets          .214  64 201  22  43  7  1  7  27  23  65  1  0  2   5  1  6
J.Valentin        .213 137 450  60  96 25  1 20  58  63 122  0  0  8   3  3 21
K.Caminiti        .211  86 261  45  55 15  0 16  46  49  53  3  0  3   2  0  7
D.Howard          .203  50 118  14  24  3  5  2  12   9  33  0  0  2   0  0  2
J.Vizcaino        .186  53  86   8  16  1  1  0   8   6  13  1  0  4   1  1  1
P.Konerko         .179  34  78   8  14  5  0  2   7   7  10  0  0  4   0  0  2
C.Jones*          ----   0   0   0   0  0  0  0   0   0   0  0  0  0   0  0  0
D.Clark           ----   0   0   0   0  0  0  0   0   0   0  0  0  0   0  0  0
C.Jones           ----   0   0   0   0  0  0  0   0   0   0  0  0  0   0  0  0
ALL PITCHERS      .139 152 303  17  42 11  0  0  21  11  61  0 26  3   0  0 12
----------------- ---- --- --- --- --- -- -- -- --- --- --- -- -- -- --- -- --
TEAM TOTALS       .252    5198    1310    41    645    1088    27     45   114
                       152     674    277   158     512     55   107     26


NAME               ERA  W  L   PCT   G GS CG SH SV    IP   H   R  ER HR  BB  SO
D.Cook            1.26  0  0  ----  35  0  0  0  4  35.2  26   5   5  1   6  52
J.Mesa            2.43  0  2  .000  24  0  0  0  0  33.1  29  10   9  3  13  17
D.Henry           3.10  3  4  .429  34  0  0  0  3  58.0  43  20  20  9  28  52
T.Glavine         3.45  8  6  .571  21 21  3  1  0 146.0 142  67  56 11  48 102
B.Wickman         3.71  6  5  .545  70  0  0  0 12  97.0 106  41  40 10  56  85
K.Millwood        3.94  4  4  .500  12 12  1  0  0  75.1  67  35  33  9  28  76
A.Ashby           4.00  7  6  .538  22 22  2  1  0 148.1 160  73  66 15  44  85
W.Gomes           4.41  4  4  .500  76  0  0  0  8 102.0 111  55  50 13  50  62
H.Nomo            4.45  4  3  .571  11 11  0  0  0  64.2  58  33  32 10  35  70
J.Schmidt         4.63 13 12  .520  37 37  1  0  0 206.0 227 113 106 24  83 130
R.Springer        4.75  3  5  .375  57  0  0  0  0  55.0  57  31  29  9  31  57
O.Olivares        4.78  9 12  .429  29 27  0  0  0 147.0 162  88  78 11  73  83
D.Graves          5.28  2  4  .333  32  0  0  0 16  29.0  42  18  17  2  14  18
D.Martinez        5.38  6  7  .462  22 20  0  0  0 103.2 144  66  62 12  31  64
S.Elarton         5.44  4  3  .571  33  0  0  0  4  51.1  51  35  31  8  30  49
J.Wright          7.82  0  2  .000   2  2  0  0  0  12.2  17  11  11  0  11   4
ALL NON-PITCHERS  ----  0  0  ----   0  0  0  0  0   0.0   0   0   0  0   0   0
Team                                          5                   +0
----------------- ---- -- -- ----- --- -- -- -- -- ----- --- --- --- -- --- ---
TEAM TOTALS       4.25    79       152     7    47      1442     645    581
                       73     .480    152     7   1365.0     701    147    1006

Primary Player Statistics For 1999 Hocking Kongs (HOC) Totals After 152 Games


NAME              BAVG  GM  AB   R   H 2B 3B HR RBI  BB  SO HB SH DP  SB CS  E
B.Bonilla         .391  46  64  16  25  2  0  7  18   9   8  0  0  4   1  0  1
J.Snow            .357  94  84  12  30  9  2  3  19  10  11  0  0  3   0  0  0
A.Galarraga       .330  55 197  37  65 15  1 14  34  27  39  7  0  5   3  4  1
E.Burks           .302 122 463  83 140 27  9 20  61  53 115  9  8  5  12  9  9
F.McGriff         .254 107 338  41  86 19  1  9  41  41 103  2  0 10   4  3  2
E.Taubensee       .251 125 398  39 100 29  0  4  29  56  89  0  0  7   1  1 18
J.Burnitz         .250 149 564  88 141 32  3 35  98  77 167  3  0  8   5  2  4
E.Young           .250 147 589  91 147 26  1  3  44  58  68  5 11  7  68 21 20
R.Gutierrez       .241 150 490  42 118 13  2  2  40  55  98  6  0 20   7  7 24
A.Jones           .239 143 574  76 137 29 15 23  98  31 155 11  0  7  19  0  0
J.Hammonds        .237  89 118  15  28  5  1  4  19  13  30  4  1  1   5  0  0
J.Hernandez       .231 145 550  63 127 34  3 21  78  48 169  0  0 12   3  7 27
C.O'Brien         .220  81 141  17  31  9  0  4  18  10  33  1  0  4   0  0  1
E.Giovanola       .202  53 119  16  24  0  2  0  12  23  31  0  2  3   0  2  3
R.Cedeno          .200  22  30   9   6  1  0  0   3   1   9  0  1  1   2  1  0
D.Relaford        .167  30  24   0   4  0  1  0   3   2   3  0  0  0   1  2  1
M.Nieves          .138  64  58   7   8  3  0  0   2  12  23  0  0  0   0  0  0
D.May             ----   0   0   0   0  0  0  0   0   0   0  0  0  0   0  0  0
A.Castillo        ----   0   0   0   0  0  0  0   0   0   0  0  0  0   0  0  0
B.Hunter          ----   0   0   0   0  0  0  0   0   0   0  0  0  0   0  0  0
D.Bautista        ----   0   0   0   0  0  0  0   0   0   0  0  0  0   0  0  0
ALL PITCHERS      .128 152 298  20  38  8  1  3  15  13  79  0 40  2   0  0 15
----------------- ---- --- --- --- --- -- -- -- --- --- --- -- -- -- --- -- --
TEAM TOTALS       .246    5099    1255    42    632    1230    63    131   126
                       152     672    261   152     539     48    99     59


NAME               ERA  W  L   PCT   G GS CG SH SV    IP   H   R  ER HR  BB  SO
R.Nen             2.15  3  2  .600  61  0  0  0 33  92.0  74  23  22  6  23 121
J.Smoltz          3.05 12  6  .667  26 26  5  2  0 180.0 166  65  61 10  60 177
J.Acevedo         3.20  7  8  .467  66  0  0  0  1  95.2  92  39  34  9  32  57
M.Yoshii          3.23  8  7  .533  26 26  0  0  0 145.0 134  64  52 17  41 100
C.Perez           3.95 14 14  .500  37 37  3  0  0 250.1 260 121 110 28  82 105
K.Mercker         3.96  9  4  .692  69  0  0  0  1 111.1 126  57  49  6  29  47
M.Munoz           4.10  2  2  .500  27  0  0  0  1  41.2  46  20  19  4  20  17
C.Nitkowski       4.26  6  5  .545  55  0  0  0  2  74.0  72  37  35 10  38  72
A.Benes           4.70  3  5  .375  13 13  1  1  0  74.2  77  44  39 12  26  55
S.Karl            4.91 10 11  .476  31 31  0  0  0 163.0 217 108  89 19  74  80
M.Clark           5.35  4  6  .400  17 17  2  0  0 104.1 124  66  62 15  32  63
M.Myers           5.40  0  3  .000  16  0  0  0  1  16.2  18  12  10  2  14  12
K.Tapani          5.54  0  1  .000   2  2  0  0  0  13.0  12   8   8  2   7   8
ALL NON-PITCHERS  ----  0  0  ----   0  0  0  0  0   0.0   0   0   0  0   0   0
Team                                          6                   -1
----------------- ---- -- -- ----- --- -- -- -- -- ----- --- --- --- -- --- ---
TEAM TOTALS       3.89    74       152    11    39      1418     589    478
                       78     .513    152     9   1361.2     664    140     914

Primary Player Statistics For 1999 Johnny Be Goods (FEJ) Totals After 152 Games


NAME              BAVG  GM  AB   R   H 2B 3B HR RBI  BB  SO HB SH DP  SB CS  E
J.Jaha            .500   2   2   0   1  0  0  0   0   0   0  0  0  0   0  0  0
M.Piazza          .335  67 263  47  88 15  0 16  46  26  48  2  0  3   1  0  4
J.Carter          .308  24  65   9  20  5  0  5  12   2  11  0  0  2   0  0  0
M.Morandini       .300  54 200  33  60 12  1  2  15  19  25  1  6  1   5  1  1
J.Allensworth     .293  44 116  14  34  9  1  0   9   5  23  4  9  2   4  2  2
M.Loretta         .280  66 246  28  69  8  0  3  27  24  34  4  6  9   1  2  2
L.Gonzalez        .276 140 474  70 131 34  4 16  68  50  65 11  0  5   7  6  5
T.Lee             .272 142 551  79 150 18  3 27  80  65 113  0  0 16   7  0  4
G.Anderson        .267  99 408  48 109 26  6  8  43  30  56  0  0  6   2  0  3
D.Nilsson         .263  58 194  21  51  9  0 10  26  14  30  0  0  6   1  0  8
M.Williams        .261 141 521  61 136 25  1 21  67  29 114  1  0 14   3  0 14
T.Phillips        .255  42  94  13  24  7  0  1   7  29  23  0  0  1   0  0  3
C.Hayes           .247  37  97   8  24  2  0  3   8  13  13  0  0  3   0  0  0
M.Mordecai        .246  69 142  10  35 10  1  2  16   9  17  0  0  2   0  0  4
R.Velarde         .243  48 148  23  36  9  0  4  13  32  34  2  0  3   3  1  5
G.Sheffield       .238  50 193  29  46  8  0 11  34  22  27  2  0  3   4  0  0
G.Jenkins         .238  72 240  33  57  6  2 12  36  17  74  0  0  6   0  2  7
J.Blauser         .234  66 184  18  43  5  0  3  18  20  50  4  0  5   0  0  8
T.Jones           .233  74  60  11  14  1  2  0   2   7  11  0  0  1  11  6  0
M.Lansing         .230  87 317  27  73 19  1  5  31  18  54  2  2  5   5  1  8
C.Kreuter         .222  63 153  18  34 11  1  0  20  20  39  0  2  6   0  0  3
H.Rodriguez       .209  54 177  23  37  6  2 14  33  26  52  0  0  2   0  0  0
B.Huskey          .190  35  42   3   8  1  0  0   3   8  11  0  0  1   0  0  0
B.Henley          .133  23  30   1   4  0  1  0   0   3   7  1  0  3   0  0  0
J.Fabregas        .000   3   2   0   0  0  0  0   0   0   1  0  0  0   0  0  0
J.Castro          .000   7  10   1   0  0  0  0   0   0   0  0  0  0   0  0  1
T.Glaus           ----   0   0   0   0  0  0  0   0   0   0  0  0  0   0  0  0
R.McGuire         ----   0   0   0   0  0  0  0   0   0   0  0  0  0   0  0  0
ALL PITCHERS      .146 152 302  26  44 10  0  1  17  20  66  0 33  0   0  0  7
----------------- ---- --- --- --- --- -- -- -- --- --- --- -- -- -- --- -- --
TEAM TOTALS       .254    5231    1328    26    631     998    58     54    89
                       152     654    256   164     508     34   105     21


NAME               ERA  W  L   PCT   G GS CG SH SV    IP   H   R  ER HR  BB  SO
R.Seanez          0.00  1  0 1.000   4  0  0  0  0   4.2   2   0   0  0   2   6
A.Osuna           3.26  0  1  .000  20  0  0  0 11  19.1  12   7   7  1  12  19
D.Neagle          3.80  3  4  .429  10 10  0  0  0  68.2  73  38  29  8  14  42
M.Leiter          3.86  0  3  .000  32  0  0  0  3  30.1  22  13  13  4  10  31
M.Remlinger       4.23  6  8  .429  23 16  2  0  1 106.1 113  51  50 13  51  96
C.Leskanic        4.37  1  2  .333  35  0  0  0  0  35.0  26  17  17  4  20  31
S.Hitchcock       4.50  4  7  .364  17 11  1  1  0  82.0  97  44  41 12  21  62
G.White           5.08  4  2  .667  31  2  0  0  0  51.1  47  29  29  9  13  47
J.Washburn        5.16  4  7  .364  59  5  0  0  1  75.0  70  46  43 11  32  50
C.Pavano          5.50  6 13  .316  27 27  0  0  0 149.0 166 102  91 24  73  92
M.Magnante        5.77  2  1  .667  72  0  0  0  3  73.1  98  47  47  4  37  61
M.Gardner         5.88  9 12  .429  33 32  3  0  0 191.1 219 125 125 32  78 122
A.Reynoso         5.95  1  3  .250   7  7  0  0  0  42.1  48  29  28  7  20  23
K.Bottenfield     6.13  3 14  .176  56 18  0  0  2 151.1 176 118 103 25  74 124
C.Eldred          6.99  1  3  .250   7  7  0  0  0  37.1  48  31  29  5  13  30
J.Thomson         7.02  2  3  .400   6  6  0  0  0  33.1  49  27  26  5  20  15
J.Gonzalez        7.88  1  6  .143   9  9  0  0  0  45.2  66  41  40  6  19  26
D.Weathers        8.12  1  4  .200  31  0  0  0  1  41.0  72  39  37  4  16  41
M.Petkovsek       8.20  0  4  .000  44  2  0  0  1  52.2  89  54  48 16  21  30
M.Aybar           8.28  0  6  .000  30  0  0  0  1  54.1  85  51  50 10  28  36
ALL NON-PITCHERS  ----  0  0  ----   0  0  0  0  0   0.0   0   0   0  0   0   0
Team                                          0                   -1
----------------- ---- -- -- ----- --- -- -- -- -- ----- --- --- --- -- --- ---
TEAM TOTALS       5.70   103       152     6    24      1578     852    574
                       49     .322    152     1   1344.1     909    200     984

Primary Player Statistics For 1999 Morgen Grinders (MOR) Totals After 152 Games


NAME              BAVG  GM  AB   R   H 2B 3B HR RBI  BB  SO HB SH DP  SB CS  E
S.Dunston         .400  10   5   2   2  0  0  1   3   0   0  1  0  0   1  1  0
J.Vizcaino        .343  19  35  12  12  0  0  3   8   4   7  0  0  0   0  0  1
E.Karros          .331 127 487  88 161 22  0 36 121  64  97  6  0  7   3  1 13
S.Sosa            .311 150 611 128 190 22  0 59 152  60 155  0  0 12  15  2  6
C.Jones           .298  81 319  72  95 14  1 19  63  48  63  0  0 11   7  1  5
B.Larkin          .295 145 579 114 171 39  8 17  76  90  84  3  0 11  18  2 10
B.Boone           .290 148 531  73 154 35  0 22  83  45  99  5  7 17   4  2  5
A.Fox             .276  73 185  29  51  9  3  2  13  21  39 10  1  3   8  3  2
S.Casey           .272  88 114  15  31  7  1  1  14  12  10  2  0  3   0  0  0
S.Javier          .264 137 534  88 141 13  7  1  43  86  92  0  4 11  24  3  6
B.Mueller         .262  61 191  18  50 12  0  5  17  23  32  0  0  2   0  0  2
D.White           .256 149 566  64 145 23  3 14  75  39 104  9  7 11  31  5  4
K.Stinnett        .231  90 264  37  61  9  1 13  39  49  75  8  0 12   1  0  4
J.Leyritz         .229  95 288  42  66 12  0 13  36  53  84  5  0  4   0  0  6
P.Konerko         .207  22  29   3   6  1  0  2   8   1   9  0  0  0   0  0  0
M.Matheny         .188  13  16   1   3  0  0  0   1   0   1  0  0  0   0  0  1
T.Batista         .168  47 119  11  20  6  0  5  11  10  32  3  0  4   0  0  4
A.Sheets          .143   6  14   1   2  1  1  0   3   1   4  0  0  0   0  0  0
T.Hundley         .053  21  19   1   1  0  0  0   0   1  11  0  0  0   0  0  0
D.Jackson         .000   6   1   1   0  0  0  0   0   0   0  0  0  0   0  0  0
B.Gilkey          .000   2   2   0   0  0  0  0   0   0   0  0  0  0   0  0  0
ALL PITCHERS      .152 152 355  26  54  8  1  1  23  13  72  0 49  1   0  0 16
----------------- ---- --- --- --- --- -- -- -- --- --- --- -- -- -- --- -- --
TEAM TOTALS       .269    5264    1416    26    789    1070    68    112    85
                       152     826    233   214     620     52   109     20


NAME               ERA  W  L   PCT   G GS CG SH SV    IP   H   R  ER HR  BB  SO
M.Fetters         2.20  1  0 1.000  14  0  0  0  1  16.1  13   6   4  0   9  10
C.Finley          2.57 24  3  .889  35 35  6  1  0 255.1 188  81  73 21 135 232
S.Spencer         2.65  0  1  .000   6  5  0  0  0  34.0  23  11  10  3   4  37
G.Olson           2.84  0  0  ----  20  0  0  0  3  19.0  13   6   6  1  10  11
R.Martinez        3.04  8  5  .615  17 17  0  0  0 109.2  77  37  37 18  44  96
T.Mulholland      3.08  9  3  .750  19 17  2  0  0 120.0 103  45  41 10  44  64
S.Elarton         3.25  1  2  .333  26  0  0  0  0  36.0  31  13  13  4  15  43
T.Percival        3.59  6  6  .500  63  0  0  0 24  80.1  61  34  32  7  46 104
D.Cook            4.10  3  1  .750  29  0  0  0  3  37.1  32  18  17  1  16  46
J.Lima            4.67 14 10  .583  34 34  5  1  0 227.1 245 126 118 42  36 148
B.Tomko           4.69 15 10  .600  35 35  3  3  0 222.2 214 121 116 26  74 176
D.Graves          4.75  2  3  .400  31  0  0  0  3  41.2  55  28  22  4  18  31
P.Harris          5.18  1  6  .143  43  0  0  0  3  48.2  52  32  28 11  12  21
M.Guthrie         5.95  2  2  .500  47  0  0  0  2  42.1  48  28  28  6  19  30
D.Henry           6.19  2  3  .400  25  0  0  0  1  32.0  28  22  22  7  19  15
S.Parris          7.62  5  4  .556  15  9  0  0  1  52.0  49  44  44 11  27  39
K.Hill            ----  0  0  ----   0  0  0  0  0   0.0   0   0   0  0   0   0
C.Loewer          ----  0  0  ----   0  0  0  0  0   0.0   0   0   0  0   0   0
ALL NON-PITCHERS  ----  0  0  ----   0  0  0  0  0   0.0   0   0   0  0   0   0
Team                                          4                   -4
----------------- ---- -- -- ----- --- -- -- -- -- ----- --- --- --- -- --- ---
TEAM TOTALS       3.97    59       152    16    41      1232     607    528
                       93     .612    152     9   1374.2     652    172    1103

Primary Player Statistics For 1999 Rivercrypts (SEG) Totals After 152 Games


NAME              BAVG  GM  AB   R   H 2B 3B HR RBI  BB  SO HB SH DP  SB CS  E
B.Jordan          .308 146 571 102 176 38  4 26  81  57  82  7  0 15  13  3 15
J.Cirillo         .296 145 574 104 170 30  1 18  52  67  79  3 23 12   7  1 10
D.Hollins         .293  49  41   8  12  2  0  2   4   7  11  0  0  0   0  0  0
V.Guerrero        .292 149 599  98 175 32  4 38 108  45 120  6  0 18  13 10 15
T.Helton          .285 128 459  70 131 31  1 22  83  72  52  6  0  7   3  4  5
R.Hidalgo         .261  37  46   5  12  2  0  2   8   6  12  2  0  1   0  1  0
P.Reese           .256  62 129  12  33  7  1  0  16  11  23  0  0  1   4  0  6
D.Dellucci        .253  67  75   7  19  2  2  2  11   4  13  0  0  1   1  0  0
J.Mabry           .250  11  20   2   5  2  0  0   3   2   5  0  0  0   0  0  0
G.Vaughn          .244 146 544 102 133 27  2 48 121  68 118  6  0  2   7  0  2
Q.Veras           .229 133 455  57 104 21  0  6  31  64  88  5  3  4  24  5  5
L.Lopez           .217  54  92   5  20  2  0  0   4   5  21  1  0  3   0  0  0
C.Gomez           .217 135 447  39  97 32  3  4  41  61  95 10  4 11   1  4 12
C.Widger          .198 138 510  40 101 14  5 17  61  39 113  0  0  6   8  0  7
L.Harris          .171  42  41   3   7  1  0  2   6   1   2  0  0  2   3  1  0
F.Tatis           .159  46  88  14  14  2  0  3   6   9  26  1  0  0   0  0  3
G.Myers           .143  49  84   3  12  2  0  1   6   5  27  0  0  3   0  0  2
R.Rivera          .000   4   4   0   0  0  0  0   0   0   2  0  0  0   0  0  0
ALL PITCHERS      .151 152 350  20  53 12  0  2  24  20  63  0 33  1   0  0 11
----------------- ---- --- --- --- --- -- -- -- --- --- --- -- -- -- --- -- --
TEAM TOTALS       .248    5129    1274    23    666     952    63     84    93
                       152     691    259   193     543     47    87     29


NAME               ERA  W  L   PCT   G GS CG SH SV    IP   H   R  ER HR  BB  SO
J.Rocker          0.00  0  0  ----   4  0  0  0  0   6.0   0   0   0  0   1   7
J.Dipoto          2.01  2  2  .500  20  0  0  0  0  22.1  17   5   5  1   9  15
K.Brown           2.80 17  8  .680  34 34 10  4  0 254.1 225  86  79 19  53 279
A.Leiter          3.10  9  7  .563  26 26  5  5  0 174.0 129  65  60 13  55 157
B.Woodall         3.12  1  1  .500  17  1  0  0  0  34.2  29  17  12  4  16  17
U.Urbina          3.50  3  5  .375  55  0  0  0 30  72.0  48  28  28 10  30 100
D.Hermanson       3.93  6  8  .429  24 16  0  0  0 116.2 109  53  51 17  46  89
R.Reed            4.21 19 10  .655  36 36  4  1  0 241.2 250 124 113 38  56 176
S.Kline           4.26  4  1  .800  24  0  0  0  1  25.1  21  13  12  4  20  21
S.Reynolds        4.75 13 18  .419  37 37  3  0  0 240.2 285 137 127 30  75 213
R.Ortiz           4.82  0  0  ----   7  2  0  0  0  18.2  20  10  10  2   7  11
J.Tavarez         5.50  4  4  .500  44  0  0  0  1  52.1  72  34  32  9  16  29
T.Adams           5.63  1  5  .167  60  0  0  0  2  72.0  67  51  45 12  44  69
D.Miceli          6.27  2  2  .500  34  0  0  0  0  33.0  40  24  23  6  13  27
ALL NON-PITCHERS  ----  0  0  ----   0  0  0  0  0   0.0   0   0   0  0   0   0
Team                                          3                   +0
----------------- ---- -- -- ----- --- -- -- -- -- ----- --- --- --- -- --- ---
TEAM TOTALS       3.94    71       152    22    34      1312     597    441
                       81     .533    152    13   1363.2     647    165    1210

Primary Player Statistics For 1999 Russell M'Ups (FER) Totals After 152 Games


NAME              BAVG  GM  AB   R   H 2B 3B HR RBI  BB  SO HB SH DP  SB CS  E
C.Goodwin         .359  12  39   9  14  3  0  1   4   5  10  0  0  2   0  0  0
K.Garcia          .333   4  15   2   5  1  0  0   0   2   3  0  0  0   0  0  1
C.Biggio          .329  81 319  50 105 26  1  8  38  29  44 11  0  3  25  8 11
H.Rodriguez       .316  16  57  10  18  6  0  6  13   6  14  0  0  3   1  0  0
D.Young           .313 146 591  75 185 54  1 16  82  51 117  2  0 21   1  5  7
L.Walker          .307  61 238  37  73 20  1 12  38  33  39  1  0  7   5  1  2
T.Gwynn           .301  75 276  26  83 23  0  4  40  17  27  0  0  9   1  0  2
B.Mayne           .294  49 136  19  40 13  1  4  21  18  25  1  0  3   1  0  2
R.White           .293 124 351  60 103 21  0 19  51  42  57  6  0 12  20  3  1
E.Marrero         .292  71 202  17  59 17  1  4  26  24  23  0  0  4   0  0  4
O.Merced          .289  85 249  32  72 10  1 13  43  25  43  3  0  3   0  2  2
M.Benard          .282  63 170  25  48 11  1  5  14  24  21  2  0  0   7  2  0
G.Williams        .266  24  64   9  17  3  0  0   4   6  11  1  0  1   4  0  0
E.Alfonzo         .264 145 557  72 147 30  3 14  66  65 106  3  2 11   8  2  8
K.Jordan          .251  75 239  19  60 11  1  2  18  13  45  2  0  3   0  0 11
N.Perez           .245  86 339  42  83 22  1  6  32  22  53  0  3 10   3  1  9
M.Alexander       .241  17  29   4   7  0  0  1   1   1   5  1  0  0   2  0  1
C.Hernandez       .230  87 257  19  59 10  0  2  22  16  36  2  0 11   2  0  7
C.Everett         .228  76 272  29  62 13  1  3  23  24  71  2  0  6   5  3  1
T.Bogar           .226  14  31   1   7  4  0  0   2   1   6  1  0  1   0  0  1
M.Franco          .210  63 100   8  21  3  0  0   6  18  18  2  0  6   0  0  3
M.Grudzielanek    .200  29  35   3   7  0  0  0   3   4   4  1  0  3   1  1  0
J.Bell            .177  65 243  28  43  9  1  9  32  31  65  1  0 10   0  1  9
J.Baughman        .125  21  16   3   2  0  0  0   0   1   4  0  0  1   4  1  0
A.Beltre          .097  53  72   4   7  2  0  1   7   8  14  1  0  3   2  0  3
T.Pagnozzi        ----   0   0   0   0  0  0  0   0   0   0  0  0  0   0  0  0
P.Nevin           ----   0   0   0   0  0  0  0   0   0   0  0  0  0   0  0  0
J.Jaha            ----   0   0   0   0  0  0  0   0   0   0  0  0  0   0  0  0
ALL PITCHERS      .171 152 322  27  55 11  0  0  16  13  63  0 36  3   0  0 10
----------------- ---- --- --- --- --- -- -- -- --- --- --- -- -- -- --- -- --
TEAM TOTALS       .265    5219    1382    14    602     924    41     92    95
                       152     630    323   130     499     43   136     30


NAME               ERA  W  L   PCT   G GS CG SH SV    IP   H   R  ER HR  BB  SO
C.Sodowsky        3.09  2  2  .500  46  0  0  0  0  58.1  70  24  20  4  28  20
O.Daal            3.38  5  2  .714  15 14  1  1  0  96.0  84  40  36  5  44  82
J.Christiansen    3.43  0  1  .000  35  0  0  0  8  44.2  38  17  17  3  20  55
R.Seanez          3.55  3  1  .750  11  0  0  0  1  12.2   9   5   5  1   4  14
C.Leskanic        3.65  1  2  .333  25  0  0  0  4  12.1  15   5   5  1   4  15
S.Hasegawa        3.86  1  2  .333  38  0  0  0  4  42.0  39  18  18  7   9  38
K.Wood            4.17  5  7  .417  14 14  1  0  0  99.1  71  50  46 11  55 134
S.Hitchcock       4.36  6  8  .429  16 15  2  1  0  95.0  92  52  46  8  23  82
J.Johnstone       4.53  0  2  .000  32  0  0  0  2  43.2  36  26  22  1  24  51
B.Bohanon         4.71  8  2  .800  15 12  1  0  0  84.0  82  45  44  8  37  65
C.Eldred          4.84  1  4  .200   8  8  0  0  0  48.1  57  27  26  4  22  31
B.Jones           4.86  9 12  .429  29 29  2  0  0 187.0 211 107 101 35  52 107
G.Olson           5.09  2  4  .333  41  0  0  0  9  40.2  48  26  23  3  18  30
M.Morris          5.90  2  5  .286  11 11  1  0  0  68.2  84  46  45  9  30  42
D.Kile            5.92  5  9  .357  15 15  0  0  0  89.2 104  59  59 20  39  69
S.Estes           6.33  4 10  .286  21 21  0  0  0 116.2 129  82  82 15  74 111
B.Jones*          6.33  1  8  .111  13 13  0  0  0  75.1 111  59  53  5  53  62
S.Sullivan        6.42  0  2  .000  30  0  0  0  3  33.2  51  28  24  8   9  26
R.Croushore       6.98  1  5  .167  41  0  0  0  5  40.0  42  34  31  9  31  30
S.Parris          7.64  3  0 1.000  12  0  0  0  0  17.2  31  16  15  4   4  17
M.Fetters         7.90  1  1  .500  12  0  0  0  0  13.2  19  15  12  1   8  11
M.Holtz           8.73  1  2  .333  41  0  0  0  3  33.0  65  33  32  2  19  18
ALL NON-PITCHERS  ----  0  0  ----   0  0  0  0  0   0.0   0   0   0  0   0   0
Team                                          2                   -1
----------------- ---- -- -- ----- --- -- -- -- -- ----- --- --- --- -- --- ---
TEAM TOTALS       5.06    91       152     8    39      1488     761    607
                       61     .401    152     4   1352.1     814    164    1110

Primary Player Statistics For 1999 Skramalonians (SKR) Totals After 152 Games


NAME              BAVG  GM  AB   R   H 2B 3B HR RBI  BB  SO HB SH DP  SB CS  E
E.Perez           .392  74 153  34  60 22  0  9  41  19  41  1  0  4   0  1  1
D.Bichette        .354  64 246  43  87 19  1 14  51  18  26  0  0 11   3  0  2
J.Edmonds         .343 135 534  95 183 45  2 26  97  49 102  0  0 15   0  1  1
L.Walker          .340  66 256  56  87 26  2 12  44  45  37  1  0  9   3  1  5
M.Alou            .335 141 541 123 181 38  4 41 145  83  96  8  0 17   5  0  2
M.Morandini       .333  86 318  41 106 13  2  9  34  34  55  5  2  6   2  0  6
O.Palmeiro        .327  78 110  18  36  7  2  0   8  14  12  0  4  3   0  0  1
J.Carter          .324  39 108  23  35 10  0  8  17   6  14  2  0  7   0  0  0
D.Miller          .317  66 186  26  59 20  2  6  35  14  43  4  0  4   2  0  4
R.Sanchez         .313 102 313  43  98 18  1  5  29  18  48  4  2 15   0  0  8
M.Grace           .299  62 234  44  70 12  3  5  26  34  21  1  0 14   0  2  1
B.Fordyce         .293  43  99  12  29 10  0  2  11   4  20  0  0  2   0  0  0
B.Fullmer         .275  51  80  10  22  6  1  2  18   3  17  0  0  1   0  1  3
T.Hubbard         .266  25  64   9  17  3  0  2  10  11  16  1  1  1   2  1  0
M.McGwire         .265  78 275  72  73 11  6 29  65  72  93  6  0  4   1  0  5
W.Weiss           .246  93 353  53  87 14  1  0  21  47  56  5  8  3   2  0  9
T.Eusebio         .246  64 211  22  52  4  1  4  32  24  31  2  0 11   1  0  1
S.Andrews         .243 147 552  71 134 32  3 30  96  73 164  0  0 11   1  1 21
F.Santangelo      .219  45 151  21  33  9  0  1  15  15  30 18  5  3   1  1  1
C.Baerga          .195  80 200  14  39 13  0  1  18  13  24  0  0  7   0  0  1
T.Phillips        .194  25  36  11   7  2  0  0   2  12   9  2  0  1   0  0  2
M.Sweeney         .000   3  11   0   0  0  0  0   0   1   2  0  0  0   0  0  0
G.Jenkins         ----   0   0   0   0  0  0  0   0   0   0  0  0  0   0  0  0
ALL PITCHERS      .135 152 340  22  46  9  0  0  21   9  77  0 50  0   0  0 10
----------------- ---- --- --- --- --- -- -- -- --- --- --- -- -- -- --- -- --
TEAM TOTALS       .287    5371    1541    31    836    1034    72     23    84
                       152     863    343   206     618     60   149      9


NAME               ERA  W  L   PCT   G GS CG SH SV    IP   H   R  ER HR  BB  SO
B.Wagner          2.77  2  1  .667  24  0  0  0 10  26.0  25   8   8  3  18  29
G.White           2.86  5  2  .714  18  6  1  1  2  56.2  49  20  18  6  17  61
D.Wall            2.87  7  3  .700  71  0  0  0  4  94.0  66  34  30 10  54  66
M.Maddux          3.15  8  5  .615  54  0  0  0  5  71.1  67  28  25  9  23  41
K.Ligtenberg      3.24  1  3  .250  24  0  0  0  6  25.0  20   9   9  4   8  28
Y.Perez           3.71  4  4  .500  50  0  0  0  1  68.0  52  31  28  8  42  47
M.Batista         3.93 11  2  .846  28 24  1  0  0 146.2 138  68  64 15  77  96
A.Telford         4.21  4  2  .667  63  0  0  0  7  92.0  83  46  43  6  39  58
A.Ashby           4.40  6  4  .600  14 14  2  1  0  94.0  99  48  46 16  26  63
M.Leiter          4.46  2  3  .400  37  0  0  0  6  34.1  28  19  17  4  17  32
M.Remlinger       4.75  3  4  .429  14 13  1  1  0  66.1  66  44  35  7  44  52
H.Nomo            4.81  5  5  .500  18 18  1  0  0 101.0  93  57  54 11  57  98
M.Petkovsek       4.86  3  0 1.000  25  0  0  0  1  50.0  64  27  27  7  16  28
M.Thurman         4.92  4  1  .800  10 10  0  0  0  56.2  54  34  31 10  25  28
M.Beech           5.24  8  9  .471  22 22  1  1  0 125.1 125  90  73 22  75 109
T.Green           5.48  6 10  .375  27 27  2  0  0 156.0 147 102  95 26  79 113
S.Sparks          5.48  8  7  .533  21 18  1  1  0 110.0 127  70  67 25  64  63
J.Vazquez         ----  0  0  ----   0  0  0  0  0   0.0   0   0   0  0   0   0
ALL NON-PITCHERS  ----  0  0  ----   0  0  0  0  0   0.0   0   0   0  0   0   0
Team                                          2                   +0
----------------- ---- -- -- ----- --- -- -- -- -- ----- --- --- --- -- --- ---
TEAM TOTALS       4.39    65       152    10    42      1303     670    681
                       87     .572    152     7   1373.1     735    189    1012

Primary Player Statistics For 1999 Slattery Incarn (SLA) Totals After 152 Games


NAME              BAVG  GM  AB   R   H 2B 3B HR RBI  BB  SO HB SH DP  SB CS  E
T.Pagnozzi        .429   6   7   1   3  0  0  0   1   0   1  0  0  0   0  0  0
W.McGee           .400   7   5   0   2  0  0  0   1   0   1  0  0  0   0  1  0
P.Nevin           .364   9  11   2   4  0  0  1   3   0   4  0  0  0   0  0  0
M.Luke            .321  47  56  10  18  1  0  5  14   5  16  0  0  1   0  0  0
B.Abreu           .320 145 568  96 182 29  9 22  96  90 156  0  0 13  15  9 10
V.Castilla        .315 152 609  78 192 22  4 29  99  54 103 10  0 17   8  8 12
D.Bell            .309 145 598 101 185 30  5 18  69  55 137  2  0 15   6  3  3
T.Hollandsworth   .292  54 106  13  31  5  0  6  18   7  30  0  0  2   4  3  3
K.Manwaring       .287 110 310  40  89 13  2  3  28  44  52  1  0  4   1  3  6
S.Servais         .258  76 225  18  58 16  0  5  30   8  41  3  0  3   1  0  2
G.Disarcina       .253 151 558  62 141 33  3  7  51  44  75  6 12 11  12  2 13
D.Bell*           .250 150 596  47 149 47  3 12  56  26 106  0  0 18   0  0 12
K.Young           .246 143 545  64 134 34  1 21  77  51 136 13  0 11  13  4  1
M.Lewis           .243  35  37   4   9  0  0  0   5   5   8  0  1  2   0  0  1
B.McRae           .241 138 568  98 137 34  2 25  71  72  96  8  1  4  23 10  4
M.Grudzielanek    .235  16  17   1   4  2  0  0   0   0   5  0  0  0   0  0  0
M.Tucker          .214  64  84  13  18  8  0  3  14  11  23  1  0  0   0  0  0
B.Hamelin         .154  45  52   3   8  0  0  2   5   8  19  2  0  2   0  0  0
Y.Benitez         ----   0   0   0   0  0  0  0   0   0   0  0  0  0   0  0  0
L.Ordaz           ----   0   0   0   0  0  0  0   0   0   0  0  0  0   0  0  0
P.Watkins         ----   0   0   0   0  0  0  0   0   0   0  0  0  0   0  0  0
ALL PITCHERS      .148 152 352  32  52 14  2  1  17  13  66  0 51  4   0  0 21
----------------- ---- --- --- --- --- -- -- -- --- --- --- -- -- -- --- -- --
TEAM TOTALS       .267    5304    1416    31    655    1075    65     83    88
                       152     683    288   160     493     46   107     43


NAME               ERA  W  L   PCT   G GS CG SH SV    IP   H   R  ER HR  BB  SO
B.Bohanon         1.78  3  1  .750  15  5  3  1  0  55.2  35  14  11  5  21  39
J.Shaw            1.81 10  2  .833  58  0  0  0 25  74.2  59  18  15  4  19  45
C.McElroy         2.16  3  3  .500  41  0  0  0  4  58.1  56  17  14  2  30  56
R.Johnson         3.13 14 12  .538  34 34  7  2  0 252.2 213 100  88 21 105 342
G.Maddux          3.25 14 10  .583  34 34 10  2  0 252.0 217  92  91 23  53 208
D.Dreifort        3.74  9 10  .474  27 27  2  0  0 180.2 163  84  75 16  74 165
M.Portugal        4.07  6 10  .375  19 19  2  0  0 119.1 141  70  54 16  38  71
K.Rueter          4.15  4  8  .333  19 19  1  1  0 119.1 115  58  55 17  45  44
S.Sullivan        4.15  1  1  .500   8  0  0  0  1  13.0  18   7   6  1   7   7
M.Morris          4.64  6  3  .667   9  9  2  1  0  54.1  50  28  28 10  20  38
J.Spradlin        4.65  4  3  .571  50  0  0  0  5  69.2  73  42  36 12  31  73
S.Radinsky        5.13  3  3  .500  46  0  0  0  3  54.1  60  32  31  6  15  37
B.Patrick         5.44  7  2  .778  32  5  2  0  1  81.0  91  51  49 15  24  54
J.Juden           ----  0  0  ----   0  0  0  0  0   0.0   0   0   0  0   0   0
ALL NON-PITCHERS  ----  0  0  ----   0  0  0  0  0   0.0   0   0   0  0   0   0
Team                                          3                   +0
----------------- ---- -- -- ----- --- -- -- -- -- ----- --- --- --- -- --- ---
TEAM TOTALS       3.59    68       152    29    39      1291     553    482
                       84     .553    152    10   1385.0     613    148    1179
