Primary Player Statistics For 2000 Avery Tards (AVC) Totals After 152 Games


NAME              BAVG  GM  AB   R   H 2B 3B HR RBI  BB  SO HB SH DP  SB CS  E
M.Barrett         .336  74 253  37  85 26  3  5  32  20  20  2  0  9   0  0  5
D.Hamilton        .326  49 190  32  62  4  0  7  24  23  25  0  1  1   6  3  0
A.Ochoa           .308  37  78  12  24  4  1  1   9   9  15  1  0  1   1  0  1
R.Belliard        .303  54 218  25  66 14  2  5  37  23  32  0  7  7   0  2  7
J.Olerud          .299  62 214  35  64 17  0  5  41  46  20 10  0  4   1  0  6
R.Gant            .296  47 108  20  32  0  3  5  21  20  26  0  0  2   0  0  1
E.Alfonzo         .292  62 240  39  70 15  0 11  35  33  35  1  0  6   3  0  2
J.Vidro           .282  71 241  44  68 21  3  2  24  18  22 10  0  8   0  0  9
E.Taubensee       .277  46 166  24  46  4  2 12  32  21  34  0  0  7   0  0  3
O.Merced          .271  37 129  21  35  7  0  6  25  22  24  0  0  3   0  0  2
R.Johnson         .271  41  48   7  13  2  0  0   0   8  11  0  0  2   1  0  0
M.Benard          .265 142 479  71 127 26  2 16  51  41  85  2  4  6  15  7  4
E.Renteria        .263 146 579  74 152 25  3  7  57  56  90  3  9 16  29  5 37
A.Jones           .255  97 384  54  98 15  4 14  59  44  69  8  0  5   7  2  2
B.Huskey          .253 112 296  41  75  6  0 19  54  36  54  0  0 12   2  0  4
L.Gonzalez        .250   7  28   5   7  0  0  1   6   3   3  0  0  3   0  0  0
J.Vizcaino        .242  38  95  11  23  3  0  0  10  12   8  0  3  3   0  0  6
T.Glaus           .230  79 178  24  41  9  0 10  32  25  56  3  0  6   2  1 13
D.Magadan         .227  56 110   7  25  7  0  0   4  15  14  0  0  5   0  0  5
E.Perez           .224  60 143   8  32  5  0  1  10   3  23  2  0  3   0  0  4
T.Salmon          .221  32 113  19  25  4  2  6  18  26  35  0  0  2   1  0  1
B.Boone           .220  52  91  14  20  3  0  3  12  14  24  0  4  0   0  0  3
J.Drew            .211  26  57   8  12  1  1  1  10  10  16  3  0  3   1  0  0
S.Rolen           .204  46 167  22  34 14  0  6  23  29  51  3  0  6   4  1  9
A.Martin          .196  43 148  19  29  5  2  8  25  16  34  0  0  4   2  2  2
J.Barry           .188  13  16   2   3  2  0  0   1   0   2  0  0  2   0  0  1
J.Mouton          .188  72  80  21  15  2  0  1  10   8  21  3  1  2   7  1  1
C.Johnson         .186  37  86  10  16  3  1  2  15  11  29  0  1  3   0  0  0
B.Fullmer         .133  15  15   2   2  0  0  1   4   0   2  0  0  0   0  0  0
F.Tatis           .087   7  23   3   2  0  0  0   3   6   6  2  0  0   1  1  0
ALL PITCHERS      .194 152 279  27  54  9  1  0  20  19  98  0 42  3   0  0 13
----------------- ---- --- --- --- --- -- -- -- --- --- --- -- -- -- --- -- --
TEAM TOTALS       .258    5252    1357    30    704     984    72     83   141
                       152     738    253   155     617     53   134     25


NAME               ERA  W  L   PCT   G GS CG SH SV    IP   H   R  ER HR  BB  SO
M.Williams        0.00  0  1  .000  10  0  0  0  3   6.2   7   3   0  0   4   5
D.Graves          1.67  3  2  .600  28  0  0  0  7  37.2  32  15   7  1  22  22
B.Wickman         2.35  1  0 1.000  16  0  0  0  4  15.1  10   5   4  1  14  13
R.Wolf            4.06  2  4  .333   9  9  0  0  0  51.0  44  26  23  5  27  52
A.Levine          4.24  7  5  .583  76  0  0  0  0  99.2  99  54  47 16  47  42
T.Glavine         4.25  6  7  .462  24 24  0  0  0 131.1 162  67  62 16  44  71
P.Harnisch        4.32  6  4  .600  13 13  3  0  0  81.1  75  42  39 13  33  52
A.Ashby           4.37  2  5  .286  15 15  0  0  0  94.2 100  51  46 14  29  54
J.Acevedo         4.38  2  4  .333  22 12  0  0  1  72.0  89  42  35 13  36  31
D.Veres           4.50  1  1  .500  16  0  0  0  3  12.0  16   6   6  0   7  12
M.Yoshii          4.65  5 11  .313  34 26  0  0  0 151.0 146  81  78 23  61 100
F.Rodriguez       4.73  4  1  .800  35  0  0  0  1  53.1  63  34  28  6  28  43
S.Elarton         5.06  5  3  .625  11 10  0  0  0  58.2  59  35  33  8  32  62
M.Aybar           5.44  2  3  .400  33  0  0  0  6  43.0  53  26  26  5  14  44
G.Swindell        5.44  3  7  .300  57  0  0  0  3  82.2 100  52  50 15  37  79
P.Mahomes         5.59  0  3  .000  20  0  0  0  0  29.0  26  20  18  7  10  26
G.Olson           5.91  1  3  .250  18  0  0  0  3  21.1  18  14  14  2   9  25
L.Hernandez       5.97  6 13  .316  23 23  0  0  0 138.2 167 106  92 22  60 118
O.Olivares        6.45  3  6  .333  14 14  0  0  0  83.2 105  62  60 14  31  46
M.Petkovsek       6.47  0  0  ----  30  0  0  0  1  32.0  38  24  23  3  10  23
T.Adams           6.75  0  0  ----   2  0  0  0  0   1.1   1   1   1  0   1   0
G.White           7.12  2  2  .500  30  0  0  0  2  43.0  57  40  34 13  22  47
S.Sparks          7.71  0  1  .000   1  1  0  0  0   4.2   7   4   4  2   1   1
C.Pavano          8.76  2  3  .400   5  5  0  0  0  24.2  35  25  24  5   7  19
C.Perez           ----  0  0  ----   0  0  0  0  0   0.0   0   0   0  0   0   0
M.Myers           ----  0  0  ----   0  0  0  0  0   0.0   0   0   0  0   0   0
ALL NON-PITCHERS  ----  0  0  ----   0  0  0  0  0   0.0   0   0   0  0   0   0
Team                                          2                   +0
----------------- ---- -- -- ----- --- -- -- -- -- ----- --- --- --- -- --- ---
TEAM TOTALS       4.96    89       152     3    34      1509     754    586
                       63     .414    152     2   1368.2     835    204     987

Primary Player Statistics For 2000 Co Operators (COO) Totals After 152 Games


NAME              BAVG  GM  AB   R   H 2B 3B HR RBI  BB  SO HB SH DP  SB CS  E
T.Graffanino      .373  52 142  28  53 17  2  1  17  15  17  1  2  0   3  1  1
A.Arias           .364  48  55   7  20  2  0  0   7   3   6  0  0  2   0  0  1
R.White           .362  49 141  24  51  9  4  5  34   7  34  2  0  4   1  1  1
D.Dellucci        .360  54  50   9  18  2  2  0   9   9  13  0  0  0   0  0  0
D.Glanville       .350 118 449  73 157 33  5  5  61  28  66  4  1  6  18  5  1
J.Cirillo         .339 152 604  98 205 50  1 13  93  63  92  2  1 19   6  1 14
S.Dunston         .336  64 131  21  44  9  0  3  19   6  33  4  0  4   6  2  0
B.Giles           .329 130 419 112 138 19  3 39 113  84  66  5  0 11   9  0  2
W.Gonzalez        .328  24  67  10  22  4  0  2  14   3   7  1  0  0   0  0  1
T.Gwynn           .327  66 263  39  86 20  0  8  38  13  23  0  2  7   3  0  0
B.Agbayani        .324  81 225  45  73 24  1 13  42  28  67  1  0  6   8  0  3
J.Bagwell         .320 152 566 147 181 34  1 46 126 122 141 11  0 12  30  3  8
E.Taubensee       .301  48 173  22  52 10  0  8  35  14  33  0  0  6   0  0  1
B.Johnson         .293  30  75  12  22  8  0  0  16   5  20  0  0  4   0  0  1
C.Widger          .288  88 278  39  80 16  3  6  43  20  59  4  0 10   1  1  3
R.Ordonez         .275 149 552  61 152 26  2  3  62  38  61  0  2 18  10  4  1
K.Sefcik          .254  52 173  35  44 10  2  1  14  32  28  2  0  4   5  2  1
P.Reese           .246 131 501  58 123 31  5  3  39  19  91  3  5 10  28  7  7
R.Hidalgo         .156  40 122  12  19  8  0  3  22  13  26  3  0  5   0  1  0
D.Ward            .136  12  22   2   3  0  0  1   4   1   7  0  0  1   0  0  1
ALL PITCHERS      .153 152 340  22  52  5  0  0  22  21 127  0 37  6   0  0  6
----------------- ---- --- --- --- --- -- -- -- --- --- --- -- -- -- --- -- --
TEAM TOTALS       .298    5348    1595    31    830    1017    50    128    53
                       152     876    337   160     544     43   135     28


NAME               ERA  W  L   PCT   G GS CG SH SV    IP   H   R  ER HR  BB  SO
B.Wagner          2.01  0  1  .000  33  0  0  0 22  44.2  28  10  10  5  15  73
Y.Perez           3.16  0  1  .000  22  0  0  0  0  31.1  27  11  11  5  15  21
B.Clontz          3.27  4  0 1.000  44  0  0  0  2  44.0  34  16  16  4  19  31
M.Wilkins         3.41  3  3  .500  55  0  0  0  1  68.2  58  27  26  3  41  53
S.Woodard         3.48 10  9  .526  33 23  2  2  1 168.1 172  67  65 21  29  91
R.Nen             3.52  0  0  ----  16  0  0  0  2  15.1  14   6   6  1   5  15
R.Reed            3.88 13  4  .765  21 21  0  0  0 130.0 123  56  56 14  29  98
J.Shaw            3.89  6  4  .600  66  0  0  0  9  76.1  67  35  33 10  20  55
D.Mlicki          4.05 14 12  .538  34 29  3  1  0 182.0 177  91  82 26  69 102
F.Cordova         4.23 10  3  .769  27 27  0  0  0 149.0 130  73  70 21  78 100
M.Mohler          4.27  1  4  .200  34  0  0  0  1  46.1  44  22  22  2  21  32
O.Hershiser       4.59 14  8  .636  28 28  0  0  0 143.0 139  75  73 18  67  75
O.Daal            4.60 10  2  .833  18 18  4  0  0 125.1 117  66  64 15  63  79
J.Spradlin        4.85  3  4  .429  58  0  0  0  1  72.1  93  42  39  7  55  69
G.Hansell         6.00  0  0  ----  12  0  0  0  0   9.0  11   6   6  2   1   9
R.Ankiel          7.16  0  3  .000  11  4  0  0  1  27.2  30  24  22  1  15  32
D.Plesac          8.80  1  3  .250  26  0  0  0  2  15.1  20  15  15  6  11  19
D.Kile            9.00  1  1  .500   2  2  0  0  0  10.0  15  10  10  2   3   6
ALL NON-PITCHERS  ----  0  0  ----   0  0  0  0  0   0.0   0   0   0  0   0   0
Team                                         10                   +0
----------------- ---- -- -- ----- --- -- -- -- -- ----- --- --- --- -- --- ---
TEAM TOTALS       4.15    62       152     9    42      1299     626    556
                       90     .592    152    13   1358.2     652    163     960

Primary Player Statistics For 2000 Davehawks (AVD) Totals After 152 Games


NAME              BAVG  GM  AB   R   H 2B 3B HR RBI  BB  SO HB SH DP  SB CS  E
A.Brown           .378  53  45   9  17  1  1  0   3   5  11  0  0  2   3  0  1
R.Ducey           .324  50 176  46  57 11  0 14  38  32  40  0  0  1   8  6  1
R.Cedeno          .317 124 436  90 138 23  1  6  36  53 105  1  2  3 104 29  1
T.Helton          .310 149 580  80 180 35  3 29  92  65  73  8  0 13  15 13 11
M.Walbeck         .302  18  53   9  16  0  0  4  16   8   6  1  0  1   1  0  0
M.Grissom         .285  96 368  57 105 22  1 10  39  26  58  0  0  9  25 10  4
A.Boone           .285 104 393  49 112 24  4 10  47  24  68  6  0  5  16  8  6
R.Aurilia         .276 146 543  77 150 30  2 16  64  48  84  6  0 12   4  2 22
S.Servais         .269  55 186  16  50 12  0  2  25   9  30  2  0  2   0  0  4
S.Finley          .254 148 571  95 145 27  7 38 124  53 103  2  0 11  18 11  0
D.White           .254  68 197  31  50  9  0  8  29  19  36  4  0  6  12  5  0
J.Kent            .242 152 596  89 144 38  2 30  92  65 150  2  0 11  19  8  5
T.Hubbard         .237  67 118  13  28  5  0  0  12  18  33  0  1  4   6  7  1
K.Stinnett        .237  89 312  31  74 11  0 11  29  19 100  2  0  4   7  2  8
W.Weiss           .237  30  38   3   9  1  0  0   3   2   4  0  1  1   3  0  1
V.Castilla        .229  79 223  33  51  9  1 15  35  23  25  0  0  9   2  1  8
W.Joyner          .182  12  11   1   2  0  0  0   1   2   1  1  0  1   0  0  0
H.Morris          .172  27  29   5   5  0  0  0   1   5   9  0  0  0   0  0  0
B.Bonilla         ----   0   0   0   0  0  0  0   0   0   0  0  0  0   0  0  0
ALL PITCHERS      .171 152 387  23  66 11  0  7  31  20 139  0 32  6   1  1 11
----------------- ---- --- --- --- --- -- -- -- --- --- --- -- -- -- --- -- --
TEAM TOTALS       .266    5262    1399    22    717    1075    36    244    84
                       152     757    269   200     496     35   101    103


NAME               ERA  W  L   PCT   G GS CG SH SV    IP   H   R  ER HR  BB  SO
T.Hoffman         2.97  4  4  .500  65  0  0  0 17  75.2  60  27  25 15  21  87
H.Nomo            3.32 10  8  .556  21 21  8  0  0 176.0 133  72  65 22  79 155
A.Embree          3.38  7  4  .636  59  0  0  0  6  88.0  56  35  33 11  44  74
K.Rueter          4.32  1  2  .333   4  2  0  0  0  16.2  14   8   8  2  13  10
S.Parris          4.43  8  6  .571  18 18  4  1  0 126.0 129  64  62 23  49  86
G.Maddux          4.47 11 17  .393  33 33  6  1  0 221.2 274 120 110 21  59 151
M.Gardner         4.58  0  1  .000  10  0  0  0  1  17.2  21   9   9  4   8  11
D.Reyes           4.61  8  2  .800  57  0  0  0  2  99.2  86  53  51 14  64 103
J.Wallace         5.16  2  1  .667  28  0  0  0  1  45.1  42  29  26  3  56  48
K.Bottenfield     6.05  8 13  .381  32 32  3  0  0 195.0 231 134 131 31 102 137
W.Williams        6.44  7 12  .368  29 28  2  1  1 172.0 193 127 123 41  69 138
S.Bergman         7.78  3  3  .500  24  5  1  0  0  56.2  90  51  49  9  19  29
A.Leiter          8.56  3  7  .300  13 13  1  0  0  75.2 105  74  72 10  41  58
ALL NON-PITCHERS  ----  0  0  ----   0  0  0  0  0   0.0   0   0   0  0   0   0
Team                                          4                   -2
----------------- ---- -- -- ----- --- -- -- -- -- ----- --- --- --- -- --- ---
TEAM TOTALS       5.03    80       152    25    28      1434     764    624
                       72     .474    152     7   1366.0     803    206    1087

Primary Player Statistics For 2000 Dou's Crew (DOU) Totals After 152 Games


NAME              BAVG  GM  AB   R   H 2B 3B HR RBI  BB  SO HB SH DP  SB CS  E
D.Dellucci        .455  48  44   8  20  7  0  0   8   7   9  3  0  0   1  0  1
D.Mirabelli       .353  16  17   3   6  1  0  0   2   2   3  0  0  0   0  0  0
J.Lopez           .339  88 227  31  77 12  0  8  37  23  40  3  0  6   0  0  6
T.Gwynn           .312  49 205  29  64 11  1  6  24  13  14  2  0  2   5  0  1
K.Young           .306 144 542  98 166 43  2 27  85  84 129 12  0 15  30  8 15
O.Guillen         .294  18  17   1   5  2  0  0   6   2   0  0  0  1   0  0  0
G.Sheffield       .283 149 566  94 160 19  0 28  92  97  90  4  0 17   2  2  6
B.Mueller         .280 129 472  70 132 41  0  2  45  68  78  7  4 10   8  0 14
W.Morris          .266 149 568  53 151 17  5  6  69  56  90  3  1 15   9  6 13
N.Perez           .263 152 620  75 163 28  7 14  72  21  54  0  0  4   9  5 14
R.White           .257  60 237  34  61  9  1  5  26  16  41  4  0 10  11  3  6
M.Benjamin        .255  42  47   6  12  4  1  0   9   5  18  0  2  3   1  0  0
E.Owens           .250 116 396  59  99 18  4 13  47  50  42  4  0 13  46 13  3
B.Spiers          .247 104 275  25  68 16  3  0  27  31  27  0  7  6  10  7  8
D.Hansen          .240  80  96  15  23  6  0  2   5  21  25  0  0  3   0  0  2
R.Hidalgo         .233  67 253  36  59 14  0 12  46  30  48  2  0  1   7  2  0
O.Palmeiro        .232  94  69  10  16  3  0  0   3   7  11  1  0  2   1  1  0
J.Larue           .212  37 104  13  22  8  0  3  17  22  29  2  0  3   3  1  4
H.Blanco          .192  71 229  26  44 12  0  6  29  29  38  1  0  3   2  0  2
ALL PITCHERS      .168 152 309  19  52  7  0  0  25  11 116  0 29  2   0  1 12
----------------- ---- --- --- --- --- -- -- -- --- --- --- -- -- -- --- -- --
TEAM TOTALS       .265    5293    1400    24    674     902    43    145   107
                       152     705    278   132     595     48   116     49


NAME               ERA  W  L   PCT   G GS CG SH SV    IP   H   R  ER HR  BB  SO
B.Wagner          3.15  1  1  .500  23  0  0  0 14  34.1  31  12  12  8  15  49
S.Schrenk         3.38  3  4  .429  45  0  0  0  1  37.1  31  16  14  3  10  27
P.Borbon          3.44  3  6  .333  51  0  0  0  1  68.0  55  28  26  3  33  43
G.Mota            3.92  3  0 1.000  35  0  0  0  0  62.0  61  31  27 10  26  34
O.Daal            4.18  6  3  .667  13 13  1  0  0  88.1  81  44  41  8  24  61
B.Boehringer      4.60  2  7  .222  28 16  0  0  0 105.2 123  60  54 14  46  72
L.Painter         5.09  3  4  .429  45  1  1  0  0  70.2  87  46  40  9  27  70
G.Stephenson      5.09  6  4  .600  42  5  1  0  0  88.1 101  50  50 13  31  75
K.Peterson        5.51  2  6  .250  51  1  0  0  0  83.1  92  52  51  9  26  38
D.Oliver          6.06  9 15  .375  30 29  2  0  0 176.2 215 126 119 27  81 132
R.Nen             6.14  2  3  .400  30  0  0  0 12  29.1  48  22  20  2  10  26
B.Tomko           6.24  6 12  .333  26 26  3  0  0 163.0 199 119 113 39  58 137
I.Valdes          6.59  8 12  .400  36 36  1  1  0 196.2 253 155 144 47  70 140
D.Kile            7.90  2 15  .118  22 22  1  0  0 125.1 159 117 110 18  82  66
C.Brock           8.84  1  1  .500   3  3  0  0  0  18.1  26  18  18  6   9  16
B.Chen            9.82  1  1  .500   8  0  0  0  0   7.1   8   8   8  0   9   6
ALL NON-PITCHERS  ----  0  0  ----   0  0  0  0  0   0.0   0   0   0  0   0   0
Team                                          2                   -2
----------------- ---- -- -- ----- --- -- -- -- -- ----- --- --- --- -- --- ---
TEAM TOTALS       5.63    94       152    10    28      1570     847    557
                       58     .382    152     3   1354.2     904    216     992

Primary Player Statistics For 2000 Evenson Odd Dau (EVE) Totals After 153 Games


NAME              BAVG  GM  AB   R   H 2B 3B HR RBI  BB  SO HB SH DP  SB CS  E
J.Oliver          .500   2   2   2   1  0  0  0   0   0   0  0  0  0   0  0  0
E.Durazo          .379  57 169  31  64 10  1 11  27  49  46  1  0  1   1  0  2
K.Abbott          .322  69 183  22  59 13  1  3  16  17  48  0  1  6   0  2  3
T.Shumpert        .301  90 289  41  87 22  1  8  32  37  42  4  0  5   8  1  2
A.Beltre          .282 107 340  41  96 13  3  7  27  24  75  7  2  7   8  2 19
A.Rios            .273  96 139  26  38 10  0  3  15  22  35  4  0  3   0  1  3
P.Konerko         .267  86 240  30  64 13  5  6  23  18  42  2  0  7   0  0  4
T.Batista         .265 135 510  64 135 23  1 31  85  42  95  8  0  8   1  1 17
M.Cameron         .262 150 585 107 153 35 21 20  67  93 173  6  5  3  64  7  9
J.Olerud          .260  81 219  30  57 12  0  8  34  34  21  4  0  7   2  0  4
R.Sanders         .257 136 529  90 136 20  7 28  94  71 127  7  0 12  48 13  4
M.Lieberthal      .246 123 374  47  92 21  1 17  61  46  72 11  0  9   0  0  3
F.Garcia          .242  48 161  20  39 10  0 10  21   7  61  0  0  3   0  0  7
T.Lampkin         .241  65 228  25  55  9  3 12  33   5  42  3  0  3   2  3  5
G.Vaughn          .226 151 557  86 126 26  2 36  93 109 142  2  0 12   2  0  7
P.Polanco         .216  69 231  21  50 14  6  1  21  12  32  0  1 10   2  2  8
J.Valentin        .206  51  63  17  13  1  2  2  10  16  18  1  0  1   2  0  6
C.Paquette        .201  85 159  17  32  3  1  8  25   7  56  0  0  4   1  0  8
J.Barry           ----   0   0   0   0  0  0  0   0   0   0  0  0  0   0  0  0
O.Merced          ----   0   0   0   0  0  0  0   0   0   0  0  0  0   0  0  0
ALL PITCHERS      .133 153 300  19  40 14  0  3  22  12 106  0 35  6   0  0 14
----------------- ---- --- --- --- --- -- -- -- --- --- --- -- -- -- --- -- --
TEAM TOTALS       .253    5278    1337    55    706    1233    44    141   125
                       153     736    269   214     621     60   107     32


NAME               ERA  W  L   PCT   G GS CG SH SV    IP   H   R  ER HR  BB  SO
K.Millwood        2.79 18  6  .750  33 33  5  3  0 232.0 180  76  72 25  66 212
T.Glavine         3.19  4  3  .571  14 13  0  0  0  67.2  59  29  24  3  28  32
J.Christiansen    3.54  0  1  .000  34  0  0  0 15  20.1  15  11   8  1  13  14
S.Sauerbeck       3.61  1 10  .091  64  0  0  0 27  67.1  54  36  27 10  44  57
D.Lee             3.72  3  2  .600  49  0  0  0  2  55.2  46  24  23  4  24  46
K.Rogers          3.86  9 10  .474  31 31  0  0  0 184.1 184  96  79 19  73 109
S.Aldred          4.05  3  2  .600  67  0  0  0  3  73.1  90  37  33  2  38  55
T.Ritchie         4.35 12  9  .571  33 31  0  0  0 173.2 168  85  84 17  71 114
M.Whisenant       4.91  0  1  .000  13  0  0  0  0  14.2  19   9   8  1  12   7
J.Smart           5.06 11  4  .733  73  0  0  0  2  74.2  91  45  42 11  31  30
S.Estes           5.29  7 11  .389  26 26  0  0  0 127.2 131  83  75 17  80 101
A.Telford         5.31  4  6  .400  82  0  0  0  2 101.2 124  67  60  6  50  87
W.Gomes           5.60  1  3  .250  63  0  0  0  0  64.1  62  42  40  2  68  69
O.Olivares        5.79  3  6  .333  20 19  0  0  0  91.2 110  62  59 11  34  41
C.Leskanic        5.82  3  0 1.000  31  0  0  0  0  38.2  47  30  25  7  30  31
ALL NON-PITCHERS  ----  0  0  ----   0  0  0  0  0   0.0   0   0   0  0   0   0
Team                                          8                   -1
----------------- ---- -- -- ----- --- -- -- -- -- ----- --- --- --- -- --- ---
TEAM TOTALS       4.27    74       153     5    51      1380     659    662
                       79     .516    153    11   1387.2     732    136    1005

Primary Player Statistics For 2000 Johnny Be Goods (FEJ) Totals After 152 Games


NAME              BAVG  GM  AB   R   H 2B 3B HR RBI  BB  SO HB SH DP  SB CS  E
D.Erstad          .341  40  88  18  30  5  2  4  14   3  12  0  0  3   2  0  0
D.Nilsson         .329  90 313  61 103 23  0 20  63  34  56  2  0  7   1  1  6
C.Everett         .312 112 436  82 136 31  0 21  61  47  98 16  0  3  25  3  1
R.Simon           .309  51  97  11  30  7  0  0   7  13  13  0  0  3   1  1  1
M.Williams        .308 150 616  91 190 44  5 38 128  37  96  2  0 22   2  0 14
E.Burks           .295 116 410  86 121 29  0 32  83  84  95  8  0  4   1  1  2
G.Jenkins         .287 113 432  63 124 42  4 16  72  23  95  7  3 10   5  0  7
T.Womack          .286  88 231  36  66  4  7  2  27  18  29  0  4  4  33  6  3
J.Jaha            .270 124 415  84 112 21  0 36 101  97 128 13  0  7   3  0  7
B.Mayne           .266 120 327  36  87 30  0  1  24  32  75  3  0  7   2  0  5
W.Guerrero        .262  59 103  11  27  5  1  0  15   8  20  4  0  0   1  0  3
K.Jordan          .260  63 100  10  26  3  1  2   9  13  12  2  0  1   1  0  2
B.Larkin          .259 145 553  95 143 21  5 11  59  93  72  3  3  6  33  7 12
R.Velarde         .254 151 586  84 149 12 10 13  72  70 127  3 10 17  18  6  8
G.Disarcina       .250  24  60   4  15  4  0  1   7   2   7  0  1  1   0  0  4
B.Gilkey          .229  31  70  12  16  5  0  2   6  12  16  1  0  2   0  0  1
T.Salmon          .222  27  72   8  16  6  0  1  10   8  21  0  0  2   0  0  0
R.Gant            .207  18  58   8  12  2  0  1   8   6  14  0  0  0   1  0  0
B.Molina          .143  10  21   1   3  1  0  0   1   0   2  0  0  0   0  0  0
D.Cedeno          .000   2   2   0   0  0  0  0   0   1   1  0  0  1   0  0  0
ALL PITCHERS      .174 152 357  33  62 11  0  1  22  16 126  0 38  5   1  0 19
----------------- ---- --- --- --- --- -- -- -- --- --- --- -- -- -- --- -- --
TEAM TOTALS       .275    5347    1468    35    789    1115    59    130    95
                       152     834    306   202     617     64   105     25


NAME               ERA  W  L   PCT   G GS CG SH SV    IP   H   R  ER HR  BB  SO
B.Chouinard       1.72  4  0 1.000  25  0  0  0  1  36.2  29   8   7  2  11  22
R.Seanez          1.90  1  2  .333  60  0  0  0  7  71.0  49  17  15  5  29  60
S.Williamson      2.72  4  2  .667  20  0  0  0  4  36.1  20  12  11  5  20  38
C.Pavano          3.38  2  0 1.000   8  8  0  0  0  42.2  42  16  16  3   9  25
D.Miceli          3.87  5  5  .500  62  0  0  0  5  88.1  84  42  38 11  44  89
M.Batista         4.11  6  6  .500  45 11  0  0  2 116.0 113  59  53  9  55  93
R.Villone         4.49 10  3  .769  23 21  0  0  0 136.1 102  80  68  6  78  93
D.Dreifort        4.49 10 11  .476  28 28  3  1  0 182.1 191  98  91 30  79 167
M.Hampton         4.52 19 14  .576  34 34  9  3  0 239.0 270 130 120 22 121 162
A.Ashby           4.54  9  4  .692  16 16  4  0  0 109.0 122  60  55 16  25  75
P.Harnisch        4.65  5  8  .385  20 20  1  0  0 112.1 110  62  58 15  48  72
J.Washburn        5.10  4  1  .800  29  2  0  0  1  54.2  68  36  31 10  22  40
U.Urbina          6.00  2  2  .500  60  0  0  0 13  60.0  53  42  40 11  41  76
R.Croushore       7.02  3  2  .600  33  0  0  0  1  33.1  37  28  26  3  22  44
J.Jimenez         7.90  3  4  .429  11 11  0  0  0  49.0  71  46  43 11  18  24
O.Perez           9.64  0  1  .000   1  1  0  0  0   4.2   9   5   5  1   1   5
S.Sparks          ----  0  0  ----   0  0  0  0  0   0.0   0   0   0  0   0   0
L.Hernandez       ----  0  0  ----   0  0  0  0  0   0.0   0   0   0  0   0   0
P.Astacio         ----  0  0  ----   0  0  0  0  0   0.0   0   0   0  0   0   0
ALL NON-PITCHERS  ----  0  0  ----   0  0  0  0  0   0.0   0   0   0  0   0   0
Team                                          1                   +0
----------------- ---- -- -- ----- --- -- -- -- -- ----- --- --- --- -- --- ---
TEAM TOTALS       4.44    65       152    17    34      1370     677    623
                       87     .572    152     5   1371.2     741    160    1085

Primary Player Statistics For 2000 Morgen Grinders (MOR) Totals After 152 Games


NAME              BAVG  GM  AB   R   H 2B 3B HR RBI  BB  SO HB SH DP  SB CS  E
R.Lankford        .351  45 151  24  53 11  0 11  26  18  39  2  0  1   2  0  0
S.Casey           .324  49 185  19  60 16  1  5  26   8  29  5  0  4   0  0  3
L.Harris          .324  28  71   6  23  8  0  2  13   2   6  0  0  3   0  0  2
R.Belliard        .322  31 121  17  39  5  3  2  20  14  11  0  1  2   3  1  6
R.Ventura         .320  53 206  28  66 17  0  9  34  21  33  2  0  5   0  0  2
C.Jones           .319  59 235  48  75 21  0 21  54  39  32  0  0  6   1  0  2
T.Eusebio         .315  39 111  11  35  4  0  2  17  10  25  0  0  2   0  0  2
M.Lansing         .302  73 162  17  49  9  0  3  13   8  29  2  0  6   2  0  2
B.Gilkey          .291  33  79  10  23  5  0  1  10  12  21  0  0  3   0  2  0
R.Brogna          .291  88 323  43  94 13  1 15  63  36  76  1  0 13   8  0  3
R.Johnson         .288  45 125  19  36  5  0  3  18  17  25  0  1  1   1  2  7
B.Molina          .282  35  71   6  20  5  0  2  12   4   6  0  0  2   0  0  2
R.Klesko          .280  72 239  43  67 20  0 16  44  34  47  1  0  3   4  1  0
J.Hernandez       .279  93 359  44 100 12  1 14  43  35 104  6  0  8   9  2  8
R.Henderson       .278  57 227  42  63 18  0  6  25  39  44  1  0  2  18  6  4
G.Colbrunn        .272  57 151  22  41  6  3  4  22  14  36  2  0  9   1  1  8
F.Santangelo      .271 111 247  46  67 15  4  3  19  52  54  5  7  1  16  5  5
D.Magadan         .269  36 108  15  29  3  0  0   7  15  10  0  0  2   1  2  1
E.Davis           .261  85 199  29  52 14  1  8  24  42  61  1  0  3   6  9  0
P.Bako            .260  68 150  12  39 10  1  1  14  21  42  0  0  3   1  0  3
J.Edmonds         .257  63 218  36  56 21  2  9  30  31  55  0  0  7   8  4  0
F.Vina            .254  50  71   4  18  2  0  1   7   6   1  2  0  0   5  1  1
D.Erstad          .247  44 150  24  37  5  2  2  16  23  28  0  0  7   6  0  2
D.Jackson         .243 125 374  60  91 25  3  4  32  59  91  2  0  4  44 16  5
J.Drew            .236  32 127  16  30  2  3  4  18  15  23  2  1  2  10  1  2
D.Bell            .231  47 117  14  27  7  0  2  15  13  25  1  0  6   7  1  0
M.Martinez        .200  45  65  10  13  1  1  0   1   1  10  0  0  1   3  1  1
T.Howard          .181  38  83   5  15  1  0  1   8  13  16  1  0  2   0  0  2
T.Hundley         .180  60 183  29  33  6  0 14  33  17  68  3  0  3   0  0  6
K.Osik            .155  57  84   7  13  2  1  0   5   7  19  0  0  1   0  0  0
M.Loretta         ----   0   0   0   0  0  0  0   0   0   0  0  0  0   0  0  0
ALL PITCHERS      .134 152 298   9  40  4  1  0  14  10 113  0 44  4   0  0 19
----------------- ---- --- --- --- --- -- -- -- --- --- --- -- -- -- --- -- --
TEAM TOTALS       .265    5290    1404    28    683    1179    54    156    98
                       152     715    293   165     636     39   116     55


NAME               ERA  W  L   PCT   G GS CG SH SV    IP   H   R  ER HR  BB  SO
D.Graves          3.05  1  3  .250  48  0  0  0 15  65.0  68  24  22  6  31  42
H.Slocumb         3.36  1  2  .333  63  0  0  0  6  64.1  51  25  24  7  32  59
S.Williamson      3.41  5  3  .625  45  0  0  0  5  58.0  43  22  22  9  31  78
A.Telemaco        3.52  1  0 1.000  11  0  0  0  0  15.1  13   6   6  4   7  17
D.Holmes          4.02  2  3  .400  54  0  0  0  0  53.2  49  27  24  6  20  35
P.Astacio         4.16  7  7  .500  21 21  0  0  0 127.2 129  74  59 21  40 130
R.Beltran         4.33  0  3  .000  42  0  0  0  1  43.2  43  21  21  7  13  58
O.Masaoka         4.42  6  5  .545  75  0  0  0  4  99.2  78  53  49 13  73  91
M.Petkovsek       4.82  2  3  .400  35  0  0  0  2  37.1  41  24  20  6   7  22
P.Byrd            5.04 12 13  .480  35 35  0  0  0 196.1 212 116 110 38  93 130
C.Finley          5.20  5 21  .192  35 35  0  0  0 200.2 210 127 116 25 105 207
J.Vazquez         5.21  6  9  .400  29 26  0  0  0 140.0 155  84  81 22  41  99
M.Maddux          5.40  6  4  .600  62  0  0  0  1  75.0 100  47  45 11  32  57
A.Reynoso         6.08  7 11  .389  31 27  0  0  0 145.0 180 104  98 17  74  86
O.Perez           9.00  1  3  .250   9  8  0  0  0  35.0  46  35  35  5  22  34
R.Croushore      10.38  0  0  ----  20  0  0  0  4  13.0  17  15  15  5  16  10
D.Veres           ----  0  0  ----   0  0  0  0  0   0.0   0   0   0  0   0   0
ALL NON-PITCHERS  ----  0  0  ----   0  0  0  0  0   0.0   0   0   0  0   0   0
Team                                          7                   -1
----------------- ---- -- -- ----- --- -- -- -- -- ----- --- --- --- -- --- ---
TEAM TOTALS       4.91    90       152     0    38      1435     747    637
                       62     .408    152     7   1369.2     804    202    1155

Primary Player Statistics For 2000 PeterPrinciples (EMR) Totals After 152 Games


NAME              BAVG  GM  AB   R   H 2B 3B HR RBI  BB  SO HB SH DP  SB CS  E
A.Fox             .375  17  16   3   6  3  0  1   4   1   4  0  0  0   0  0  0
A.Castillo        .343  55 143  18  49  8  0  2  25  10  20  4  0  5   0  0  1
L.Gonzalez        .325  94 391  60 127 34  2 14  78  42  37  3  0 14   2  2  3
J.Vidro           .312  51 199  26  62 15  0  2  20  12  23  1  0  7   0  0 11
C.Biggio          .310 152 661 121 205 63  1 19  83  78 112 12  1  1  34 15 12
F.Tatis           .308  93 328  67 101 22  2 20  75  67  76 14  0 14  14  1  8
H.Frias           .299  60 167  23  50  8  6  0  19  23  13  0  0  4   8  3  4
R.Gutierrez       .295  49 112  17  33  0  5  0  11  36  28  0  0  3   0  3  4
J.Snow            .283 137 473  88 134 20  0 21  62  77 102  1  0 12   0  0  3
B.Hunter          .279  60 154  26  43 11  2  5  30  33  32  2  0  7   0  0  4
M.Mordecai        .272  76 158  23  43  8  0  3  18  23  24  0  0  1   0  0  2
J.Burnitz         .266 135 527 109 140 28  3 38 112  71 147 19  0 22   5  1  9
J.Hammonds        .262 108 290  44  76 14  0 17  39  41  83  1  0  7   1  0  0
R.Mondesi         .257 123 374  68  96 14  6 18  67  53 100  2  0  5  29  1  7
T.Salmon          .248  45 153  33  38  8  1  9  29  30  43  0  0  3   1  0  2
F.Seguignol       .237  72 118  14  28 10  0  5  18   8  38  8  0  2   0  0  0
T.Bogar           .237 102 245  30  58  7  4  4  26  31  53 10  0  4   2  2  9
T.Lee             .233  19  30   6   7  1  0  0   2   8   2  0  0  0   0  0  1
G.Myers           .229  75 227  23  52  4  0 10  35  26  33  0  0  8   0  0  4
B.Davis           .175  94 217  23  38 12  1  4  20  23  60  0  0  9   0  0  4
P.Loduca          ----   0   0   0   0  0  0  0   0   0   0  0  0  0   0  0  0
A.Pena            ----   0   0   0   0  0  0  0   0   0   0  0  0  0   0  0  0
ALL PITCHERS      .173 152 358  25  62 10  1  2  22  13 142  0 37 10   0  0  8
----------------- ---- --- --- --- --- -- -- -- --- --- --- -- -- -- --- -- --
TEAM TOTALS       .271    5341    1448    34    795    1172    38     96    96
                       152     847    300   194     706     77   138     28


NAME               ERA  W  L   PCT   G GS CG SH SV    IP   H   R  ER HR  BB  SO
S.Elarton         3.27  5  4  .556  42  1  0  0  2  85.1  78  39  31  7  31  89
K.Benson          3.41 15  7  .682  29 29  7  2  0 200.2 183  85  76 19  87 135
J.Nathan          3.42  8  3  .727  17 13  2  2  0  92.0  78  35  35  8  48  58
C.Schilling       3.70  9  8  .529  26 26  4  2  0 175.0 159  83  72 26  51 150
J.Smoltz          4.91 10  7  .588  28 28  3  0  0 192.1 236 111 105 32  44 160
C.Nitkowski       5.28  8  7  .533  66  1  0  0  1  92.0  92  62  54 15  58  73
J.Franco          5.29  3  4  .429  52  0  0  0 14  47.2  70  30  28  2  36  50
S.Montgomery      5.48  5  0 1.000  58  0  0  0 10  67.1  69  42  41 10  40  64
C.Peters          5.50  6  0 1.000  23  3  0  0  3  37.2  43  23  23 10  17  26
M.Munoz           5.82  3  4  .429  61  0  0  0  2  55.2  52  40  36  5  35  29
R.Wolf            6.18  1  6  .143   7  6  1  0  0  43.2  40  35  30  7  29  38
P.Schourek        6.31  1  8  .111  28 14  0  0  0  92.2 113  70  65 16  42  67
M.Clement         6.57  9 11  .450  31 31  3  1  0 183.2 219 140 134 38 114 141
ALL NON-PITCHERS  ----  0  0  ----   0  0  0  0  0   0.0   0   0   0  0   0   0
Team                                          2                   +0
----------------- ---- -- -- ----- --- -- -- -- -- ----- --- --- --- -- --- ---
TEAM TOTALS       4.81    69       152    20    32      1432     730    632
                       83     .546    152     9   1365.2     795    195    1080

Primary Player Statistics For 2000 Rivercrypts (SEG) Totals After 152 Games


NAME              BAVG  GM  AB   R   H 2B 3B HR RBI  BB  SO HB SH DP  SB CS  E
T.Howard          .444  27  27   4  12  2  0  2  11   3   4  0  0  1   0  0  0
M.Franco          .333  31  30   7  10  0  0  2   6   9   5  0  0  0   0  0  1
S.Berry           .333   3   3   0   1  0  0  0   0   0   2  0  0  0   0  0  0
C.Jones           .324  91 349  78 113 29  1 35  94  66  61  0  0 15   7  4 10
S.Casey           .307  88 349  42 107 26  1 15  50  27  58  3  0  5   1  0  7
M.Loretta         .302  58 222  34  67  9  1  2  31  23  28  2  2  3   6  0  3
J.Vander Wal      .300  73 100  14  30 11  0  3  13  13  26  0  0  3   1  0  1
M.Piazza          .294 139 568 111 167 28  0 53 132  39  79  0  0 24   5  2 16
D.Hamilton        .292  92 367  70 107 12  0 11  45  42  32  2  2  4   5  6  0
R.Henderson       .288  85 330  66  95 26  0  6  38  59  66  1  0  4  45 17  3
A.Ochoa           .288  54  66   9  19  2  0  3   8  12   8  0  0  0   0  1  1
Q.Veras           .282 142 483  70 136 37  4  3  41  75  98  2  0  6  37 14 13
A.Jones           .278  53 205  34  57 10  5  6  26  21  33  6  0  4  18  6  3
J.McEwing         .270  59 141  12  38 11  0  1  17   5  31  2  0  2   0  1 11
R.Brogna          .256  58 223  23  57  5  2  4  28  13  65  1  0  5   6  3  2
B.Jordan          .253 151 577  76 146 23  2 21  91  48  85  4  0 12  15  6  2
S.Rolen           .249  85 281  46  70 22  0 19  44  60  81  4  0  8   8  0  9
F.Tatis           .235  49 179  31  42 13  0  8  22  29  48  6  0  2   8  1 10
J.Drew            .231  18  13   5   3  0  0  0   2   2   1  0  0  0   2  1  0
T.Eusebio         .222  10   9   2   2  0  0  1   2   1   1  0  0  0   0  0  0
G.Williams        .209 116 278  35  58 10  0  6  29  25  53  5  3  1  15  8  1
T.Hundley         .186  17  43   3   8  3  0  1   9   6  18  1  0  0   0  0  1
D.Relaford        .125  13  16   1   2  1  0  0   1   1   3  1  0  0   0  0  1
F.Vina            .000  11   7   1   0  0  0  0   0   3   1  0  0  0   0  0  0
L.Harris          ----   0   0   0   0  0  0  0   0   0   0  0  0  0   0  0  0
G.Bennett         ----   0   0   0   0  0  0  0   0   0   0  0  0  0   0  0  0
J.Edmonds         ----   0   0   0   0  0  0  0   0   0   0  0  0  0   0  0  0
ALL PITCHERS      .123 152 326  22  40  6  0  2  17  23 123  0 46  1   1  0 11
----------------- ---- --- --- --- --- -- -- -- --- --- --- -- -- -- --- -- --
TEAM TOTALS       .267    5192    1387    16    757    1010    53    180   106
                       152     796    286   204     605     40   100     70


NAME               ERA  W  L   PCT   G GS CG SH SV    IP   H   R  ER HR  BB  SO
K.McGlinchy       2.33  5  1  .833  37  0  0  0  1  54.0  46  17  14  4  19  49
J.Rocker          2.64  1  1  .500  55  0  0  0 36  61.1  37  19  18  4  31 102
S.Kline           3.24  8  6  .571  52  0  0  0  5  77.2  61  34  28  9  35  63
T.Wendell         3.29  1  2  .333  39  0  0  0  4  54.2  53  26  20  6  26  44
S.Reynolds        4.56 18  7  .720  34 34  6  4  0 223.0 280 114 113 30  42 210
D.Hermanson       4.90 13 11  .542  31 31  4  1  0 187.1 205 119 102 25  47 142
B.Williams        4.96  4  5  .444  57  0  0  0  1  78.0  89  45  43  6  44  66
J.Lima            5.15  9 19  .321  37 36  4  1  0 229.0 293 148 131 42  49 182
J.Schmidt         5.27 10 11  .476  34 34  3  1  0 213.2 234 138 125 24  85 157
C.Loewer          5.44  6  2  .750  43  3  0  0  0  89.1 114  57  54 18  27  51
J.Powell          6.14  1  0 1.000   2  1  0  0  0   7.1   8   5   5  2   4   4
R.Ortiz           8.51  5  6  .455  13 13  1  1  0  74.0  87  72  70 20  38  51
T.Miller          ----  0  0  ----   0  0  0  0  0   0.0   0   0   0  0   0   0
R.Coppinger       ----  0  0  ----   0  0  0  0  0   0.0   0   0   0  0   0   0
ALL NON-PITCHERS  ----  0  0  ----   0  0  0  0  0   0.0   0   0   0  0   0   0
Team                                          1                   -2
----------------- ---- -- -- ----- --- -- -- -- -- ----- --- --- --- -- --- ---
TEAM TOTALS       4.82    71       152    18    47      1507     723    447
                       81     .533    152     9   1349.1     794    190    1121

Primary Player Statistics For 2000 Russell M'Ups (FER) Totals After 152 Games


NAME              BAVG  GM  AB   R   H 2B 3B HR RBI  BB  SO HB SH DP  SB CS  E
T.Pratt           .362  57 127  21  46  6  0  2  16  17  32  2  0  3   3  0  0
M.Mieske          .352  75 159  25  56  9  0  8  28   9  39  0  0  6   0  0  1
L.Walker          .325 138 535 109 174 23  6 27  87  67  88 18  0 19   6  2  0
E.Karros          .322 135 531  95 171 39  0 34 105  46 111  4  0 17   9  1 11
R.Klesko          .311  41 148  23  46  9  2 11  29  14  37  1  0  5   0  1  1
R.Belliard        .306  44 147  22  45  9  0  2  11  22  23  0  1  4   0  0  8
D.Bragg           .305  58  82  14  25  4  0  0  10  17  18  2  0  1   1  0  0
R.Ventura         .302  91 348  61 105 15  1 20  63  42  64  0  0 14   1  0  3
R.Lankford        .300  66 240  43  72 17  2 10  26  33  62  3  0  3   3  3  0
V.Guerrero        .296 140 565 113 167 25  4 42 134  42  79  9  0 23   4  0 15
D.Young           .294 113 252  51  74 19  1  9  33  28  54  1  0  5   2  0  8
O.Cabrera         .292  57 137  30  40  7  0  2  10   6  11  4  0  1   1  2  2
J.Bell            .291 145 530  95 154 31  4 41 101  70 120  2  6 15   2  1 21
M.Grudzielanek    .273 117 505  69 138 22  2  5  49  23  77  8  2  8   3  4 19
K.Barker          .263   5  19   2   5  2  0  0   2   2   2  0  0  0   0  0  0
T.Greene          .251  59 179  16  45 12  1  8  32   4  40  0  0  4   0  1  2
P.Nevin           .246 119 386  63  95 28  0 24  67  58  91  0  0 10   0  1  2
A.Kennedy         .234  32  77   9  18  7  0  1   7   3   6  1  0  0   0  0  5
R.Rivera          .143   5   7   3   1  0  0  1   3   2   3  0  0  0   0  0  0
D.Bell            ----   0   0   0   0  0  0  0   0   0   0  0  0  0   0  0  0
ALL PITCHERS      .137 152 342  25  47  6  1  7  34  18 130  0 42  5   1  0  9
----------------- ---- --- --- --- --- -- -- -- --- --- --- -- -- -- --- -- --
TEAM TOTALS       .287    5316    1524    24    847    1087    51     36   107
                       152     889    290   254     523     55   143     16


NAME               ERA  W  L   PCT   G GS CG SH SV    IP   H   R  ER HR  BB  SO
M.Remlinger       2.35  6  4  .600  55  0  0  0  4  76.2  50  25  20  7  34  85
M.Mantei          2.80  6  2  .750  54  0  0  0 29  64.1  39  21  20  8  35  83
D.Neagle          3.48  9  3  .750  17 17  2  1  0 108.2  99  47  42 13  49  82
S.Hitchcock       3.52 14  7  .667  33 33  4  1  0 212.1 192  91  83 26  80 209
S.Sullivan        3.63 14  3  .824  76  0  0  0  7 114.0  93  49  46 11  54  78
D.Cook            3.86  3  0 1.000  45  0  0  0  1  63.0  56  33  27 17  34  75
B.Anderson        3.99 11  4  .733  24 21  3  1  0 137.2 142  63  61 18  33  81
O.Dotel           4.17  1  2  .333  22  2  0  0  1  45.1  33  25  21  6  24  52
J.Johnstone       4.30 11  5  .688  59  0  0  0  6  69.0  62  39  33 16  23  66
J.Guzman          4.79 14  9  .609  33 33  1  1  0 204.2 195 122 109 40  88 154
A.Benes           6.03  8  7  .533  32 32  2  0  0 186.2 213 140 125 47  81 131
K.Hill            6.04  2  7  .222  15 14  0  0  1  76.0  78  53  51 12  36  54
B.Jones           ----  0  0  ----   0  0  0  0  0   0.0   0   0   0  0   0   0
S.Hasegawa        ----  0  0  ----   0  0  0  0  0   0.0   0   0   0  0   0   0
S.Schoeneweis     ----  0  0  ----   0  0  0  0  0   0.0   0   0   0  0   0   0
ALL NON-PITCHERS  ----  0  0  ----   0  0  0  0  0   0.0   0   0   0  0   0   0
Team                                          5                   +0
----------------- ---- -- -- ----- --- -- -- -- -- ----- --- --- --- -- --- ---
TEAM TOTALS       4.23    53       152    12    49      1252     638    571
                       99     .651    152     9   1358.1     708    221    1150

Primary Player Statistics For 2000 Skramalonians (SKR) Totals After 152 Games


NAME              BAVG  GM  AB   R   H 2B 3B HR RBI  BB  SO HB SH DP  SB CS  E
K.Caminiti        .363 109 204  40  74 12  2 11  27  33  44  3  0  5   3  0  6
L.Gonzalez        .349  57 241  38  84 19  4 10  41  24  25  2  0  9   1  1  6
J.Kendall         .347  91 320  68 111 21  6 11  47  34  40  8  0  6  22  6 10
J.Vizcaino        .304  37  92  16  28  6  0  1   6  10  11  0  4  1   0  0  2
R.Sanchez         .304 125 448  52 136 25  4  2  40  22  51  7  9 11   7  1 14
S.Javier          .299  90 224  21  67 13  0  4  28  17  29  0  2  6   7  2  3
A.Martin          .289  94 377  59 109 26  5 14  51  25  96  0  0  5   9  1  6
D.Bichette        .284 139 500  64 142 27  1 25  91  36  66  3  0 19   7  3 15
E.Sprague         .277 133 415  55 115 27  3 21  76  43  93 12  0  5   0  2 26
R.Rivera          .273  72  55  11  15  1  0  6  13   6  18  1  0  1   2  1  2
E.Young           .267 129 506  92 135 22  2  2  28  64  43  5  1  4  59 11  6
B.Brown           .267  66  75  13  20  3  1  6  18   7  24  0  0  1   1  0  1
M.Vaughn          .265  95 374  49  99 13  0 18  66  34 110 10  0 11   0  0  5
D.Miller          .260  84 288  36  75 21  0  9  42  17  83  3  0 10   0  0  7
M.McGwire         .257  55 187  39  48  6  0 19  49  59  69  1  0  5   0  0  8
B.Bonds           .249 108 317  64  79 18  1 25  65  59  54  3  0 10   8  1  0
G.Blum            .247  59 166  36  41 11  4 10  26  22  39  0  0  1   0  0  6
J.Fabregas        .214   8  28   5   6  1  0  3   7   1   2  0  0  1   0  0  0
R.Martinez        .192  29  26   4   5  0  0  0   0   3   5  0  0  0   1  0  0
E.Clemente        .185  73 184  18  34 10  3  3  19  10  59  0  0  7   0  0 11
B.Fullmer         .150  24  20   0   3  1  0  0   1   0   4  0  0  1   0  0  0
T.Greene          ----   0   0   0   0  0  0  0   0   0   0  0  0  0   0  0  0
ALL PITCHERS      .107 152 289  21  31  3  0  3  20  14 117  0 31  5   2  0 13
----------------- ---- --- --- --- --- -- -- -- --- --- --- -- -- -- --- -- --
TEAM TOTALS       .273    5336    1457    36    761    1082    47    129   147
                       152     801    286   203     540     58   124     29


NAME               ERA  W  L   PCT   G GS CG SH SV    IP   H   R  ER HR  BB  SO
T.Percival        3.39  1  3  .250  49  0  0  0  1  71.2  55  31  27 10  25  78
D.Wall            3.56  3  0 1.000  33  0  0  0  0  43.0  42  22  17  4  17  26
T.Adams           4.11  1  1  .500  21  0  0  0  5  15.1  16  10   7  1  10  14
R.Springer        4.41  0  0  ----  22  0  0  0  0  34.2  33  18  17  4  21  36
R.Person          4.95  8  9  .471  35 25  1  1  1 151.0 148  89  83 27  84 161
M.Thurman         5.14  9 10  .474  33 27  0  0  0 152.1 173 100  87 24  49  88
S.Avery           5.35  7  9  .438  24 24  0  0  0 107.2  91  74  64 15  73  85
P.Mahomes         5.61  4  4  .500  36  0  0  0  2  59.1  55  39  37 18  36  59
S.Karl            6.05  6 12  .333  27 26  0  0  0 129.1 187 101  87 21  51  50
J.Wright          6.11  2  9  .182  19 19  0  0  0  98.2 125  71  67 13  59  57
T.Belcher         6.15  1  4  .200   5  5  0  0  0  26.1  34  28  18  7  10  18
J.Silva           6.20  5  7  .417  65  3  0  0  2 107.1 129  85  74 19  71 103
B.Wickman         6.21  1  3  .250  58  0  0  0  4  62.1  68  48  43 12  40  58
T.Stottlemyre     6.30  3  6  .333  18 18  0  0  0  85.2 102  62  60  9  39  76
M.Williams        6.79  3  5  .375  51  0  0  0  6  58.1  80  52  44 12  30  73
M.Magnante        6.80  3  4  .429  72  0  0  0  1  87.1 114  76  66  5  39  81
B.Bohanon         8.64  1  2  .333   5  5  0  0  0  25.0  40  24  24  1  13  16
B.Taylor          8.91  3  3  .500  46  0  0  0 13  32.1  60  36  32  5  13  32
ALL NON-PITCHERS  ----  0  0  ----   0  0  0  0  0   0.0   0   0   0  0   0   0
Team                                          1                   -4
----------------- ---- -- -- ----- --- -- -- -- -- ----- --- --- --- -- --- ---
TEAM TOTALS       5.70    91       152     1    35      1552     854    680
                       61     .401    152     2   1347.2     966    207    1111

Primary Player Statistics For 2000 Slattery Incarn (SLA) Totals After 153 Games


NAME              BAVG  GM  AB   R   H 2B 3B HR RBI  BB  SO HB SH DP  SB CS  E
B.Abreu           .343 146 563 115 193 27 13 31 116  93 102  4  0 22  26 10  0
E.Alfonzo         .329  94 389  78 128 26  1 13  42  52  68  4  0 13   4  2  3
E.Perez           .320  31  75   9  24  5  0  3  14   3   9  0  0  0   0  0  2
G.Anderson        .319 149 608  94 194 48  6 24  96  34  85  0  0 18   4  0  0
T.Hollandsworth   .302  93 278  49  84 10  3  9  31  30  57  2  0  4   7  1  1
A.Sheets          .300  24  10   1   3  0  0  0   2   0   1  0  1  0   0  0  0
M.Vaughn          .288  42 160  21  46  3  0  7  21  20  37  2  0  5   0  0  3
A.Echevarria      .285  86 207  23  59 14  0  7  29  26  35  2  0  5   0  1  0
K.Manwaring       .278  54  54   3  15  0  0  2   7   9  11  1  0  3   0  0  0
O.Nixon           .269  56  26  13   7  2  1  0   1   6   2  0  0  0  17  3  0
B.Boone           .263  59 232  24  61 15  0  3  24  18  47  0  2 10   2  2 10
C.Johnson         .255  94 325  49  83 19  1 12  37  55  94  4  0 11   0  0  7
M.McGwire         .247  99 356  81  88 11  1 45 103  78 106  2  0  7   3  0 15
J.Hernandez       .241  59 232  18  56  6  0  4  24  17  72  1  0  5   2  2  6
M.Lewis           .239  99 163  19  39 14  0  5  24  11  20  0  0 10   0  0  2
T.Phillips        .239 125 436  72 104 28  5 18  50  64 124  5  0  2   9  4 19
M.Tucker          .224 110 294  48  66  6  1 18  46  30  81  4  0  5  12  5  0
M.Loretta         .218  88 312  29  68 16  1  5  37  25  46 10 10  5   3  1  5
E.Marrero         .194  47 144  17  28  5  2  2  19   8  13  0  0  8   2  1  4
L.Lopez           .160  88 100  14  16  6  0  0   6  15  34  3  1  2   1  2  8
W.McGee           ----   1   0   0   0  0  0  0   0   0   0  0  0  0   0  0  0
T.Durrington      ----   0   0   0   0  0  0  0   0   0   0  0  0  0   0  0  0
ALL PITCHERS      .105 153 344  17  36  6  0  0  21   9 146  0 39  1   0  0 18
----------------- ---- --- --- --- --- -- -- -- --- --- --- -- -- -- --- -- --
TEAM TOTALS       .263    5308    1398    35    750    1190    53     92   103
                       153     794    267   208     603     44   136     34


NAME               ERA  W  L   PCT   G GS CG SH SV    IP   H   R  ER HR  BB  SO
F.Rodriguez       0.36  1  0 1.000  17  0  0  0  0  24.2  13   2   1  0  11  24
G.White           2.05  1  1  .500  13  0  0  0  1  22.0  25   5   5  3   5  24
D.Wall            2.42  5  1  .833  34  0  0  0  2  44.2  36  13  12  6  19  30
A.Benitez         2.70  1  3  .250  65  0  0  0 39  70.0  42  27  21  4  33 104
R.Johnson         3.12 21  9  .700  37 37  9  3  0 268.0 212  98  93 25  86 365
T.Mulholland      3.49  8  4  .667  29 27  2  0  0 167.2 196  70  65 22  41  79
K.Brown           4.27 15 12  .556  37 37  3  1  0 261.1 243 133 124 38  81 253
G.Olson           4.64  2  2  .500  33  0  0  0  2  33.0  33  18  17  8  12  28
C.Reyes           5.64  8  4  .667  47  0  0  0  1  60.2  71  41  38 12  20  35
J.Powell          5.66  2  4  .333  59  0  0  0  1  82.2  98  56  52  4  46  93
C.Holt            6.43  8  9  .471  27 24  1  0  1 138.2 190 105  99 15  70  91
T.Percival        6.75  0  6  .000  19  0  0  0  3  18.2  21  16  14  4   7  16
C.Park            7.16  5 15  .250  28 28  0  0  0 143.1 184 117 114 32  68 130
T.Adams           7.36  1  0 1.000  21  0  0  0  0  14.2  16  12  12  4   9  12
A.Mills          10.62  0  3  .000  27  0  0  0  0  29.2  49  37  35 12  20  26
R.Bottalico      27.00  0  2  .000   2  0  0  0  0   1.1   5   4   4  2   0   3
C.Ogea            ----  0  0  ----   0  0  0  0  0   0.0   0   0   0  0   0   0
ALL NON-PITCHERS  ----  0  0  ----   0  0  0  0  0   0.0   0   0   0  0   0   0
Team                                          2                   +0
----------------- ---- -- -- ----- --- -- -- -- -- ----- --- --- --- -- --- ---
TEAM TOTALS       4.60    75       153    15    50      1434     706    528
                       78     .510    153     6   1381.0     754    191    1313
