Primary Player Statistics For 2001 Avery Tards (AVC) Totals After 152 Games


NAME              BAVG  GM  AB   R   H 2B 3B HR RBI  BB  SO HB SH DP  SB CS  E
J.Vidro           .334 150 587  89 196 47  0 31 110  56  83  2  0 18   3  2  6
R.Klesko          .326 119 426  94 139 44  0 34  97  73  61  0  0  9  10  1  8
J.Drew            .310 119 461 103 143 24  2 22  52  69 114  8  3  3  14  8  6
E.Renteria        .303 149 611  98 185 35  3 16  58  59  89  0  8 12  11  2 28
A.Rios            .280  89 218  30  61 12  3 11  42  33  41  0  0  5   0  1  1
A.Jones           .279 151 639 116 178 38  3 28 104  48 112  9  0 14  13  2  0
L.Stevens         .274  64 186  31  51  9  0 12  36  15  47  0  0  5   0  0  6
T.Goodwin         .271  36  85  14  23  0  2  0   5   9  15  0  1  1   7  1  0
R.Casanova        .267  58 165  19  44 16  1  3  24  19  34  3  0  6   0  1  2
R.Sanders         .265  40  49   7  13  3  0  1   8   5  13  0  0  0   1  1  1
T.Glaus           .265 148 544 121 144 37  1 41 120 116 136  2  0 14   4  6 33
S.Dunston         .264  56 144  18  38 14  1  4  20   5  28  0  0  7   3  0  1
A.Ochoa           .260  54 127  20  33  8  1  6  19   8  23  4  0  1   1  0  1
B.Trammell        .259  13  27   3   7  0  0  2   6   6   6  1  0  3   1  1  0
B.Santiago        .250  43  76   7  19  5  0  2   7   2  18  0  0  2   0  0  1
B.Mayne           .249 100 334  34  83 17  0  4  46  42  50  0  0 12   2  1  2
M.Tucker          .198  87 242  34  48  9  2 13  37  37  64  7  2  9   4  0  5
M.Mordecai        .184  34  49   5   9  3  0  1   6   5  10  0  0  0   1  1  0
D.Magadan         .125  10   8   0   1  0  0  0   0   2   2  0  0  0   0  0  0
P.Bergeron        .000  11   6   0   0  0  0  0   0   1   1  0  0  0   0  0  0
ALL PITCHERS      .187 152 359  22  67 12  0  0  25  14 124  0 44  9   0  0  8
----------------- ---- --- --- --- --- -- -- -- --- --- --- -- -- -- --- -- --
TEAM TOTALS       .277    5343    1482    19    822    1071    58     75   109
                       152     865    333   231     624     36   130     28


NAME               ERA  W  L   PCT   G GS CG SH SV    IP   H   R  ER HR  BB  SO
M.James           1.27  5  3  .625  32  0  0  0  3  49.2  30  11   7  5  29  25
S.Sullivan        2.85 10  4  .714  66  0  0  0  5 104.1  89  35  33 13  29  92
G.Maddux          3.24 18  7  .720  34 34 10  2  0 247.1 199 103  89 28  57 167
T.Wendell         3.50  4  1  .800  37  0  0  0  2  54.0  46  22  21  6  32  51
G.White           3.71  3  4  .429  62  0  0  0 35  70.1  63  29  29  9  16  64
T.Glavine         4.00 17  9  .654  33 33  6  2  0 218.0 221 112  97 27  63 126
J.Washburn        4.04  7  2  .778  15 15  0  0  0  89.0  56  42  40 24  34  56
R.Wolf            4.41 16  7  .696  31 30  3  1  0 192.0 189 106  94 24  87 166
W.Miller          4.57  7  4  .636  18 18  1  1  0 108.1 101  58  55 24  38  83
M.Aybar           4.86  5  1  .833  51  0  0  0  3  79.2  68  43  43 13  43  50
A.Burnett         4.98  4  2  .667  15 14  0  0  0  85.0  90  50  47 11  42  55
S.Schoeneweis     6.06  4  4  .500   9  8  0  0  0  49.0  51  34  33  7  23  22
A.Fultz           6.75  1  0 1.000  17  0  0  0  1  20.0  23  15  15  4   7  11
S.Kline          13.85  0  3  .000  15  0  0  0  0  13.0  31  23  20  3  12  11
J.Lima            ----  0  0  ----   0  0  0  0  0   0.0   0   0   0  0   0   0
ALL NON-PITCHERS  ----  0  0  ----   0  0  0  0  0   0.0   0   0   0  0   0   0
Team                                          4                   -2
----------------- ---- -- -- ----- --- -- -- -- -- ----- --- --- --- -- --- ---
TEAM TOTALS       4.05    51       152    20    49      1257     621    512
                      101     .664    152    10   1379.2     683    198     979

Primary Player Statistics For 2001 Co Operators (COO) Totals After 152 Games


NAME              BAVG  GM  AB   R   H 2B 3B HR RBI  BB  SO HB SH DP  SB CS  E
A.Cora           1.000   3   1   0   1  0  0  0   0   0   0  0  1  0   0  0  1
D.Hamilton        .400   7   5   1   2  0  0  0   1   1   2  0  0  0   0  0  0
A.Ramirez*        .375   8   8   1   3  1  0  1   3   0   1  0  0  0   0  0  0
O.Palmeiro        .364  96 258  57  94 30  3  0  20  47  23  3  9  6   1  0  0
B.Giles           .338 149 589 125 199 39  5 45 120  88  76  6  0 15   4  0  6
C.Stynes          .334 115 362  53 121 20  1 19  59  32  47  6  0 10   2  1  6
B.Agbayani        .304 108 378  67 115 22  1 22  68  51  73  6  0  8   6  2  2
J.Bagwell         .286 152 559 121 160 31  2 45 132 116 111 14  0 24   4  1 17
M.Piazza          .285  81 312  50  89 20  0 20  67  36  46  3  0 11   1  0  2
B.Spiers          .279  51 183  26  51  8  2  2  17  28  17  2  0  5   5  1  2
K.Osik            .279  57 122  12  34  8  0  3  17  12  14  1  0  2   2  0  4
J.Lugo            .265  46 185  25  49  6  3  6  18  17  44  2  1  5   5  0  8
D.Jackson         .259  60 158  27  41 14  2  0  11  23  35  0  0  7  11  3  3
M.Loretta         .255 113 364  34  93 13  0  3  27  30  45  2  7 11   0  0  1
S.Finley          .255 149 588  97 150 30  2 36 115  60  91  6  0 28   5  2  3
D.Magadan         .252  42 127  31  32  8  0  5  14  38  37  0  0  1   0  0  2
A.Ramirez         .250   9   8   1   2  1  0  0   1   1   1  0  0  0   0  0  0
D.Hansen          .243  95 115  26  28  5  1  5  20  25  35  0  0  0   0  0  0
M.Benjamin        .232  90 211  21  49  8  1  1  15  17  38  3  3  8   1  0  5
W.Morris          .226  69 208  23  47 12  1  3  19  27  36  0  0  4   3  2  7
W.Gonzalez        .208  31 106   8  22  4  0  2  12   8  12  0  0  3   0  0  0
T.Eusebio         .200  28  80   9  16  8  0  1   8   4  19  4  0  1   0  0  2
ALL PITCHERS      .171 152 356  31  61  8  1  7  31  19 145  0 36  3   0  0 16
----------------- ---- --- --- --- --- -- -- -- --- --- --- -- -- -- --- -- --
TEAM TOTALS       .276    5283    1459    25    795     948    57     50    87
                       152     846    296   226     680     58   152     12


NAME               ERA  W  L   PCT   G GS CG SH SV    IP   H   R  ER HR  BB  SO
F.Rodriguez       3.34  9  5  .643  68  0  0  0  9  94.1 101  36  35  4  56  89
J.D'Amico         3.37  9  8  .529  25 25  3  2  0 173.2 143  67  65 23  46 119
H.Slocumb         4.25  2  2  .500  35  0  0  0  1  53.0  61  25  25  9  22  28
T.Percival        4.43  2  6  .250  51  0  0  0 14  40.2  34  20  20  7  24  56
B.Tollberg        4.45  7  3  .700  18 18  1  0  0 109.1 117  56  54 15  38  70
R.Ankiel          4.66 13  8  .619  28 28  3  0  0 185.1 184  99  96 31 103 210
R.Dempster        5.04  9  5  .643  21 21  5  1  0 141.0 136  87  79 23  63 105
P.Harnisch        5.13  5  5  .500  21 21  0  0  0 114.0 126  69  65 18  29  52
J.Shaw            5.51  2  5  .286  58  0  0  0  4  49.0  57  34  30  8  11  34
R.Reed            6.18  9 12  .429  30 30  3  1  0 179.0 223 127 123 40  41 130
O.Dotel           6.28  5  4  .556  19  1  0  0  3  28.2  42  23  20  6   9  30
M.Petkovsek       6.82  4  7  .364  50  0  0  0  2  66.0  90  55  50  9  30  26
B.Penny           7.15  2  1  .667   8  8  0  0  0  39.0  62  32  31  5  19  21
E.Stull           7.62  0  0  ----  19  0  0  0  1  28.1  32  25  24  8  16  20
V.Darensbourg     7.92  1  2  .333  54  0  0  0  1  55.2  62  54  49 14  40  61
D.Plesac         13.50  0  0  ----   1  0  0  0  0   2.0   3   3   3  0   2   3
P.Mahomes         ----  0  0  ----   0  0  0  0  0   0.0   0   0   0  0   0   0
M.Yoshii          ----  0  0  ----   0  0  0  0  0   0.0   0   0   0  0   0   0
J.Santana         ----  0  0  ----   0  0  0  0  0   0.0   0   0   0  0   0   0
ALL NON-PITCHERS  ----  0  0  ----   0  0  0  0  0   0.0   0   0   0  0   0   0
Team                                          2                   -1
----------------- ---- -- -- ----- --- -- -- -- -- ----- --- --- --- -- --- ---
TEAM TOTALS       5.09    73       152    15    35      1473     768    549
                       79     .520    152     6   1359.0     812    220    1054

Primary Player Statistics For 2001 Davehawks (AVD) Totals After 152 Games


NAME              BAVG  GM  AB   R   H 2B 3B HR RBI  BB  SO HB SH DP  SB CS  E
B.Petrick         .341  50 123  15  42  4  0  3  20  13  34  0  0  0   1  0  5
T.Gwynn           .333  77  81   7  27  7  0  0   8   8   4  0  0  3   0  0  0
A.Brown           .317 105 334  69 106 19  5  4  30  50  45  0  0  2   7  1  4
T.Helton          .313 152 584  99 183 48  0 33 103 100  68  6  0 10   2  0  5
M.Meluskey        .296 114 382  56 113 27  0 20  70  51  81  3  0 12   4  0 12
M.Kotsay          .288 128 534  71 154 30  4  9  59  34  45  0 10 16  17 10  2
J.Pierre          .279  60 165  13  46  4  0  0  16   9  21  5  1  1   5  2  8
B.Gil             .278   5  18   3   5  0  0  2   2   5   5  0  0  0   0  0  1
E.Owens           .269 143 557  56 150 11  5  5  55  40  80  6  0 18  26 11  5
B.Schneider       .268  45 127  17  34  8  0  0  12   4  19  0  0  6   0  0  0
J.Kent            .259 136 517  77 134 23  6 27  81  73 111 11  0 20  10  1  8
R.Cedeno          .253  79 178  30  45  4  2  5  14  26  37  0  1  5  22  5  2
M.Lowell          .237 145 544  60 129 30  0 23  77  64  82  7  0 11   3  1 15
R.Aurilia         .236 133 501  52 118 23  0 17  54  45  94  0  0 25   0  0 16
J.Frye            .234  50 111   8  26  3  0  0  10  13  16  0  1  8   2  0  5
B.Hunter          .219  89 137  20  30  0  1  0   6  12  28  1  1  0  14  3  1
T.Shumpert        .173  19  52   7   9  0  1  1   3   3  10  0  0  1   1  0  1
M.Grissom         .118  15  17   2   2  0  0  0   1   5   5  0  0  0   0  1  0
ALL PITCHERS      .189 152 328  22  62  8  0  0  19  21 113  0 45  7   0  0  4
----------------- ---- --- --- --- --- -- -- -- --- --- --- -- -- -- --- -- --
TEAM TOTALS       .267    5290    1415    24    640     898    59    114    94
                       152     684    249   149     576     39   145     35


NAME               ERA  W  L   PCT   G GS CG SH SV    IP   H   R  ER HR  BB  SO
D.Weathers        2.15  3  4  .429  49  0  0  0  3  71.0  61  19  17  2  33  55
M.Whiteside       3.05  2  1  .667  26  0  0  0  2  38.1  33  15  13  6  16  29
T.Hoffman         3.28  1  6  .143  50  0  0  0 27  57.2  54  28  21  7  14  58
A.Leiter          3.79 11 12  .478  30 30  5  2  0 211.1 177  93  89 35  98 217
K.Rueter          3.98  8  9  .471  29 29  2  1  0 183.1 202  84  81 24  51  77
M.Gardner         4.16  6 11  .353  22 22  2  1  0 145.0 164  77  67 21  32  98
L.Hernandez       4.48 17 13  .567  36 36  8  1  0 241.1 278 127 120 27  71 168
J.Manzanillo      4.55  4  8  .333  45  0  0  0  2  65.1  64  38  33 10  41  33
M.Morris          4.74  4  3  .571  31  0  0  0  1  49.1  59  29  26  4  18  29
W.Williams        4.97  8  8  .500  25 25  2  1  0 168.1 168  98  93 36  61 137
C.Perez           6.51  1  7  .125  22 10  0  0  0  66.1  94  57  48 20  21  33
M.Timlin          6.52  2  3  .400  49  0  0  0  1  67.2  86  54  49 11  42  40
D.Reyes           ----  0  0  ----   0  0  0  0  0   0.0   0   0   0  0   0   0
J.Slusarski       ----  0  0  ----   0  0  0  0  0   0.0   0   0   0  0   0   0
ALL NON-PITCHERS  ----  0  0  ----   0  0  0  0  0   0.0   0   0   0  0   0   0
Team                                          2                   -2
----------------- ---- -- -- ----- --- -- -- -- -- ----- --- --- --- -- --- ---
TEAM TOTALS       4.32    85       152    19    36      1440     655    498
                       67     .441    152     8   1365.0     719    203     974

Primary Player Statistics For 2001 Dou's Crew (DOU) Totals After 152 Games


NAME              BAVG  GM  AB   R   H 2B 3B HR RBI  BB  SO HB SH DP  SB CS  E
P.Meares          .333   5   3   2   1  0  0  0   0   0   0  1  0  0   0  0  0
G.Sheffield       .331 135 499 117 165 26  2 47 122  77  75 14  0 18   2  3  9
M.Williams        .324  57 136  25  44 12  0  9  26   9  21  5  0  5   0  0  3
L.Castillo        .316 148 605 101 191 16  3  3  37  86 101  0 10 10  81 23 11
A.Galarraga       .310 119 426  81 132 19  0 33  96  39  86 18  0 12   4  1 10
J.Hammonds        .309  52 191  34  59  6  0 10  35  27  42  1  0  6   8  3  0
R.Hidalgo         .301 146 578 107 174 47  1 35 103  56 101 21  0 21  11  3  4
T.Eusebio         .295  41 132  20  39  8  0  3  14  16  24  2  0  3   0  0  2
B.Huskey          .293  20  41   2  12  6  0  0   3   7   9  2  0  2   0  0  1
J.Bell            .281  25  32   5   9  2  0  0   4   4   4  0  0  3   1  1  0
T.Houston         .279  55 190  27  53 16  0 13  45  17  42  0  1 10   2  1  8
F.Crespo          .279 101 140  25  39  2  0  6  16  17  19  5  0  2   4  0  3
N.Perez           .274 152 605  73 166 36  2  9  80  34  62  0 11 13   2  7 13
B.Spiers          .258  57 190  30  49  6  0  2  24  30  21  1  0  7   3  4  5
E.Marrero         .245  18  49   9  12  3  2  2  12   7  14  1  0  1   0  0  0
D.Ward            .240  40  75  11  18  3  0  6  20   8  19  0  0  2   0  0  0
H.Blanco          .229 102 262  31  60 21  0  6  29  25  62  0  0 14   0  0  2
S.Rolen           .227  53 207  29  47  9  1 11  25  18  61  1  0  2   3  0  6
S.Spiezio         .226  66 137  21  31  5  0  7  23  14  26  4  0  0   0  2  3
H.Rodriguez       .218  35 101  10  22  5  0  6  14  12  28  0  0  2   0  0  0
J.Burnitz         .185  87 303  40  56 14  1 14  45  62  67  9  0  7   3  1  4
T.Walker          .083  16  12   0   1  0  0  0   1   5   3  0  0  0   0  1  0
ALL PITCHERS      .152 152 335  21  51  8  0  2  17  20 123  0 40  4   0  0  7
----------------- ---- --- --- --- --- -- -- -- --- --- --- -- -- -- --- -- --
TEAM TOTALS       .273    5249    1431    12    791    1010    62    124    91
                       152     821    270   224     590     85   144     50


NAME               ERA  W  L   PCT   G GS CG SH SV    IP   H   R  ER HR  BB  SO
V.Delos Santos    1.29  1  0 1.000   2  1  0  0  0   7.0   4   3   1  0   4   9
R.Bones           2.08  1  0 1.000  13  0  0  0  0  13.0  10   4   3  1   3   8
M.Fyhrie          2.63  2  1  .667  24  0  0  0  1  24.0  19   8   7  3   6  28
R.Nen             2.64  2  5  .286  55  0  0  0 35  64.2  46  20  19  6  19  83
J.Tavarez         3.12  7  6  .538  57  3  0  0  4 115.1 100  42  40  8  54  52
J.Christiansen    3.88  5  2  .714  45  0  0  0  2  48.2  34  24  21  4  33  57
B.Chen            4.05  8  4  .667  75  2  0  0  2 131.0 114  66  59 26  57 115
J.Vazquez         4.11 14 13  .519  33 33  6  1  0 216.2 225 107  99 32  61 188
D.Dreifort        4.62 13  5  .722  29 29  4  2  0 175.1 171 100  90 29  75 152
D.Kile            4.66 14 10  .583  35 35  3  0  0 228.0 252 126 118 40  74 209
A.Levine          5.21  6  2  .750  56  2  0  0  2  96.2 101  56  56 14  55  36
A.Reynoso         5.93  8  7  .533  21 21  2  0  0 121.1 146  82  80 21  31  66
J.Anderson        5.94  6 10  .375  26 26  0  0  0 127.1 171  98  84 20  61  67
ALL NON-PITCHERS  ----  0  0  ----   0  0  0  0  0   0.0   0   0   0  0   0   0
Team                                          3                   -4
----------------- ---- -- -- ----- --- -- -- -- -- ----- --- --- --- -- --- ---
TEAM TOTALS       4.42    65       152    15    46      1393     673    533
                       87     .572    152     6   1369.0     736    204    1070

Primary Player Statistics For 2001 Evenson Odd Dau (EVE) Totals After 152 Games


NAME              BAVG  GM  AB   R   H 2B 3B HR RBI  BB  SO HB SH DP  SB CS  E
W.Clark           .338 114 361  54 122 29  1 15  75  65  63  9  0  8   3  2  4
J.Mabry           .312 100 125  17  39 12  0  5  26  11  39  1  0  4   0  0  1
B.Jordan          .301 107 226  26  68 17  0  5  21  25  29  1  0  6   3  0  2
J.Vander Wal      .298 121 426  65 127 41  0 13  49  80 103  0  0  8   1  1  6
P.Polanco         .296 112 253  28  75  7  6  5  33  11  18  0  0  7   7  1  3
K.Millar          .290 100 255  51  74 18  1 15  47  38  31 10  0 13   0  0  7
C.Floyd           .282 125 475  95 134 31  0 24  58  64  98 10  0  9   9  2  7
A.Beltre          .269 130 424  57 114 24  2 10  61  47  70  2  2 14   9  0 31
J.Valentin        .249 151 543  70 135 32  5 14  83  79 111  4  6 18  12  2 45
R.Lankford        .246 124 431  73 106 20  4 22  70  74 166  2  0 11   2  4  3
R.Belliard        .239 145 532  49 127 25  7  5  67  56  88  3  0 13   5  0 18
C.Murray          .238  86 172  34  41  9  1  1  13  19  27  2  5  5   7  1  4
J.McEwing         .219  43  64   8  14  2  1  1   6   0  13  0  1  3   2  0  2
R.Castro          .214  16  14   3   3  0  0  0   1   1   5  0  0  0   0  0  0
B.Estalella       .206  86 315  50  65 20  7  8  35  48  99  2  0  7   0  1  6
D.Mirabelli       .186 100 263  27  49 11  4  7  25  46  59  0  1 13   4  1  1
ALL PITCHERS      .096 152 311  14  30  1  0  0  11  16 127  0 28  8   0  0 12
----------------- ---- --- --- --- --- -- -- -- --- --- --- -- -- -- --- -- --
TEAM TOTALS       .255    5190    1323    39    681    1146    43     64   152
                       152     721    299   150     680     46   147     15


NAME               ERA  W  L   PCT   G GS CG SH SV    IP   H   R  ER HR  BB  SO
R.White           2.42  8  3  .727  65  0  0  0  9 108.0  81  31  29  4  36  64
D.Cook            3.00  0  0  ----   8  0  0  0  0   9.0  10   4   3  1  12   8
C.Leskanic        3.73  4  5  .444  53  0  0  0 24  50.2  49  21  21  2  34  44
M.Wilkins         3.91  1  0 1.000  32  0  0  0  1  48.1  36  23  21  5  31  29
K.Benson          4.03 16  9  .640  36 36  0  0  0 218.2 204 107  98 25  85 175
J.Franco          4.06  4  4  .500  57  0  0  0  2  64.1  55  33  29  5  41  61
S.Williamson      4.33  7 12  .368  63  5  1  0  2 126.2 125  70  61 14  87 153
K.Millwood        4.52 14 12  .538  35 34  3  2  0 219.0 223 118 110 35  64 188
P.Rigdon          4.68  2  1  .667   4  4  0  0  0  25.0  23  17  13  4  13  20
M.Clement         5.01  9 15  .375  36 36  0  0  0 190.1 190 126 106 28 109 188
T.Stottlemyre     5.06  0  1  .000   2  2  0  0  0  10.2  15   8   6  2   3   7
A.Ashby           5.28  9 13  .409  34 34  0  0  0 182.1 217 121 107 28  38  99
B.Bohanon         6.00  0  1  .000   4  1  0  0  0   9.0  16   8   6  1   4   3
A.Telford         6.41  0  2  .000  72  0  0  0  0  94.0 107  75  67 14  41  92
S.Hitchcock       ----  0  0  ----   0  0  0  0  0   0.0   0   0   0  0   0   0
B.Arroyo          ----  0  0  ----   0  0  0  0  0   0.0   0   0   0  0   0   0
ALL NON-PITCHERS  ----  0  0  ----   0  0  0  0  0   0.0   0   0   0  0   0   0
Team                                         10                   -4
----------------- ---- -- -- ----- --- -- -- -- -- ----- --- --- --- -- --- ---
TEAM TOTALS       4.47    78       152     4    38      1351     673    598
                       74     .487    152    12   1356.0     762    168    1131

Primary Player Statistics For 2001 Hocking Kongs (HOC) Totals After 152 Games


NAME              BAVG  GM  AB   R   H 2B 3B HR RBI  BB  SO HB SH DP  SB CS  E
T.Jones           .500   7   6   1   3  2  0  0   0   2   1  0  0  0   2  0  0
D.Bichette        .378  62  90  14  34  6  0  6  18  11  15  0  0  4   0  2  0
L.Gonzalez        .310 152 564  90 175 43  1 30  99  86  76 14  0 17   3  1  3
J.Cirillo         .289 143 561  85 162 52  1 12  83  59  60 11  0 23   2  3  9
D.Bell            .268  86 138  25  37 13  0  5  20  17  31  1  1  3   0  1  2
R.Mondesi         .262  92 381  57 100 19  6 19  47  27  73  3  0 15  14  2  5
P.Reese           .256 148 512  65 131 24  4 14  82  48  75  6  0  7  16  3 15
T.Zeile           .255 148 509  75 130 34  1 19  75  91  79  2  0 11   5  1 11
R.Gutierrez       .253 141 538  83 136 21  4 13  40  73  59 10  5  6   6  1  6
B.Mueller         .250   1   4   0   1  0  0  0   0   1   0  0  0  0   0  0  0
J.Hernandez       .237  22  38   3   9  2  0  2   7   0   6  1  0  0   0  0  2
J.Mouton          .231  61  91  18  21  6  1  0   5  17  25  0  0  3  11  1  0
C.Hernandez       .229  72 205  17  47 12  0  1  19  20  30  1  0  6   2  0  8
P.Wilson          .225 152 590  93 133 30  2 24  89  48 182  7  0 23  33  4  1
T.Lee             .200  71  70   9  14  5  0  3  14  17   9  0  0  2   2  0  3
J.Castro          .196  83 112  11  22  6  0  3  14   4  19  0  3  5   0  0  4
D.Miller          .180  54 189  22  34 13  0  4  15  25  41  0  0  5   1  1  1
A.Martin          .164  85  73  11  12  2  2  0   7  12  17  0  0  1   1  0  0
B.Davis           .163  49 141   9  23  4  0  1  14  11  42  0  0  4   1  0  3
ALL PITCHERS      .178 152 337  17  60 10  0  0  22  15 116  0 28  8   0  0  9
----------------- ---- --- --- --- --- -- -- -- --- --- --- -- -- -- --- -- --
TEAM TOTALS       .249    5149    1284    22    670     956    37     99    82
                       152     705    304   156     584     56   143     20


NAME               ERA  W  L   PCT   G GS CG SH SV    IP   H   R  ER HR  BB  SO
R.Johnson         3.35 14 14  .500  38 38  7  3  0 252.2 200 103  94 20  95 320
A.Fernandez       3.80  3  3  .500   7  7  0  0  0  42.2  48  18  18  6  13  25
M.Hampton         3.97 14 10  .583  34 34  7  1  0 229.0 207 104 101 15 109 149
A.Alfonseca       3.99  4  7  .364  57  0  0  0  9  65.1  69  38  29 10  17  43
J.Rocker          4.25  2  2  .500  44  0  0  0 16  42.1  33  22  20  2  41  46
M.Dejean          4.47  2  2  .500  41  0  0  0  2  46.1  47  27  23  8  19  34
R.Ortiz           4.48 10  8  .556  33 33  0  0  0 198.2 194 105  99 29  97 178
B.Reames          4.63  4  2  .667  28  0  0  0  0  46.2  30  24  24  8  31  31
S.Hasegawa        4.69  3 10  .231  72  0  0  0  5 101.2 121  56  53 12  39  63
C.Almanzar        4.75  5  1  .833  47  0  0  0  0  60.2  49  33  32 11  36  45
E.Dessens         4.87 11  3  .786  37 10  3  1  1  88.2 112  50  48  9  25  46
S.Parris          5.60  4 14  .222  30 30  0  0  0 172.0 204 116 107 30  91  97
R.Mahay           ----  0  0  ----   0  0  0  0  0   0.0   0   0   0  0   0   0
ALL NON-PITCHERS  ----  0  0  ----   0  0  0  0  0   0.0   0   0   0  0   0   0
Team                                          3                   -4
----------------- ---- -- -- ----- --- -- -- -- -- ----- --- --- --- -- --- ---
TEAM TOTALS       4.30    76       152    17    33      1314     644    613
                       76     .500    152     8   1346.2     696    160    1077

Primary Player Statistics For 2001 Johnny Be Goods (FEJ) Totals After 152 Games


NAME              BAVG  GM  AB   R   H 2B 3B HR RBI  BB  SO HB SH DP  SB CS  E
G.Jenkins         .319 128 470  80 150 27  3 38 101  32 123 17  0 13   0  0  4
C.Jones           .311 148 598 113 186 30  1 30 104  75  64  3  0 21   2  0 37
E.Burks           .303 109 333  53 101 21  4 14  58  48  50  0  0 13   1  1  2
T.Salmon          .298 137 466  85 139 25  3 27  69  79 121  1  0 12   1  0  0
F.Seguignol       .290  47 138  17  40  5  0  7  26   7  24  2  0  8   0  0  2
K.Lockhart        .286  28  70  12  20  2  0  1   4   9   7  0  0  2   2  0  1
J.Payton          .285 131 477  64 136 25  1 15  60  35  54  3  0 17   0  0  5
B.Molina          .277 127 419  54 116 21  3 12  57  17  40  4  0 10   2  0  6
M.Vaughn          .277 123 448  66 124 21  0 26  77  54 122  7  0 17   1  0 11
B.Boone           .276 110 369  56 102 20  1 16  58  37  80  4  0 10   1  1  5
B.Larkin          .260 104 373  69  97 19  5 12  42  46  41  0  2 11   5  3 10
T.Womack          .237 110 308  41  73  7  8  1  25  16  45  2  0  2  18  5  9
T.Pratt           .233  56 176  25  41  7  0 12  30  26  46  3  0  9   0  0  1
Q.Veras           .231  84 195  27  45  6  0  1  16  49  37  6  0  5  17  3  2
R.Gant            .230  73 165  25  38  5  0 12  29  19  44  0  0  2   0  0  1
P.Bako            .200  30  15   4   3  0  0  0   2   3   6  1  0  2   0  0  0
E.Karros          .200  43  65   8  13  3  0  2   7   5  21  0  0  0   0  0  0
ALL PITCHERS      .157 152 286  15  45  7  0  1  23  10 122  0 47  0   0  0 18
----------------- ---- --- --- --- --- -- -- -- --- --- --- -- -- -- --- -- --
TEAM TOTALS       .274    5371    1469    29    788    1047    49     50   114
                       152     814    251   227     567     53   154     13


NAME               ERA  W  L   PCT   G GS CG SH SV    IP   H   R  ER HR  BB  SO
M.Mantei          1.53  5  1  .833  31  0  0  0  2  35.1  17   8   6  2  21  40
J.Acevedo         3.31  3  2  .600  67  0  0  0  3  92.1  85  39  34 13  28  51
B.Chouinard       3.40  2  3  .400  27  0  0  0  0  39.2  38  19  15  6   7  30
S.Strickland      4.01  2  5  .286  48  0  0  0 16  51.2  40  26  23 10  17  37
O.Fernandez       4.21  6  4  .600  17 15  0  0  0  83.1  77  40  39  9  35  36
T.Armas Jr.       4.39  5  5  .500  15 15  0  0  0  84.0  64  42  41 15  46  49
G.Stephenson      4.90 11  9  .550  31 31  2  1  0 202.0 220 115 110 27  74 124
M.Williams        5.16  4  8  .333  81  0  0  0 10  96.0  84  61  55 24  60  92
D.Miceli          5.16  3  2  .600  32  0  0  0  0  45.1  52  28  26  8  20  51
R.Villone         5.29  5  7  .417  27 15  0  0  1  95.1 103  64  56 15  50  45
F.Cordova         6.24  5  6  .455  21 21  0  0  0 101.0 135  75  70 21  40  62
S.Estes           6.29  8 14  .364  36 35  0  0  0 191.2 248 152 134 19 118 134
J.Nathan          6.58  5  2  .714  50  3  0  0  2  91.2  88  72  67 15  67  60
S.Forster         7.26  2  2  .500  24  0  0  0  0  31.0  28  26  25  8  35  15
J.Lima            7.52  2  2  .500   5  5  0  0  0  20.1  24  17  17  3   8   8
J.Wasdin          7.77  1  7  .125  38  7  0  0  2  88.0 127  81  76 22  30  78
J.Sanchez        12.32  0  4  .000   5  5  0  0  0  19.0  33  30  26  7  13  14
ALL NON-PITCHERS  ----  0  0  ----   0  0  0  0  0   0.0   0   0   0  0   0   0
Team                                          5                   -6
----------------- ---- -- -- ----- --- -- -- -- -- ----- --- --- --- -- --- ---
TEAM TOTALS       5.36    83       152     2    36      1463     814    669
                       69     .454    152     6   1367.2     895    224     926

Primary Player Statistics For 2001 Morgen Grinders (MOR) Totals After 152 Games


NAME              BAVG  GM  AB   R   H 2B 3B HR RBI  BB  SO HB SH DP  SB CS  E
E.Davis           .341  71 217  34  74 12  0  7  33  34  40  1  0  8   3  2  4
G.Colbrunn        .335 123 355  69 119 24  0 22  89  48  49 15  0 14   0  0  8
D.Erstad          .327 152 652 118 213 35  5 13  91  85  83  0  0 10  17  3  3
D.White           .324  40  37   8  12  0  0  2   8   2  10  0  0  1   0  0  1
A.Boone           .316 103 297  54  94 24  0 15  53  22  52 11  0  5   5  1  5
F.Vina            .308 120 441  72 136 22  6  3  83  42  35 27  6  7   9  5  7
R.Furcal          .304 132 517  99 157 28  5  6  60  78 100  1 12  4  54  4 29
L.Berkman         .259 127 379  71  98 19  0 14  63  63  70  2  0 12   3  0  5
D.Hamilton        .258  53  93   8  24  4  2  0  11  11  18  0  1  1   0  0  1
M.McGwire         .249  89 193  52  48  5  0 22  53  72  54 11  0  1   2  0  0
T.Hundley         .246  88 297  55  73 19  0 26  74  44  80  5  0 12   0  0  2
J.Frye            .238  16  21   3   5  0  0  0   1   3   4  0  0  0   0  0  0
C.Kreuter         .237  82 228  33  54 13  1  5  40  70  54  4  0  8   0  0  3
J.Edmonds         .235 143 532 101 125 19  0 27  76 112 171  4  0  6   5  0  3
F.Tatis           .230 103 309  46  71 18  0 18  44  47 106 14  0  7   2  0  8
K.Stinnett        .159  51  44   2   7  1  0  1   7   4  16  1  0  0   0  0  1
M.Bradley         .158  33  19   1   3  2  0  0   2   2   6  1  0  1   0  0  0
T.Bogar           .144 101 187  19  27  2  0  2  16  15  37  5  2  7   0  1  6
ALL PITCHERS      .114 152 350  20  40  6  0  0  16  14 131  0 60  5   1  0  8
----------------- ---- --- --- --- --- -- -- -- --- --- --- -- -- -- --- -- --
TEAM TOTALS       .267    5168    1380    19    820    1116    81    101    94
                       152     865    253   183     768    102   109     16


NAME               ERA  W  L   PCT   G GS CG SH SV    IP   H   R  ER HR  BB  SO
B.Kim             2.12  3  2  .600  29  0  0  0 16  34.0  20   8   8  3  20  38
C.Pavano          2.39 12  2  .857  16 16  0  0  0 101.2  69  31  27 11  27  58
K.Walker          3.09  5  3  .625  64  0  0  0  1  70.0  51  30  24  6  54  50
M.Remlinger       3.58  3  3  .500  52  0  0  0 12  60.1  44  26  24  4  36  63
S.Sparks          3.65  6  3  .667  18 18  0  0  0 106.0 102  44  43  7  44  57
C.Smith           3.88  8  9  .471  23 23  1  1  0 134.2 143  59  58 10  68 113
R.Ortiz           4.03  7  7  .500  19 19  1  1  0 116.0  97  55  52 19  44  95
M.Herges          4.20  7  5  .583  70  3  0  0  3 115.2 115  57  54 17  49  89
S.Elarton         4.49 14  8  .636  30 30  3  1  0 190.1 180  98  95 36  76 104
G.Rusch           4.69 14 10  .583  29 29  3  0  0 192.0 233 111 100 23  53 148
A.Eaton           5.03  3  6  .333  14 14  0  0  0  82.1  78  50  46 10  43  38
D.Veres           5.70  3  6  .333  68  0  0  0  5  96.1 110  65  61 19  40  87
M.Wise            5.74  1  2  .333  22  0  0  0  0  31.1  42  20  20  6  13  13
A.Benes           8.67  0  0  ----  21  0  0  0  0  27.0  42  32  26  5  23  19
B.Jones           ----  0  0  ----   0  0  0  0  0   0.0   0   0   0  0   0   0
M.Thurman         ----  0  0  ----   0  0  0  0  0   0.0   0   0   0  0   0   0
I.Valdes          ----  0  0  ----   0  0  0  0  0   0.0   0   0   0  0   0   0
ALL NON-PITCHERS  ----  0  0  ----   0  0  0  0  0   0.0   0   0   0  0   0   0
Team                                          6                   +0
----------------- ---- -- -- ----- --- -- -- -- -- ----- --- --- --- -- --- ---
TEAM TOTALS       4.23    66       152     8    37      1326     638    590
                       86     .566    152     9   1357.2     686    176     972

Primary Player Statistics For 2001 Rivercrypts (SEG) Totals After 152 Games


NAME              BAVG  GM  AB   R   H 2B 3B HR RBI  BB  SO HB SH DP  SB CS  E
M.Piazza          .342  57 219  47  75 12  0 20  52  35  30  2  0  7   2  1  2
K.Dehaan          .333  10   3   4   1  0  0  1   3   0   2  0  0  0   4  0  0
A.Ramirez^        .303  28  99  14  30 11  0  4  22   5  17  1  0  2   0  0  5
B.Surhoff         .294 107 327  29  96 17  0  6  36  23  37  1  0  4   6  1  1
B.Bonilla         .292  70 106  12  31  7  0  1  12  11  30  0  0  0   0  0  2
J.Snow            .290 129 366  46 106 17  3 15  56  42  89  9  0  6   1  1  5
J.Hammonds        .289  74 291  42  84  9  2 12  37  35  66  2  0  9   7  2  0
B.Trammell        .286  74 206  40  59 15  1 15  38  20  39  2  0  5   1  0  2
S.Rolen           .272  78 316  40  86 23  2  9  40  25  70  3  0  2   3  1  4
J.Bell            .270  41 137  20  37  8  0  4  14  15  20  0  0  3   3  1  2
T.Goodwin         .267  84 344  52  92 10  7  6  27  50  74  0  2  5  35 14  2
J.Lugo            .263  90 338  52  89 16  3  8  25  39  72  7  3  8  22  7 14
T.Walker          .262  50 145  24  38  9  1  8  28  12  17  0  0  4   2  0  3
A.Ochoa           .259  46 116  17  30 11  0  8  25  15  14  0  0  4   2  0  0
M.Darr            .257  79 218  25  56 15  8  0  17  21  56  0  0  4   2  3  3
T.Houston         .256  41 117  16  30  4  0 10  26   8  32  0  0  9   1  1 10
A.Fox             .250  25  16   3   4  2  0  0   2   6   2  0  0  1   0  2  1
J.Burnitz         .233  65 236  41  55  6  0 15  39  38  53  3  0  7   2  1  3
R.Ordonez         .231  41  52   3  12  3  0  0   2   9   4  0  1  1   0  0  1
W.Joyner          .231 109 247  24  57 11  0  3  21  39  43  3  0  5   0  0  3
J.Larue           .219  16  32   3   7  1  0  2   4   4   5  1  0  0   0  0  0
A.Cora            .215 101 372  24  80 16  6  4  39  13  66  6  1  6   2  2 16
D.Jackson         .215  58 233  27  50 13  1  4  19  24  60  2  4  5  15  3 11
W.Gonzalez        .206  68 218  21  45 12  0  3  20  17  26  1  0  7   1  1  4
M.Barrett         .168  57 167   9  28  4  0  0   5   5  25  1  0  8   1  0  8
A.Ramirez         .154  14  13   0   2  0  0  0   2   2   4  0  0  1   0  1  0
ALL PITCHERS      .170 152 311  19  53  5  0  0  15  12 127  0 29  3   1  1  3
----------------- ---- --- --- --- --- -- -- -- --- --- --- -- -- -- --- -- --
TEAM TOTALS       .254    5245    1333    34    626    1080    40    113   105
                       152     654    257   158     525     44   116     43


NAME               ERA  W  L   PCT   G GS CG SH SV    IP   H   R  ER HR  BB  SO
A.Eaton           3.44  5  4  .556   9  9  0  0  0  55.0  53  23  21  5  24  34
B.Penny           4.06  3  6  .333  13 13  1  0  0  82.0  78  43  37  5  42  59
S.Kline           4.09  1  2  .333  30  0  0  0  2  44.0  46  20  20  4  14  44
T.Ritchie         4.17  3  2  .600   9  9  0  0  0  45.1  49  27  21  8  22  28
R.Dempster        4.32  1 10  .091  14 14  0  0  0  81.1  78  41  39 13  34  71
C.Schilling       5.13  7 14  .333  34 34  3  0  0 205.1 238 135 117 42  61 156
B.Kim             5.48  2  1  .667  24  0  0  0 13  23.0  18  14  14  5  12  19
O.Dotel           5.63  2  4  .333  50  2  0  0  0  70.1  74  49  44 19  40  90
M.Valdes          5.83  0  0  ----  17  0  0  0  1  29.1  29  19  19  5  13  16
P.Mahomes         5.85  0  3  .000  19  1  0  0  2  32.1  31  22  21  8  26  29
P.Astacio         5.99  7 15  .318  32 32  3  2  0 201.1 233 140 134 37  95 192
D.Plesac          6.31  2  5  .286  30  0  0  0  2  35.2  24  26  25  5  27  43
B.Tomko           6.37  2  6  .250  50  3  0  0  4  94.2 119  75  67 19  41  71
R.Cornelius       6.79  7 10  .412  25 25  0  0  0 124.2 148  97  94 27  57  67
T.Wendell         7.41  1  3  .250  12  0  0  0  0  17.0  17  16  14  3  13  13
S.Sauerbeck       7.78  2  4  .333  52  0  0  0  2  59.0  85  56  51  3  63  54
D.Hermanson       9.07  4 12  .250  68 10  0  0  1 130.0 214 133 131 27  76  61
E.Stull          10.34  1  1  .500  12  0  0  0  1  15.2  17  18  18  3  13  14
S.Schoeneweis     ----  0  0  ----   0  0  0  0  0   0.0   0   0   0  0   0   0
B.Jones           ----  0  0  ----   0  0  0  0  0   0.0   0   0   0  0   0   0
H.Irabu           ----  0  0  ----   0  0  0  0  0   0.0   0   0   0  0   0   0
ALL NON-PITCHERS  ----  0  0  ----   0  0  0  0  0   0.0   0   0   0  0   0   0
Team                                          3                   -2
----------------- ---- -- -- ----- --- -- -- -- -- ----- --- --- --- -- --- ---
TEAM TOTALS       5.92   102       152     7    28      1551     885    673
                       50     .329    152     5   1346.0     954    238    1061

Primary Player Statistics For 2001 Russell M'Ups (FER) Totals After 153 Games


NAME              BAVG  GM  AB   R   H 2B 3B HR RBI  BB  SO HB SH DP  SB CS  E
J.Lopez           .339 130 478  86 162 25  1 38  92  46  83  4  0 17   0  0  3
M.Alou            .329 134 508  78 167 27  2 29  91  47  61  3  0 16   3  4  4
R.Martinez        .311  34  90  13  28  7  0  4  14   4  17  1  0  4   2  1  0
D.Young           .296 117 423  70 125 31  3 18  66  36  63  0  0 11   1  0  9
K.Griffey Jr.     .295 150 532 126 157 24  1 58 136 102 108 14  0  8   5  6  6
B.Fullmer         .292 130 487  68 142 33  0 22  71  41  69  6  0 24   2  1 15
C.Biggio          .291  84 234  42  68  8  1  5  21  35  45 10  2  1   1  1  4
D.Bautista        .288 107 312  50  90 14  6 11  39  17  43  0  1 13   3  0  3
L.Walker          .283 115 223  42  63 11  6  4  27  37  21  4  0 10   4  4  0
P.Nevin           .276 150 565  79 156 30  1 28  88  61 133  1  0 21   1  0 35
M.Grudzielanek    .249 124 386  45  96 28  5  4  38  23  52  7  0 12   6  2  9
R.Davis           .246  30  61  10  15  5  0  3   5   0  10  0  0  0   0  0  3
A.Kennedy         .237 119 455  67 108 25  7  6  34  20  59  1  2  3  12  3 14
O.Cabrera         .236  30  89   9  21  4  0  4  18   5   6  0  0  2   1  0  2
E.Durazo          .207  74  58   8  12  4  0  2   9  11  18  1  0  0   0  0  0
E.Taubensee       .134  31  67   5   9  1  0  0   4   5  16  0  0  0   0  0  0
A.Gonzalez        .129  45  31   1   4  1  1  0   3   3   6  0  0  1   0  0  1
S.Servais         ----   0   0   0   0  0  0  0   0   0   0  0  0  0   0  0  0
ALL PITCHERS      .131 153 352  21  46  9  0  0  29   8 115  0 29  4   0  0  8
----------------- ---- --- --- --- --- -- -- -- --- --- --- -- -- -- --- -- --
TEAM TOTALS       .275    5351    1469    34    785     925    34     41   116
                       153     820    287   236     501     52   147     22


NAME               ERA  W  L   PCT   G GS CG SH SV    IP   H   R  ER HR  BB  SO
B.Wickman         2.37  5  3  .625  56  0  0  0 22  68.1  62  23  18  4  36  51
D.Henry           3.42  2  2  .500  47  0  0  0  4  79.0  50  36  30 11  63  65
A.Embree          4.13  2  0 1.000  44  0  0  0  3  65.1  67  33  30  7  30  39
R.Person          4.21 13  7  .650  27 27  3  0  0 186.0 160  92  87 21 125 153
B.Anderson        4.38 15  7  .682  31 31  7  1  0 219.2 217 115 107 40  52 115
M.Fetters         4.47  4  2  .667  45  0  0  0  4  50.1  46  29  25 12  25  39
K.Ligtenberg      4.67  5  3  .625  42  0  0  0  3  61.2  63  33  32 13  28  56
R.Bell            5.28  9 10  .474  24 24  1  0  0 138.0 144  86  81 31  59 105
D.Neagle          5.96  6 15  .286  37 37  4  1  0 210.0 262 152 139 39  92 136
A.Benes*          5.97  0  1  .000  16  1  0  0  0  28.2  28  19  19  5  15  32
P.Hentgen         6.16  9 16  .360  33 33  2  0  0 179.2 220 136 123 36  91 109
A.Osuna           7.36  7 10  .412  55  0  0  0  1  80.2  87  68  66 18  52  77
G.Guzman          ----  0  0  ----   0  0  0  0  0   0.0   0   0   0  0   0   0
B.Cooper          ----  0  0  ----   0  0  0  0  0   0.0   0   0   0  0   0   0
J.Johnstone       ----  0  0  ----   0  0  0  0  0   0.0   0   0   0  0   0   0
ALL NON-PITCHERS  ----  0  0  ----   0  0  0  0  0   0.0   0   0   0  0   0   0
Team                                          2                   +0
----------------- ---- -- -- ----- --- -- -- -- -- ----- --- --- --- -- --- ---
TEAM TOTALS       4.98    76       153    17    37      1406     757    668
                       77     .503    153     4   1367.1     822    237     977

Primary Player Statistics For 2001 Skramalonians (SKR) Totals After 152 Games


NAME              BAVG  GM  AB   R   H 2B 3B HR RBI  BB  SO HB SH DP  SB CS  E
E.Sprague         .414  14  29   6  12  5  0  4   7   1   5  1  0  1   0  0  0
R.Martinez        .386  49  70  13  27  8  1  5  13   5   9  0  0  1   1  0  0
V.Guerrero        .351 147 609 123 214 33  9 52 166  49  90  9  0 30   8  6 11
B.Bonds           .346 143 547 136 189 33  7 62 181 108  84  1  0 13   8  3  7
C.Paquette        .333  54  78  12  26  6  1  4  20  10  17  1  0  0   1  0  3
J.Kendall         .330 149 615 137 203 35  5 15  74  85  82 12  3 12  19  1 12
E.Young           .312 150 645 122 201 44  3  7  34  67  52  8 10 11  43  8 13
G.Anderson        .304 147 588  91 179 39  1 34 106  25  82  0  0 16   0  1  7
S.Javier          .281  73  89  15  25  3  0  0   6  17  27  0  0  6   1  2  0
D.Lee             .275 148 564  94 155 23  0 40 107  60 156  5  0 22   0  0 10
C.Truby           .274  59 164  20  45 15  5  6  25   6  36  1  0  3   0  0  8
E.Wilson          .271  69 218  28  59 10  1  2  11  13  30  0  0  9   4  2 11
R.Ventura         .255 131 400  63 102 15  0 27  69  65  74  5  0  9   1  2 19
E.Karros          .250  73  72  13  18  0  0  8  20   7  15  1  0  4   0  0  0
K.Abbott          .235  17  17   3   4  1  0  2   2   4   7  0  0  1   0  0  2
O.Cabrera         .229  41 157  17  36 10  0  7  21   5  19  0  0  4   0  0  3
K.Elster          .189  80 196  29  37  5  0 13  25  28  49  0  0  5   0  0 10
R.Rivera          .157  97  89  16  14  3  1  3  11   7  34  2  0  4   6  1  1
M.Walbeck         .148  12  27   5   4  0  0  2   4   0   5  0  0  1   0  0  0
ALL PITCHERS      .148 152 284  18  42  9  0  0  24  14 113  0 36  6   0  0 11
----------------- ---- --- --- --- --- -- -- -- --- --- --- -- -- -- --- -- --
TEAM TOTALS       .292    5458    1592    34    926     986    49     92   128
                       152     961    297   293     576     46   158     26


NAME               ERA  W  L   PCT   G GS CG SH SV    IP   H   R  ER HR  BB  SO
S.Spencer         2.60  5  2  .714  10 10  0  0  0  55.1  51  20  16  9  16  46
J.Jimenez         4.04  4  5  .444  71  0  0  0 11 100.1 109  51  45 12  34  63
W.Cunnane         4.30  2  2  .500  22  1  0  0  0  37.2  35  19  18  2  22  28
D.Graves          4.39  5  1  .833  68  0  0  0  1 104.2 114  60  51  7  41  57
M.Holtz           4.63  1  0 1.000  43  0  0  0  1  46.2  46  27  24  6  29  43
D.Wall            4.96  6  4  .600  52  0  0  0  4  74.1  71  44  41 11  35  43
J.Schmidt         5.19  7  4  .636  14 14  0  0  0  69.1  76  42  40 10  37  56
J.Wright          5.59  8 11  .421  31 31  0  0  0 164.1 176 117 102 23  99 102
R.Villone         5.73  1  0 1.000  17  2  0  0  0  33.0  36  22  21  3  19  22
M.Morgan          6.16  6 10  .375  53  8  0  0  7 115.1 152  91  79 15  51  53
A.Benes*          6.32  6  6  .500  15 10  0  0  0  57.0  74  45  40  5  39  70
B.Looper          6.86  3  1  .750  53  0  0  0  6  80.0 115  73  61  9  48  44
S.Reynolds        7.34  8  8  .500  25 25  0  0  0 133.2 204 116 109 39  58  77
A.Almanza         7.36  4  5  .444  50  0  0  0  1  51.1  49  43  42 11  49  40
J.Haynes          7.72  3 15  .167  34 34  0  0  0 162.0 260 160 139 29  88  84
E.Gagne           8.20  2  7  .222  17 17  0  0  0  79.0 106  79  72 21  68  74
ALL NON-PITCHERS  ----  0  0  ----   0  0  0  0  0   0.0   0   0   0  0   0   0
Team                                          2                   -3
----------------- ---- -- -- ----- --- -- -- -- -- ----- --- --- --- -- --- ---
TEAM TOTALS       5.92    81       152     0    31      1674     897    733
                       71     .467    152     2   1364.0    1009    212     902

Primary Player Statistics For 2001 Slattery Incarn (SLA) Totals After 153 Games


NAME              BAVG  GM  AB   R   H 2B 3B HR RBI  BB  SO HB SH DP  SB CS  E
C.Counsell        .345  87 139  16  48 11  0  0  13  15  18  0  1  4   5  0  7
L.Lopez           .333  36  48   7  16  3  0  2   6   1  13  0  0  1   0  1  1
E.Alfonzo         .310 150 588 101 182 33  5 29  88  81  98  1  0 13   3  2 13
K.Caminiti        .308  80 211  53  65 12  0 22  44  38  32  1  0  6   5  0 11
L.Harris          .300  21  10   2   3  1  0  1   4   0   2  0  0  0   1  1  0
S.Casey           .300 137 477  73 143 19  1 16  54  63  73  7  0  9   1  0  4
M.Bordick         .297 147 543  72 161 36  1 27  90  54  91  2  1 21   6  5 10
K.Young           .271  57 140  17  38  8  0  7  17   8  26  2  0  6   0  0  3
S.Green           .253 153 593  86 150 31  3 26  87  81 118  1  0 22  13  4  3
R.Sexson          .248 128 479  75 119 31  0 29  90  44 150  7  0 11   3  0  1
T.Hollandsworth   .242 119 430  57 104 17  0 11  32  35 118  0  0 11  20  4  1
M.Redmond         .239  59 142  13  34  4  0  0  11   9   9  5  0  5   0  0  0
G.Blum            .229 123 353  43  81 13  2 11  49  24  65  3  0  6   0  3 14
M.Matheny         .227 125 415  32  94 16  1 11  46  19  97  5  1 14   0  0  4
M.Benard          .211 113 308  43  65 11  4  4  35  31  41  2  4  3   7  2  0
B.Aven            .191  61  89  10  17  5  0  4  11   4  24  0  0  3   0  0  0
T.Howard          ----   0   0   0   0  0  0  0   0   0   0  0  0  0   0  0  0
ALL PITCHERS      .128 153 321  25  41  5  0  4  17  20 118  0 48  7   0  0 11
----------------- ---- --- --- --- --- -- -- -- --- --- --- -- -- -- --- -- --
TEAM TOTALS       .257    5286    1361    17    694    1093    55     64    83
                       153     725    256   204     527     36   142     22


NAME               ERA  W  L   PCT   G GS CG SH SV    IP   H   R  ER HR  BB  SO
J.Witasick        0.00  1  0 1.000   1  1  0  0  0   6.0   6   0   0  0   1   2
G.Swindell        2.68  4  5  .444  66  0  0  0  4  97.1  90  31  29  8  33  73
K.Brown           3.25 18  7  .720  35 35  6  3  0 251.2 214 104  91 34  52 249
L.Pote            3.46  5  3  .625  47  0  0  0  2  65.0  69  31  25 11  30  50
C.Park            3.84 14 12  .538  33 33  7  2  0 239.1 189 109 102 34 136 230
M.Myers           3.90  1  0 1.000  37  0  0  0  2  27.2  16  14  12  2  24  18
T.Adams           4.12  4  6  .400  65  0  0  0  4  91.2  84  44  42  9  40  57
J.Burkett         4.16  8  7  .533  25 25  0  0  0 145.0 156  74  67 15  61 123
A.Benitez         4.54  7  8  .467  60  0  0  0 23  75.1  49  40  38 14  51 112
T.Mulholland      5.04  8  8  .500  25 24  0  0  0 128.2 172  86  72 20  28  56
C.Holt            5.86  4 18  .182  31 31  0  0  0 167.1 203 113 109 33  61 122
S.Kamieniecki     5.88  0  2  .000  27  0  0  0  3  33.2  39  22  22  4  26  27
R.Springer        6.00  1  0 1.000   3  0  0  0  0   3.0   4   3   2  1   2   4
B.Rose            6.80  1  1  .500  23  4  0  0  0  46.1  59  36  35 12  17  30
J.Cabrera         ----  0  0  ----   0  0  0  0  0   0.0   0   0   0  0   0   0
ALL NON-PITCHERS  ----  0  0  ----   0  0  0  0  0   0.0   0   0   0  0   0   0
Team                                          8                   +0
----------------- ---- -- -- ----- --- -- -- -- -- ----- --- --- --- -- --- ---
TEAM TOTALS       4.22    77       153    13    38      1350     646    562
                       76     .497    153    13   1378.0     707    197    1153
