Primary Player Statistics For 2002 Avery Tards (AVC) Totals After 152 Games


NAME              BAVG  GM  AB   R   H 2B 3B HR RBI  BB  SO HB SH DP  SB CS  E
M.Loretta         .387  52  93  20  36  5  1  0  10   9  15  2  1  0   1  1  0
R.White           .339  25  59   8  20  3  0  5  16   8  12  1  0  3   0  0  1
T.Perez           .333  15   9   2   3  1  0  0   1   1   2  0  0  0   1  1  0
R.Klesko          .318  91 330  56 105 20  4 21  69  53  53  1  0 11  10  2  5
T.Helton          .313  60 230  50  72  9  1 18  47  38  36  0  0  8   3  0  0
T.Hollandsworth   .308  22  65  12  20  5  0  3  11   7  14  0  0  0   2  0  0
S.Wooten          .304  73 191  29  58  7  0 11  34   6  49  2  0  5   1  0  2
B.Bonds           .303 150 502 147 152 24  1 74 168 166 110  5  0  6   6  0  7
J.Drew            .286   3   7   4   2  0  0  2   6   4   1  0  0  0   0  0  0
L.Castillo        .280  83 322  49  90 14  8  2  20  31  53  0 22  3   8  5 12
B.Santiago        .279 115 369  39 103 21  3  7  46  24  72  5  2  7   6  0  1
J.Rollins         .279 152 596  64 166 24  9  8  58  40  97  2 12  6  40  6 22
E.Young           .278  57 234  38  65 12  2  2  23  14  19  4  9  4  13  5  3
M.Kotsay          .270 142 559  98 151 44  3 13  57  78  90  5  0 11  10  4  9
O.Palmeiro        .267  43  30   3   8  2  0  0   3   1   6  0  1  1   1  0  0
M.Johnson         .262  84 103  15  27  4  1  6  16  11  31  0  0  0   0  0  1
M.Mordecai        .261  24  23   4   6  3  0  1   1   0   6  0  0  2   0  0  0
P.Bako            .235   6  17   1   4  1  0  1   1   0   7  0  0  0   0  0  1
O.Merced          .219  62  73  10  16  2  0  3  10   4  23  0  0  0   4  0  0
T.Glaus           .211 152 573  89 121 25  0 32 102  87 204  5  0 11   4  1 10
R.Sanders         .197 130 451  59  89 14  0 24  67  44 152  4  1  6   5  4  1
A.Beltre          .167   9   6   1   1  0  0  1   2   1   2  0  0  0   0  0  0
ALL PITCHERS      .119 152 327  21  39 10  0  1  19  17 139  0 46  3   0  0 12
----------------- ---- --- --- --- --- -- -- -- --- --- --- -- -- -- --- -- --
TEAM TOTALS       .262    5169    1354    33    787    1193    94    115    87
                       152     819    250   235     644     36    87     29


NAME               ERA  W  L   PCT   G GS CG SH SV    IP   H   R  ER HR  BB  SO
J.Manzanillo      0.57  4  0 1.000  21  0  0  0  2  31.2  13   2   2  1   8  28
T.Gordon          1.20  2  1  .667  16  0  0  0 11  15.0  11   2   2  1   7  30
S.Reed            3.00  0  1  .000   4  0  0  0  0   3.0   3   1   1  0   1   3
B.Weber           3.39  5  1  .833  60  0  0  0  2  82.1  81  33  31  6  39  43
M.Leiter          3.41  3  2  .600  30  0  0  0  0  37.0  35  14  14  6   9  25
J.Vazquez         3.77  7  3  .700  13 13  2  1  0  88.1  89  37  37  7  22  75
S.Kline           3.79  2  5  .286  64  0  0  0 29  73.2  65  32  31  4  36  51
R.Wolf            3.82 10  7  .588  33 22  2  1  0 158.0 141  68  67 19  57 148
J.Washburn        3.84 15  5  .750  27 27  4  2  0 187.2 174  90  80 25  56 127
T.Worrell         4.26  7  5  .583  52  0  0  0  3  63.1  66  30  30  8  27  51
W.Miller          4.47 10  9  .526  28 28  1  0  0 181.1 165  97  90 27  58 147
S.Sullivan        4.69  5  2  .714  27  0  0  0  3  40.1  34  24  21  3  23  32
D.Neagle          4.93  6  4  .600  16 16  1  0  0 107.2 108  62  59 20  45  90
A.Burnett         4.97 13  4  .765  26 26  1  0  0 139.1 150  84  77 28  64 124
L.Prokopec        5.08  1  2  .333  13  3  0  0  0  28.1  33  19  16  5  11  17
A.Eaton           5.44  4  3  .571  17 17  0  0  0  99.1 104  73  60 22  33  94
B.Prinz           7.40  1  3  .250  27  0  0  0  7  20.2  20  18  17  5  16   9
J.Santiago       10.38  0  0  ----   7  0  0  0  0   8.2  17  11  10  0   3   3
O.Perez           ----  0  0  ----   0  0  0  0  0   0.0   0   0   0  0   0   0
ALL NON-PITCHERS  ----  0  0  ----   0  0  0  0  0   0.0   0   0   0  0   0   0
Team                                          5                   +0
----------------- ---- -- -- ----- --- -- -- -- -- ----- --- --- --- -- --- ---
TEAM TOTALS       4.25    57       152    11    57      1309     645    515
                       95     .625    152     9   1365.2     697    187    1097

Primary Player Statistics For 2002 Co Operators (COO) Totals After 152 Games


NAME              BAVG  GM  AB   R   H 2B 3B HR RBI  BB  SO HB SH DP  SB CS  E
B.Jordan          .382  44 131  25  50  5  1  8  23   9  19  0  0  6   2  0  2
G.Bennett         .338  27  71   8  24  3  0  0   6   7   9  3  0  0   0  0  1
M.Piazza          .326 135 519  91 169 33  0 39 117  54  79  7  0 17   0  0  7
R.Ordonez         .290  67 259  24  75 15  3  2  27   7  19  0  6  9   4  0  8
T.Shumpert        .290 106 259  49  75 14  5  8  34  20  43  4  1  4  19  2  8
D.Berg            .284  61 169  21  48 15  0  0  15  13  32  5  0  2   0  0  7
J.Bagwell         .279 152 574 108 160 47  1 32 103 106 112  4  0 11  10  4 12
S.Finley          .273  49 176  21  48  3  0  1  14  18  27  0  0  3   4  3  0
S.Dunston         .271  51 118  15  32  6  3  9  38   2  15  0  0  5   2  1  2
C.Jones           .270 147 564  88 152 21  3 29  94  81  88  2  0 14   6  7 13
R.Hidalgo         .263 147 521  63 137 30  2 19  71  52 116 16  0 21   2  1  2
A.Ochoa           .261  96 207  23  54 10  3  0  12  18  29  2  1  6   5  3  3
E.Renteria        .254  73 244  30  62  8  0  7  25  17  25  0  0  7   8  0 16
J.Spivey          .253  58  79  16  20  5  1  4  17  11  18  2  4  2   3  0  1
F.Tatis           .250   1   4   1   1  0  0  0   0   0   1  1  0  0   0  0  0
D.Jackson         .241 101 249  39  60 12  4  0  14  29  71  1  2  3  18  5  5
M.Stairs          .237 112 334  44  79 31  0 17  56  44  71  9  0  8   2  1  4
T.Salmon          .197  82 208  35  41  3  0  7  22  50  58  1  0  5   6  0  1
D.Ward            .190  42  42   2   8  2  0  0   3   3   9  2  0  1   0  0  0
D.Bautista        .190  19  42   9   8  0  0  3   7   8   8  0  0  1   0  0  0
M.Darr            .160  58 125  12  20  3  0  0   6  12  29  0  0  2   1  0  0
B.Wilkerson       ----   0   0   0   0  0  0  0   0   0   0  0  0  0   0  0  0
ALL PITCHERS      .174 152 310  32  54  8  1  5  27  15 106  0 45  1   0  0  9
----------------- ---- --- --- --- --- -- -- -- --- --- --- -- -- -- --- -- --
TEAM TOTALS       .265    5205    1377    27    731     984    59     92   101
                       152     756    274   190     576     59   128     27


NAME               ERA  W  L   PCT   G GS CG SH SV    IP   H   R  ER HR  BB  SO
B.Duckworth       1.52  3  1  .750   5  5  0  0  0  29.2  20  10   5  2   6  23
T.Percival        2.27  1  1  .500  37  0  0  0 25  43.2  24  11  11  1  26  55
R.Oswalt          2.52  3  1  .750  11  8  0  0  0  53.2  48  17  15  6   6  52
S.Hasegawa        2.88  4  3  .571  48  0  0  0  0  65.2  57  23  21  6  19  52
T.Ritchie         3.07  6  4  .600  12 12  1  0  0  85.0  83  32  29  8  14  46
M.Remlinger       3.31  1  0 1.000  27  0  0  0  1  35.1  29  16  13  6  15  40
M.Clement         3.38  1  0 1.000   1  1  0  0  0   5.1   5   2   2  1   5   6
O.Dotel           3.43 12  5  .706  88  0  0  0  1 110.1  79  46  42  9  59 135
R.Jensen          3.47  2  0 1.000  18  0  0  0  0  23.1  23  13   9  4  16  15
B.Chen            3.61  7  7  .500  27 27  2  0  0 147.0 115  65  59 23  48 123
B.Penny           3.77 12 18  .400  32 32  1  0  0 210.1 205  96  88 29  46 149
M.Myers           4.20  4  3  .571  38  0  0  0  0  40.2  34  21  19  2  28  25
B.Wagner          4.28  2  2  .500  23  0  0  0 13  27.1  24  14  13  6  14  23
M.Gardner         4.63  1  0 1.000   5  0  0  0  0  11.2  17   9   6  4   2   9
T.Glavine         4.73  8  7  .533  24 24  3  2  0 140.2 154  81  74 16  54  78
R.White           5.31  1  4  .200  49  0  0  0  1  61.0  84  40  36  6  17  40
V.Nunez           5.54  1  3  .250  20  2  0  0  0  39.0  47  25  24  4  16  28
E.Gagne           5.94  7  8  .467  29 24  0  0  0 124.1 134  85  82 29  40 108
M.Hampton         6.55  5  4  .556  18 17  0  0  0  88.0 114  72  64 17  41  51
G.Lloyd           7.47  0  0  ----  17  0  0  0  0  15.2  26  17  13  1   9  18
V.Padilla         ----  0  0  ----   0  0  0  0  0   0.0   0   0   0  0   0   0
ALL NON-PITCHERS  ----  0  0  ----   0  0  0  0  0   0.0   0   0   0  0   0   0
Team                                          5                   +0
----------------- ---- -- -- ----- --- -- -- -- -- ----- --- --- --- -- --- ---
TEAM TOTALS       4.14    71       152     7    41      1322     625    481
                       81     .533    152     7   1357.2     695    180    1076

Primary Player Statistics For 2002 Davehawks (AVD) Totals After 152 Games


NAME              BAVG  GM  AB   R   H 2B 3B HR RBI  BB  SO HB SH DP  SB CS  E
M.Grudzielanek    .514  36  37   8  19  2  1  3  11   0   5  1  0  0   1  0  0
R.Sanchez         .316  47 196  23  62  4  3  0  20  11  15  1  1 16   2  0  4
R.Aurilia         .316 104 434  71 137 22  6 31  88  25  61  0  0 13   1  2 10
M.Lowell          .314 136 544  75 171 38  0 17  80  41  64 10  0 15   1  3  9
J.Pierre          .310 144 574  97 178 22  7  4  44  43  49  7  7  2  46 16  8
A.Pujols          .304 148 582 106 177 49  4 43 121  62  95  7  0 23   2  1  5
M.Benard          .291 118 326  48  95 17  2 15  45  19  66  3  0  3   9  2  9
A.Galarraga       .275  79 149  21  41 12  0  8  29  10  45  5  0  2   1  1  2
C.Johnson         .271 133 476  63 129 39  0 20  61  45 149  7  1  6   1  0  2
J.Kent            .270 150 567  76 153 44  3 14  72  60 105 12  0 10   6  2  6
R.Cedeno          .255 127 364  53  93  7  6  1  29  25  70  2  1 11  26  3  4
J.Vizcaino        .254  41  71   6  18  2  0  0   1   1  14  0  2  2   1  0  5
L.Stevens         .216 132 477  58 103 25  2 20  66  51 144  6  0 14   2  1 13
M.Grissom         .197  39  61   8  12  3  0  4   9   0  19  0  0  4   0  1  0
C.Murray          .193  66  83  10  16  0  1  1   5   6  16  1  0  1   2  2  1
T.Hundley         .165  41  79  10  13  3  0  5  21  14  34  2  0  3   0  0  4
A.Cora            .136  19  22   1   3  1  0  0   1   2   3  0  0  1   0  0  0
R.Machado         ----   0   0   0   0  0  0  0   0   0   0  0  0  0   0  0  0
T.Perez           ----   0   0   0   0  0  0  0   0   0   0  0  0  0   0  0  0
A.Beltre          ----   0   0   0   0  0  0  0   0   0   0  0  0  0   0  0  0
K.Caminiti        ----   0   0   0   0  0  0  0   0   0   0  0  0  0   0  0  0
ALL PITCHERS      .141 152 311  17  44  7  0  0  18   9 124  0 38  4   0  0 21
----------------- ---- --- --- --- --- -- -- -- --- --- --- -- -- -- --- -- --
TEAM TOTALS       .273    5353    1464    35    721    1078    50    101   103
                       152     751    297   186     424     64   130     34


NAME               ERA  W  L   PCT   G GS CG SH SV    IP   H   R  ER HR  BB  SO
J.Manzanillo      2.38  4  0 1.000  32  0  0  0  4  53.0  41  14  14  2  18  56
D.Weathers        3.14  4  3  .571  49  0  0  0  2  77.1  60  27  27 10  27  59
M.Morris          4.57 17 12  .586  35 35  4  1  0 220.2 240 115 112 16  66 176
C.Leskanic        4.81  6  9  .400  53  0  0  0 17  63.2  65  42  34 10  34  56
J.Lieber          4.82  8 12  .400  26 26  1  0  0 164.1 178  95  88 20  50 101
M.Herges          5.02  1  0 1.000  28  0  0  0  4  37.2  31  23  21  7  18  28
D.Veres           5.06  3  4  .429  58  0  0  0  3  69.1  69  48  39 17  40  69
M.Yoshii          5.38  5  5  .500  80  0  0  0  1 117.0 138  75  70 17  32  65
R.Dempster        5.61  3 14  .176  37 37  0  0  0 194.0 222 137 121 26 105 165
J.Tavarez         5.86  3  8  .273  14 14  1  0  0  73.2  94  61  48 10  37  36
O.Daal            6.12  2  6  .250   8  8  1  0  0  42.2  48  32  29  7   5  34
R.Bottalico       6.16  1  3  .250  50  0  0  0  1  68.2  77  53  47 13  36  64
K.Rueter          6.41  6 13  .316  32 32  0  0  0 174.0 196 130 124 38  67  89
A.Benes*          ----  0  0  ----   0  0  0  0  0   0.0   0   0   0  0   0   0
S.Chacon          ----  0  0  ----   0  0  0  0  0   0.0   0   0   0  0   0   0
T.Wendell         ----  0  0  ----   0  0  0  0  0   0.0   0   0   0  0   0   0
J.Acevedo         ----  0  0  ----   0  0  0  0  0   0.0   0   0   0  0   0   0
ALL NON-PITCHERS  ----  0  0  ----   0  0  0  0  0   0.0   0   0   0  0   0   0
Team                                          1                   +0
----------------- ---- -- -- ----- --- -- -- -- -- ----- --- --- --- -- --- ---
TEAM TOTALS       5.14    89       152     7    32      1459     774    535
                       63     .414    152     2   1356.0     852    193     998

Primary Player Statistics For 2002 Dou's Crew (DOU) Totals After 152 Games


NAME              BAVG  GM  AB   R   H 2B 3B HR RBI  BB  SO HB SH DP  SB CS  E
G.Sheffield       .312 139 525  95 164 30  4 30  89  69  71 11  0 13   9  3  5
R.White           .299  63 234  30  70 14  0 11  31  21  50  8  0 12   3  0  2
J.Hammonds        .298  58  57   9  17  3  1  3  12   8  19  2  0  0   2  1  0
L.Lopez           .289  73 128  13  37  4  1  1  17   8  29  4  0  1   1  0  2
T.Helton          .288  90 337  57  97 31  1 23  69  53  68  3  0 17   2  0  2
E.Brown           .281  52  32  11   9  1  0  1   5   3  14  1  0  0   9  1  0
E.Young           .280  90 386  56 108 17  2  5  26  22  42  3  6  3  30  6  8
L.Castillo        .271  59 229  37  62  9  5  0  22  24  42  0  3  2  13  0  2
S.Spiezio         .266  74 128  17  34  5  0  7  19  11  23  0  0  1   1  0  3
P.Lo Duca         .263  99 380  59 100 22  0 17  50  44  28  8  6  8   2  4  2
G.Blum            .250  34 100  13  25  7  0  2  13   7  20  6  0  1   1  1  2
M.Lieberthal      .241  14  29   3   7  4  0  1   2   3   7  0  0  0   0  0  2
M.Williams        .236  64 246  27  58 22  0  9  29   4  55  2  0  7   1  0  8
E.Marrero         .231  73 229  27  53 10  3  6  28  11  51  0  1  8   7  1  8
M.Tucker          .230 151 509  54 117 25  5 14  46  64 136  3 15 10  22  8 11
R.Lankford        .229 118 271  42  62 22  3 11  53  42 121  3  0  7   1  1  4
R.Klesko          .210  61 219  33  46  9  1 12  28  47  36  1  0  4   4  0  5
P.Reese           .203 132 434  49  88 20  1 15  42  28  91  5  1  5  16  1 16
G.Norton          .198  94 262  32  52  9  1 18  51  21  75  0  0  9   2  0 11
J.Fabregas        .183  19  71   6  13  1  0  1   7   1  12  0  1  1   0  0  4
Q.Veras           .137  46  51   2   7  1  0  1   4   3  10  1  0  0   1  0  2
C.Crespo          .000   8  15   0   0  0  0  0   0   2   7  0  0  0   0  0  1
ALL PITCHERS      .121 152 298  16  36  6  0  0  14  16 116  0 36  1   0  0 13
----------------- ---- --- --- --- --- -- -- -- --- --- --- -- -- -- --- -- --
TEAM TOTALS       .244    5170    1262    28    657    1123    69    127   113
                       152     688    272   188     512     61   110     27


NAME               ERA  W  L   PCT   G GS CG SH SV    IP   H   R  ER HR  BB  SO
S.Stewart         2.31  2  2  .500  49  0  0  0  4  46.2  45  14  12  5  27  35
S.Sullivan        2.77  8  3  .727  43  0  0  0  2  65.0  45  24  20  6  30  60
S.Reed            2.78  1  1  .500  29  0  0  0  0  35.2  32  12  11  4   8  33
B.Tollberg        3.55  2  4  .333   9  9  0  0  0  58.1  59  23  23  8  15  39
J.Mesa            3.83  4  4  .500  53  0  0  0 28  54.0  51  25  23  5  21  42
A.Levine          4.24  3  8  .273  67  0  0  0  4  93.1  93  50  44 10  32  64
D.Coggin          4.40  3  2  .600   9  9  1  0  0  59.1  66  33  29  5  20  36
M.Matthews        4.42  1  5  .167  38  5  0  0  4  59.0  45  33  29 14  25  55
J.Vazquez         4.46  4  9  .308  21 21  0  0  0 141.1 145  71  70 16  42 151
O.Perez           5.06  4  5  .444  10 10  0  0  0  53.1  62  35  30  6  27  44
S.Trachsel        5.19  9 12  .429  31 31  0  0  0 171.2 202 112  99 33  65 141
J.Nunez           5.50  3  4  .429  56  0  0  0  1  73.2  83  46  45 13  40  78
T.Worrell         5.52  1  0 1.000  13  0  0  0  0  14.2  13   9   9  1   9  10
M.Timlin          5.57  2  2  .500  45  0  0  0  0  51.2  64  34  32  7  14  35
J.Anderson        5.65 12 13  .480  36 36  1  0  0 207.0 267 143 130 23 104  97
S.Schoeneweis     5.81  7 12  .368  31 31  3  0  0 178.0 214 121 115 26  81  82
L.Hernandez       ----  0  0  ----   0  0  0  0  0   0.0   0   0   0  0   0   0
ALL NON-PITCHERS  ----  0  0  ----   0  0  0  0  0   0.0   0   0   0  0   0   0
Team                                          1                   -1
----------------- ---- -- -- ----- --- -- -- -- -- ----- --- --- --- -- --- ---
TEAM TOTALS       4.76    86       152     5    43      1486     720    560
                       66     .434    152     1   1362.2     785    182    1002

Primary Player Statistics For 2002 Evenson Odd Dau (EVE) Totals After 152 Games


NAME              BAVG  GM  AB   R   H 2B 3B HR RBI  BB  SO HB SH DP  SB CS  E
D.Bautista        .344  41 157  29  54  7  1  2  12  14  24  3  0  2   2  0  0
J.McEwing         .303 119 271  39  82 22  6  4  36  14  62  9  0  2   6  2  2
C.Floyd           .297 137 543  80 161 39  3 24  73  26  98 19  0 11   5  1  5
T.Perez           .293  68 157  18  46  7  1  5  20  13  18  1  0  3   0  0  2
K.Millar          .286 138 493  65 141 49  3 15  66  45  94  4  0 14   0  0  8
S.Rolen           .278 144 533  80 148 32  1 15  73  77 118 16  0 15  12  0 11
W.Gonzalez        .263  77 198  28  52 10  1  8  40  16  38  3  0  1   1  0  1
M.McGwire         .255 113 204  51  52  4  0 31  57  39  77  1  0  2   0  0  1
J.Reboulet        .246  66 183  36  45 11  2  1  16  28  34  0  0  1   1  0  5
R.Barajas         .245  25  53   3  13  2  0  1   3   2  16  0  0  0   0  0  0
A.Ojeda           .241  84  83   7  20  6  0  0   5   2  13  1  0  0   1  1  2
T.Womack          .238 126 403  39  96  9  5  4  30  18  59  8  0  6  15  7 24
J.Edmonds         .234 132 479  64 112 31  1 19  59  80 160  7  0  7   7  1  3
B.Jordan          .231  98 386  43  89 24  1  9  48  29  64  2  0 14   1  0  0
E.Alfonzo         .227 127 410  46  93 15  0 13  63  43  80  3  0 13   4  0  7
B.Petrick         .177  83 277  38  49 10  4 10  27  37  89  5  0 11   3  1  4
M.Smith           .145  38  55   6   8  2  1  0   6   3  15  1  0  3   0  0  0
S.Fasano          .127  21  71   2   9  3  0  2   6   3  27  3  0  0   0  0  2
ALL PITCHERS      .108 152 286  16  31  6  0  1  17  10 114  0 22  6   0  0  6
----------------- ---- --- --- --- --- -- -- -- --- --- --- -- -- -- --- -- --
TEAM TOTALS       .248    5242    1301    30    657    1200    22     58    83
                       152     690    289   164     499     86   111     13


NAME               ERA  W  L   PCT   G GS CG SH SV    IP   H   R  ER HR  BB  SO
J.Fassero         1.84  8  5  .615  85  0  0  0  5  98.0  56  20  20  2  27  91
S.Karsay          2.59  5  5  .500  53  0  0  0 27  55.2  50  18  16  4  16  50
J.Speier          2.95  1  3  .250  53  0  0  0  4  88.1  67  33  29  9  24  63
K.Davis           3.07  3  2  .600  37  0  0  0  0  41.0  43  15  14  6  13  30
D.Dreifort        3.14 13  2  .867  22 19  0  0  0 106.0  82  47  37 15  37  92
N.Cruz            3.35  0  4  .000  69  0  0  0  2 102.0  91  43  38 18  40  94
J.Bere            3.40 12  8  .600  29 29  0  0  0 159.0 122  70  60 19  70 137
A.Leiter          3.84 14 10  .583  33 32  1  0  0 194.2 166  87  83 26  51 143
A.Lopez           3.97 13 11  .542  31 31  0  0  0 161.0 166  80  71 14  54 127
G.Swindell        4.28  2  2  .500  64  0  0  0  3  82.0  76  39  39 18  14  58
R.Cormier         4.62  1  3  .250  37  0  0  0  0  39.0  45  21  20  4   7  25
M.Gardner         4.87  3  0 1.000  26  0  0  0  3  44.1  32  24  24  7  22  22
P.Rapp            5.69  6 12  .333  36 36  0  0  0 172.1 191 109 109 28  68  86
P.Astacio         6.16  1  2  .333   4  4  0  0  0  19.0  16  13  13  2  15  16
C.Smith           9.00  0  1  .000   1  1  0  0  0   5.0   8   5   5  2   1   7
ALL NON-PITCHERS  ----  0  0  ----   0  0  0  0  0   0.0   0   0   0  0   0   0
Team                                          6                   -1
----------------- ---- -- -- ----- --- -- -- -- -- ----- --- --- --- -- --- ---
TEAM TOTALS       3.80    70       152     1    44      1211     577    459
                       82     .539    152     6   1367.1     624    174    1041

Primary Player Statistics For 2002 Hocking Kongs (HOC) Totals After 153 Games


NAME              BAVG  GM  AB   R   H 2B 3B HR RBI  BB  SO HB SH DP  SB CS  E
J.Lugo            .417  24  36   7  15  4  0  0   4   0   6  0  0  1   0  2  2
L.Gonzalez        .307 153 577 119 177 37  6 49 116  87  66 15  0  9   2  0  0
M.Grace           .298 134 466  61 139 36  1 14  48  63  41  4  0  5   3  0  9
B.Surhoff         .286  16  14   3   4  1  0  1   5   2   2  0  0  1   0  0  0
J.Lopez           .283  15  46   4  13  0  0  2   6   4  11  1  0  2   0  0  1
T.Walker          .272  40 136  19  37  8  0  7  18  24  25  0  1  2   0  1  6
V.Castilla        .268 145 571  74 153 33  0 33 102  24 126  3  0 14   0  3 19
R.Belliard        .266  57 154  30  41  7  1 13  27  11  22  2  1  3   0  0  1
B.Trammell        .264  46 174  25  46  7  0  7  33  18  28  1  0  3   2  0  1
A.Jones           .264 104 406  70 107 17  2 28  71  47 100  3  0 10   7  2  5
B.Hunter          .253  78  79  13  20  4  0  1   5  12  19  0  0  3  11  1  0
D.Glanville       .240 149 634  72 152 20  0  8  43   8 104  3 31  9  17  6  6
J.Hernandez       .230 150 543  57 125 36  3 20  74  37 198  3  5 11   4  2 18
D.Deshields       .223  88 336  50  75 15  6  7  23  52  76  2  1  5   8  2  6
D.Miller          .218 123 432  28  94 21  0  8  44  39  98  2  1  7   0  0  9
R.Martinez        .211  32  57   6  12  3  0  0   4   4   5  1  0  1   0  1  0
T.Eusebio         .194  34  72   9  14  1  0  2   8   4  22  1  0  2   0  0  1
T.Zeile           .187  47  75   4  14  3  0  1   7   9  23  1  0  2   0  0  3
B.Gil             .184  65  87   5  16  1  0  1   3  10  33  0  0  4   1  2  2
E.Guzman          ----   0   0   0   0  0  0  0   0   0   0  0  0  0   0  0  0
P.Bergeron        ----   0   0   0   0  0  0  0   0   0   0  0  0  0   0  0  0
D.Hamilton        ----   0   0   0   0  0  0  0   0   0   0  0  0  0   0  0  0
ALL PITCHERS      .150 153 340  20  51  9  0  0  14  11 130  0 39  4   0  0 20
----------------- ---- --- --- --- --- -- -- -- --- --- --- -- -- -- --- -- --
TEAM TOTALS       .249    5235    1305    19    655    1135    79     55   109
                       153     676    263   202     466     42    98     22


NAME               ERA  W  L   PCT   G GS CG SH SV    IP   H   R  ER HR  BB  SO
R.Quevedo         0.00  1  0 1.000   1  1  1  1  0   9.0   4   0   0  0   5  13
R.Ortiz           2.84 13  7  .650  32 32  5  3  0 222.0 192  83  70 21  84 167
R.Johnson         2.96 16  8  .667  38 37  4  1  0 258.2 209  92  85 24  85 341
M.Dejean          3.69  6  7  .462  56  0  0  0  7  75.2  77  36  31  4  40  69
A.Benitez         3.80  0  5  .000  63  0  0  0 29  71.0  61  32  30 16  48  87
D.Kile            3.86 17 13  .567  35 35  6  0  0 235.2 232 116 101 22  66 188
K.Tapani          4.62  5  6  .455  16 16  2  0  0 103.1 117  56  53 17  26  78
A.Alfonseca       4.94  1  3  .250  55  0  0  0  4  58.1  70  36  32 11  18  33
E.Dessens         4.98 10 11  .476  33 32  1  0  0 191.2 212 121 106 31  68 129
D.Lee             5.06  3  3  .500  37  0  0  0  0  48.0  63  28  27  4  19  37
M.Jackson         7.04  2 12  .143  48  0  0  0  3  55.0  66  48  43 19  22  31
T.Van Poppel      7.08  3  1  .750  48  0  0  0  0  61.0  73  49  48  5  40  75
E.Sabel           ----  0  0  ----   0  0  0  0  0   0.0   0   0   0  0   0   0
ALL NON-PITCHERS  ----  0  0  ----   0  0  0  0  0   0.0   0   0   0  0   0   0
Team                                          7                   +0
----------------- ---- -- -- ----- --- -- -- -- -- ----- --- --- --- -- --- ---
TEAM TOTALS       4.06    76       153    19    43      1376     626    521
                       77     .503    153    12   1389.1     697    174    1248

Primary Player Statistics For 2002 Johnny Be Goods (FEJ) Totals After 152 Games


NAME              BAVG  GM  AB   R   H 2B 3B HR RBI  BB  SO HB SH DP  SB CS  E
L.Berkman         .319  93 351  65 112 33  0 17  53  50  65  7  0  8   2  1  2
B.Mueller         .277  98 231  40  64 16  0  9  32  44  26  4  1  2   0  0  4
P.Wilson          .277  46 188  28  52 21  1 11  30  13  49  1  0  5   4  1  1
G.Jenkins         .276 111 406  61 112 30  0 27  67  44 115  4  0 11   2  0  2
D.Erstad          .274  48 175  24  48  6  0  2  23  24  31  1  1  2   3  2  0
D.Eckstein        .270  94 267  39  72 15  1  3  26  12  30  6  6  5  14  1  7
G.Anderson        .263 152 608  70 160 42  2 24  96  41 113  0  0 13   7  1  1
R.Gutierrez       .262 136 481  51 126 29  4  5  44  34  74  9  4 18   3  1 18
R.Casanova        .250  69 196  17  49 11  0  6  19  11  34  0  0  4   0  0  2
J.Payton          .247  40  73   7  18  2  0  1   9   6   9  1  0  1   0  0  1
T.Lee             .242 137 517  68 125 31  0 14  49  63 131  1  0 12   2  3  5
J.Bell            .241  91 162  21  39 10  0  3  19  34  30  3  1  4   0  0  2
H.Blanco          .235  82 272  25  64 22  5  6  40  16  67  2  1  6   4  1  7
A.Kennedy         .234 104 411  45  96 18  2  3  36  15  72  7 16  7   7  1  8
J.Mouton          .231  24  26   5   6  1  0  1   3   3  10  2  0  0   2  0  0
R.Ventura         .210 110 310  32  65 11  0  9  29  72  92  0  0  9   0  1 13
T.Pratt           .169  60 166  12  28  7  0  2  13  23  57  0  0  3   0  0  3
C.Truby           .118  53  68   6   8  3  0  2   5   6  25  0  0  0   0  0  1
K.Lockhart        ----   0   0   0   0  0  0  0   0   0   0  0  0  0   0  0  0
ALL PITCHERS      .158 152 311  19  49 10  0  0  15  21 123  0 50  3   0  0 20
----------------- ---- --- --- --- --- -- -- -- --- --- --- -- -- -- --- -- --
TEAM TOTALS       .248    5219    1293    15    608    1153    80     50    97
                       152     635    318   145     532     48   113     13


NAME               ERA  W  L   PCT   G GS CG SH SV    IP   H   R  ER HR  BB  SO
T.Percival        1.25  1  0 1.000  18  0  0  0 14  21.2  14   3   3  0   8  25
R.Oswalt          2.06  5  2  .714  16 11  2  0  0  91.2  74  26  21  8  17  96
B.Duckworth       2.62  3  0 1.000   7  6  0  0  0  44.2  40  17  13  0  16  24
B.Wagner          3.15  4  2  .667  34  0  0  0 14  40.0  31  14  14  6  17  51
R.Seanez          3.35  3  4  .429  31  0  0  0  3  40.1  34  17  15  3  20  40
J.Christiansen    3.82  1  1  .500  32  0  0  0  1  37.2  34  16  16  4  14  25
C.Park            3.85 15 15  .500  35 35  5  1  0 236.0 209 107 101 25  89 234
G.Lloyd           4.03  1  0 1.000  21  0  0  0  0  29.0  27  18  13  0  13  20
M.Wise            4.33  2  0 1.000  35  0  0  0  1  52.0  40  29  25  8  24  62
K.Appier          4.39 10 18  .357  35 35  1  0  0 213.1 209 116 104 30  60 185
L.Pote            4.45  3  3  .500  51  0  0  0  2  87.0  86  44  43 12  37  73
S.Estes           4.59 12  6  .667  25 25  2  1  0 155.0 158  86  79 17  71 108
T.Armas Jr.       5.03 10 13  .435  30 30  2  0  0 193.1 186 115 108 24  94 175
S.Strickland      5.65  4  5  .444  63  0  0  0  6  86.0 107  55  54 23  51  69
T.Glavine         8.76  0  9  .000  10 10  0  0  0  50.1  64  51  49 14  28  29
D.Miceli          ----  0  0  ----   0  0  0  0  0   0.0   0   0   0  0   0   0
C.Nitkowski       ----  0  0  ----   0  0  0  0  0   0.0   0   0   0  0   0   0
A.Levrault        ----  0  0  ----   0  0  0  0  0   0.0   0   0   0  0   0   0
ALL NON-PITCHERS  ----  0  0  ----   0  0  0  0  0   0.0   0   0   0  0   0   0
Team                                          4                   +0
----------------- ---- -- -- ----- --- -- -- -- -- ----- --- --- --- -- --- ---
TEAM TOTALS       4.30    78       152    12    41      1313     658    559
                       74     .487    152     6   1378.0     714    174    1216

Primary Player Statistics For 2002 Lowoncash (CAS) Totals After 152 Games


NAME              BAVG  GM  AB   R   H 2B 3B HR RBI  BB  SO HB SH DP  SB CS  E
M.Alou            .329 148 572  79 188 27  2 30 103  63  74  4  0 23   8  1  1
L.Walker          .322 126 450  96 145 24  3 24  76  82  95 24  0 11   8  2  2
P.Nevin           .292 147 595 105 174 34  0 50 135  50 161  3  0 13   2  1 28
C.Biggio          .275 152 604 103 166 25  0 24  71  84 122 35  1  5   6  1  6
R.Coomer          .271  46 140  19  38  6  2  4  11  14  28  0  0  6   0  0  1
E.Renteria        .271  67 266  34  72 14  1  8  37  13  44  1  4  4   6  0 11
D.Bautista        .265  39  49   4  13  4  0  0   2  10   8  1  0  1   1  0  0
J.Snow            .259 104 301  42  78  9  2 11  36  62  81  7  0  1   0  0  1
E.Owens           .246  42  61  12  15  3  0  0   5   6  11  0  0  3   2  2  0
T.Shinjo          .245 136 498  52 122 38  2  9  55  41  98  9  2 14   2  7  4
M.Derosa          .233  67  86   8  20  6  0  3  14   3   7  2  0  1   1  0  1
A.Gonzalez        .224  30  58   5  13  2  0  1  10   2  14  3  0  2   0  0  1
C.Kreuter         .218  80 179  31  39 14  0  4  25  40  44  1  0  6   0  0  2
M.Darr            .216  29  37   3   8  1  0  0   1   3  14  0  0  0   1  0  0
E.Durazo          .204 104 152  22  31  4  0  8  20  24  45  1  0  0   0  0  0
M.Matheny         .185 112 373  32  69 15  0  4  27  11  75  4  0  9   0  0  3
R.Ordonez         .184  75 309  32  57 12  4  1  19  10  26  0 12  8   2  0  8
W.Helms           .184  53 125  10  23  5  0  4  16   8  37  0  0  3   1  0  3
D.Magadan         ----   0   0   0   0  0  0  0   0   0   0  0  0  0   0  0  0
J.Zuleta          ----   0   0   0   0  0  0  0   0   0   0  0  0  0   0  0  0
A.Echevarria      ----   0   0   0   0  0  0  0   0   0   0  0  0  0   0  0  0
ALL PITCHERS      .171 152 327  29  56 10  0  5  29  15 120  0 53  8   0  0  9
----------------- ---- --- --- --- --- -- -- -- --- --- --- -- -- -- --- -- --
TEAM TOTALS       .256    5182    1327    16    692    1104    72     40    81
                       152     718    253   190     541     95   118     14


NAME               ERA  W  L   PCT   G GS CG SH SV    IP   H   R  ER HR  BB  SO
T.Mathews         0.63  1  0 1.000  26  0  0  0  1  42.2  23   3   3  1   8  20
V.Darensbourg     1.07  3  0 1.000  35  0  0  0  2  50.1  41   6   6  1  11  38
J.Thomson         3.23  6  4  .600  12 11  2  1  0  78.0  56  32  28 12  21  50
K.Ligtenberg      3.30  3  2  .600  42  0  0  0  4  60.0  64  26  22  6  16  59
K.Brown           3.61  9  5  .643  18 18  3  2  0 127.0 114  55  51 16  43 124
J.Riggan          3.67  0  0  ----  35  0  0  0  0  49.0  35  21  20  6  23  50
V.Nunez           4.02  4  3  .571  39  2  0  0  0  56.0  56  26  25  7  25  40
W.Williams        4.24 13 11  .542  35 35  2  1  0 225.0 228 109 106 26  71 167
K.Jarvis          4.32 10 12  .455  34 32  1  1  0 196.0 176 100  94 40  50 122
J.Marquis         4.62  7  5  .583  20 20  2  1  0 126.2 117  69  65 13  73  98
M.Remlinger       5.05  1  7  .125  37  0  0  0  1  46.1  52  29  26  9  18  59
R.Person          5.10 11 13  .458  34 34  1  0  0 206.2 200 130 117 35  89 190
M.Williams        6.02  2  5  .286  44  0  0  0 13  43.1  46  29  29  7  31  34
J.Jimenez         6.75  3 12  .200  53  0  0  0 13  53.1  68  41  40 11  26  32
ALL NON-PITCHERS  ----  0  0  ----   0  0  0  0  0   0.0   0   0   0  0   0   0
Team                                          5                   +0
----------------- ---- -- -- ----- --- -- -- -- -- ----- --- --- --- -- --- ---
TEAM TOTALS       4.18    79       152    11    34      1276     632    505
                       73     .480    152    11   1360.1     676    190    1083

Primary Player Statistics For 2002 Morgen Grinders (MOR) Totals After 153 Games


NAME              BAVG  GM  AB   R   H 2B 3B HR RBI  BB  SO HB SH DP  SB CS  E
M.Redmond         .361  69 155  22  56  3  0  5  26   6  19  2  0  6   0  0  1
P.Wilson          .311  70 251  44  78 23  0 13  47  16  48  6  0  7  11  3  1
L.Berkman         .307  50 199  40  61 15  0 10  26  24  40  7  0  7   0  0  0
M.Giles           .301  83 193  28  58 11  1  6  28  18  35  0  0  4   2  2  7
A.Boone           .296 114 372  45 110 24  0 10  40  36  70 10  0 13   4  4 17
J.Vidro           .289 116 463  63 134 32  1 11  44  34  50 10  0 15   4  1  6
S.Sosa            .287 153 602 127 173 25  7 54 125  97 168  7  0 10   1  0 10
J.Drew            .287  33 122  21  35  8  1  8  19  16  29  0  2  1   3  0  0
F.McGriff         .285 148 579  96 165 22  2 39 116  72 138  3  0 20   3  3 17
T.Houston         .265 103 257  33  68  5  0  8  37  16  61  1  0  9   0  0 10
D.White           .254  97 272  34  69 20  1  9  41  18  75 12  0  7  11  1  0
B.Molina          .248  57 145   9  36 10  0  1  11   5  12  5  0  3   0  0  3
J.Mouton          .244  39  78  14  19  4  0  0   5   6  20  1  1  1   7  0  0
J.Uribe           .236 110 301  29  71 12  5  8  36  14  60  1  0  7   1  0  2
D.Erstad          .222  79 270  38  60 16  1  3  17  23  61  4  0  2   8  2  0
E.Davis           .211  34  57   4  12  3  0  0   5   6  10  0  0  1   0  0  1
J.Larue           .205 116 385  36  79 21  0 15  54  24 128 12  0  7   3  2  8
R.Furcal          .200 116 325  33  65 11  0  1  14  17  75  4  0  2  19  5 15
K.Jordan          .164  57  73   8  12  2  0  0   3   9  17  0  0  2   0  0  1
L.Harris          ----   1   0   0   0  0  0  0   0   0   0  0  0  0   0  0  0
ALL PITCHERS      .103 153 292  21  30  8  0  0  18  10 107  0 38  3   0  0 12
----------------- ---- --- --- --- --- -- -- -- --- --- --- -- -- -- --- -- --
TEAM TOTALS       .258    5391    1391    19    712    1223    41     77   111
                       153     745    275   201     467     85   127     23


NAME               ERA  W  L   PCT   G GS CG SH SV    IP   H   R  ER HR  BB  SO
T.Gordon          2.89  1  2  .333  28  0  0  0 15  28.0  24   9   9  3   8  40
C.Schilling       2.92  8  7  .533  19 19  1  1  0 129.1 120  46  42 17  23 147
B.Kim             3.01  6  2  .750  68  0  0  0 13 101.2  69  38  34  6  50 119
M.Batista         3.11  7  7  .500  61 12  0  0  2 150.2  98  55  52 12  68 109
C.Fox             3.48  7  6  .538  64  0  0  0  3  88.0  66  39  34 11  45  97
D.Cook            3.88  2  0 1.000  47  0  0  0  0  48.2  53  23  21 11   6  47
B.Jones           4.15  7  5  .583  18 17  0  0  0  91.0 106  46  42 16   6  41
R.Ellis           4.27  2  4  .333  24  4  0  0  0  46.1  57  22  22  5  16  21
F.Rodriguez       4.42  4  5  .444  85  0  0  0  1  91.2  77  50  45 11  46  98
J.Shaw            4.78  1  0 1.000  33  0  0  0  2  43.1  42  24  23  5   8  37
T.Davey           4.91  1  1  .500  33  0  0  0  1  40.1  45  25  22  3  17  48
B.Smith           4.95  5  6  .455  18 16  0  0  0  91.0  99  53  50 14  30  63
R.Ortiz           5.00  8 15  .348  34 33  1  0  0 187.1 193 113 104 28  73 137
G.Rusch           5.04  8  3  .727  16 16  1  1  0  80.1  96  52  45 12  27  65
I.Valdes          5.87  5 11  .313  24 24  0  0  0 119.2 145  90  78 22  39  66
M.Clement         6.25  4  3  .571  12 12  0  0  0  59.0  75  47  41  8  25  48
T.Ohka            ----  0  0  ----   0  0  0  0  0   0.0   0   0   0  0   0   0
ALL NON-PITCHERS  ----  0  0  ----   0  0  0  0  0   0.0   0   0   0  0   0   0
Team                                          7                   +0
----------------- ---- -- -- ----- --- -- -- -- -- ----- --- --- --- -- --- ---
TEAM TOTALS       4.28    77       153     3    37      1365     664    487
                       76     .497    153     9   1396.1     732    184    1183

Primary Player Statistics For 2002 Rivercrypts (SEG) Totals After 152 Games


NAME              BAVG  GM  AB   R   H 2B 3B HR RBI  BB  SO HB SH DP  SB CS  E
M.Anderson        .313 124 457  67 143 38  2 16  45  28  71  5  6  5   6  4  9
J.Drew            .306  73 284  64  87 12  2 20  38  57  60  2  1  8   8  0  4
B.Gilkey          .296  29  71   6  21  5  0  0   3   3  18  0  0  3   0  0  1
D.Jimenez         .293  62  99  11  29  5  0  0   5  18  20  0  0  1   0  0  6
S.Casey           .291 136 553  62 161 30  0 14  73  36  65  7  0 14   2  1 10
P.Polanco         .283 133 538  59 152 23  3  6  36  23  61  9 24 21   7  1  0
B.Trammell        .266  79 214  34  57 11  1 18  33  27  33  2  0 10   0  0  3
S.Finley          .264  93 371  38  98 23  3 10  51  20  45  0  0  3   3  0  2
P.Burrell         .263 137 476  82 125 21  1 31  81  52 142  3  0 12   2  1  2
K.Robinson        .256  63  78  14  20  6  0  1   3   8   8  0  1  0   8  1  2
A.Ramirez         .256 149 590  73 151 36  0 26  92  55 103 11  0 12   2  5 19
T.Walker          .255  71 204  24  52 19  1  5  24  16  28  0  0  3   0  0  6
T.Hollandsworth   .250  14  40   6  10  4  0  2   9   6  11  0  0  1   1  0  0
D.Hansen          .235  74  68   9  16  5  0  1   3  15  18  0  0  2   0  0  1
J.Lopez           .234  70 214  18  50  6  1  8  21  12  43  4  0  8   1  1  5
M.Barrett         .232 108 358  29  83 14  1  5  31  20  40  3  1 13   1  0  7
A.Jones           .231  48 186  19  43  4  4 11  30  13  41  1  0  6   3  0  1
D.Martinez        .227  67 185  13  42  9  1  0  13  16  42  1  0  9   1  0  1
E.Guzman          .200  16  15   2   3  1  0  0   2   1   2  0  0  0   0  0  0
J.Ortiz           .182  35  44   4   8  0  0  4   9   3  11  1  0  2   0  0  3
B.Wilkerson       .000   4   3   0   0  0  0  0   0   0   2  0  0  0   0  0  0
ALL PITCHERS      .099 152 303  17  30  6  0  0  15  24 117  0 42  3   0  0 12
----------------- ---- --- --- --- --- -- -- -- --- --- --- -- -- -- --- -- --
TEAM TOTALS       .258    5351    1381    20    617     981    75     45    94
                       152     651    278   178     453     49   136     14


NAME               ERA  W  L   PCT   G GS CG SH SV    IP   H   R  ER HR  BB  SO
J.Shaw            2.25  0  1  .000  23  0  0  0  6  28.0  23  10   7  7   2  19
C.Schilling       3.38  6  5  .545  18 18  3  0  0 133.0 111  54  50 22  34 177
T.Ritchie         3.58  5 10  .333  20 20  0  0  0 133.1 130  61  53 22  40  88
A.Fultz           3.93  3  0 1.000  37  0  0  0  0  34.1  31  15  15  5  11  24
J.Cabrera         4.36  4  3  .571  53  0  0  0  3  66.0  71  37  32  9  30  54
B.Sheets          4.37  9 11  .450  26 26  4  2  0 160.2 171  82  78 24  50 102
J.Smoltz          4.77  3  3  .500  44  1  0  0  3  66.0  67  35  35 12  19  74
T.Hoffman         4.81  3  6  .333  56  0  0  0 15  63.2  54  36  34 16  30  66
T.Ohka            5.04  2  6  .250  16 16  0  0  0  80.1  94  46  45 10  23  46
M.Clement         5.08  0  3  .000   5  5  1  0  0  33.2  38  19  19  5  14  27
V.Padilla         5.19  2  3  .400  26  0  0  0  0  34.2  40  20  20  0  11  24
B.Lawrence        5.79  5 11  .313  43  8  0  0  1 119.2 137  86  77 18  33  84
K.Millwood        5.85  5 12  .294  21 21  0  0  0 123.0 145  83  80 31  46  81
R.Jensen          6.10  0  1  .000   9  0  0  0  0  10.1  10   7   7  1   2   5
D.Hermanson       6.19  4 14  .222  28 28  0  0  0 152.2 178 113 105 25  70  95
B.Anderson        6.23  6  6  .500  63  9  1  1  3 137.1 199 103  95 28  42  70
N.Figueroa        ----  0  0  ----   0  0  0  0  0   0.0   0   0   0  0   0   0
C.Zerbe           ----  0  0  ----   0  0  0  0  0   0.0   0   0   0  0   0   0
ALL NON-PITCHERS  ----  0  0  ----   0  0  0  0  0   0.0   0   0   0  0   0   0
Team                                          2                   -3
----------------- ---- -- -- ----- --- -- -- -- -- ----- --- --- --- -- --- ---
TEAM TOTALS       4.90    95       152     9    31      1499     749    457
                       57     .375    152     5   1376.2     807    235    1036

Primary Player Statistics For 2002 Skramalonians (SKR) Totals After 152 Games


NAME              BAVG  GM  AB   R   H 2B 3B HR RBI  BB  SO HB SH DP  SB CS  E
B.Agbayani        .381  45  42   6  16  3  0  3  10   8   9  0  0  1   0  0  0
M.Lieberthal      .319  37  94  13  30  7  0  1   8  16   8  2  0  3   0  0  2
A.Rios            .318  76 148  22  47 11  0  9  31  13  33  0  0  1   0  3  2
M.Cairo           .304  85 171  27  52 16  1  3  18  15  26  0  2  2   0  1  5
D.Relaford        .302  85 325  40  98 32  1  8  38  15  82  4  0  3   7  1 13
M.Lawton          .285 125 477  81 136 34  2 10  43  65  78  4  0  8  24  8  3
V.Guerrero        .279 147 580  94 162 36  3 32 111  46  87 11  0 12  42  6 10
F.Vina            .263 142 574  71 151 21  7  6  57  23  40 20 24  6  14  5  9
D.Lee             .263 142 548  67 144 34  3 17  83  42 130 17  0 13   5  1  6
P.Lo Duca         .261  39 153  24  40 12  0  6  25  15  17  2  0  4   3  2  1
B.Davis           .256  95 308  35  79 21  0  8  30  36  78  3  0  4   3  5  3
C.Paquette        .254 121 295  30  75 14  0  9  33  24  62  6  3  8   1  0  8
O.Cabrera         .241 152 555  52 134 27  9  9  56  68  57  1  4 13  14  5 15
T.Goodwin         .239  73 159  17  38 11  2  1  19  18  31  0  0  5   7  2  3
R.Rivera          .235  82 255  31  60  8  2  6  29  14  76  6  0  6   5  1  2
C.Patterson       .231  23  26   7   6  1  0  0   3   0   6  1  0  0   0  0  3
P.Feliz           .214  49  98  13  21  2  0  5  17   4  22  1  0  5   2  0  5
L.Collier         .213  47 127  25  27  4  1  4  13  28  26  0  0  1   3  0  1
J.Estrada         ----   0   0   0   0  0  0  0   0   0   0  0  0  0   0  0  0
B.Butler          ----   0   0   0   0  0  0  0   0   0   0  0  0  0   0  0  0
ALL PITCHERS      .127 152 347  17  44 11  0  2  21  10 127  0 38  5   0  0  1
----------------- ---- --- --- --- --- -- -- -- --- --- --- -- -- -- --- -- --
TEAM TOTALS       .257    5282    1360    31    645     995    71    130    92
                       152     672    305   139     460     78   100     40


NAME               ERA  W  L   PCT   G GS CG SH SV    IP   H   R  ER HR  BB  SO
K.Farnsworth      1.71  9  3  .750  57  0  0  0 13  94.2  47  21  18 10  38 112
M.Trombley        2.42  4  2  .667  66  0  0  0  8  93.0  65  25  25  7  34  83
G.Carrara         2.74  5  2  .714  33  8  1  1  1  92.0  66  29  28 11  23  82
J.Schmidt         3.04  8  7  .533  25 25  5  3  0 160.0 133  61  54 15  81 143
J.Franco          3.24  0  0  ----  29  0  0  0  3  25.0  16   9   9  3   5  21
S.Reynolds        3.35 13 10  .565  30 28  5  3  0 188.1 181  74  70 20  46 101
K.Wood            3.49 13  9  .591  26 26  4  1  0 180.1 122  81  70 26  88 227
D.Wall            3.56  2  1  .667  25  0  0  0  1  43.0  40  19  17  2  12  34
M.Buddie          4.30  1  1  .500  21  0  0  0  0  14.2  13   7   7  1  10   9
D.Coggin          4.39  1  2  .333   7  7  0  0  0  41.0  45  20  20  4  13  35
J.Wright          4.68  9 12  .429  31 31  3  1  0 198.0 194 111 103 29 109 123
J.Haynes          4.96 12 11  .522  28 27  2  0  0 176.0 191 105  97 25  57 107
B.Looper          5.75  6  8  .429  58  0  0  0 10  72.0  87  55  46 11  42  61
B.Witt            7.94  1  0 1.000   5  0  0  0  1   5.2   6   5   5  0   7   3
ALL NON-PITCHERS  ----  0  0  ----   0  0  0  0  0   0.0   0   0   0  0   0   0
Team                                          3                   +0
----------------- ---- -- -- ----- --- -- -- -- -- ----- --- --- --- -- --- ---
TEAM TOTALS       3.70    68       152    20    37      1206     569    565
                       84     .553    152    12   1383.2     622    164    1141

Primary Player Statistics For 2002 Slattery Incarn (SLA) Totals After 152 Games


NAME              BAVG  GM  AB   R   H 2B 3B HR RBI  BB  SO HB SH DP  SB CS  E
A.Arias           .310  19  42   6  13  5  0  1   4   3   4  2  0  1   0  0  2
T.Gwynn           .304  61 102  16  31  8  0  4  15  12  11  0  0  0   0  0  0
S.Green           .294 152 575 108 169 43  5 42 133  69 105  8  0 17  20  3  2
R.Davis           .286  28  56  11  16  5  1  4  19   7  15  0  0  1   0  0  0
D.Dellucci        .281  92 167  24  47 10  1  6  24  21  37  2  0  2   1  2  2
J.Cirillo         .273 139 532  77 145 12  1 16  59  34  74  4  6 14  13  1  7
B.Abreu           .268 152 571 101 153 30  3 29  88  87 126  0  0  8  29  6 10
R.Sanchez         .252  91 341  22  86 14  3  0  19   9  37  2  6 11   4  1  6
J.Vander Wal      .244  47  41   5  10  0  0  1   2   9  12  0  0  1   1  0  0
R.Aurilia         .243  47 185  24  45  5  1  7  20  13  34  0  0  6   0  0  4
R.Sexson          .240 144 520  80 125 25  2 29  87  65 163  6  0 11   5  0 14
M.Williams        .231  11  39   4   9  1  0  2   5   1   8  0  0  1   0  0  1
G.Blum            .228  37 101  12  23  4  0  3   7   7   9  3  0  2   3  2  2
C.Counsell        .225 133 510  59 115 22  4  2  29  46  86  5 11  7   9  4  4
B.Ausmus          .218 137 444  36  97 29  3  5  51  45  68  0  0 12   3  2  2
J.Girardi         .208  45  72   4  15  2  0  2  10   5  13  0  0  2   0  0  0
J.Burnitz         .206 125 349  46  72 19  1 23  56  47  95  4  0  9   0  0  5
R.Henderson       .185  64  81  22  15  2  0  2   5  18  15  0  0  1   2  1  0
E.Karros          .111  19  27   2   3  1  0  1   2   3  11  0  0  1   1  0  0
H.Bocachica       .000   1   5   0   0  0  0  0   0   0   2  0  0  0   0  0  1
W.Joyner          ----   0   0   0   0  0  0  0   0   0   0  0  0  0   0  0  0
ALL PITCHERS      .103 152 341  20  35  5  0  0   7  10 135  0 40  0   0  0  6
----------------- ---- --- --- --- --- -- -- -- --- --- --- -- -- -- --- -- --
TEAM TOTALS       .240    5101    1224    25    642    1060    63     91    68
                       152     679    242   179     511     36   107     22


NAME               ERA  W  L   PCT   G GS CG SH SV    IP   H   R  ER HR  BB  SO
J.Powell          2.11  8  1  .889  48  0  0  0  1  68.1  54  17  16  4  26  49
G.Maddux          2.63 17  9  .654  33 33  9  4  0 243.0 205  78  71 23  35 186
B.Boehringer      2.94  1  1  .500  26  0  0  0  2  49.0  33  18  16  3  22  46
R.Nen             3.01  2  6  .250  54  0  0  0 32  74.2  58  25  25 12  25 106
J.Burkett         3.04 11 12  .478  34 34  4  2  0 216.0 176  84  73 21  81 200
R.King            3.82  3  1  .750  48  0  0  0  5  63.2  56  28  27  7  32  43
T.Adams           3.96 13  9  .591  27 27  1  0  0 168.0 168  81  74 11  58 146
M.Herges          4.00  1  2  .333  21  0  0  0  0  27.0  25  12  12  2   8  15
J.Baldwin         4.26 12 11  .522  28 28  3  0  0 177.2 163  90  84 38  59 100
J.Lieber          4.30  5  3  .625  10 10  2  1  0  69.0  67  36  33 14  20  59
O.Daal            4.31  8  7  .533  20 20  2  1  0 131.2 138  66  63 17  37  83
J.Witasick        4.97  3  5  .375  45  0  0  0  3  54.1  47  33  30  8  30  58
G.Stechschulte    5.60  1  0 1.000  10  0  0  0  0  17.2  27  11  11  0   8  17
J.Acevedo         ----  0  0  ----   0  0  0  0  0   0.0   0   0   0  0   0   0
ALL NON-PITCHERS  ----  0  0  ----   0  0  0  0  0   0.0   0   0   0  0   0   0
Team                                          1                   +0
----------------- ---- -- -- ----- --- -- -- -- -- ----- --- --- --- -- --- ---
TEAM TOTALS       3.54    67       152    21    43      1217     535    441
                       85     .559    152     9   1360.0     579    160    1108
