Primary Player Statistics For 2003 Avery Tards (AVC) Totals After 152 Games


NAME              BAVG  GM  AB   R   H 2B 3B HR RBI  BB  SO HB SH DP  SB CS  E
R.Vazquez         .292  87 291  38  85 13 10  0  22  45  54  0  2  2   1  0  2
M.Vaughn          .291  89 244  31  71 18  0 10  39  28  71  4  0  8   0  0  8
R.Gant            .290  72 138  15  40 10  1  9  46  14  30  3  0  3   1  0  1
J.Hammonds        .283  64 159  23  45 10  2  3  19  15  29  1  0  8   1  0  0
T.O'Leary         .282  52 142  19  40  6  0  3  14  20  27  1  0  2   0  0  4
L.Berkman         .278 152 562 110 156 40  7 30  91 107 127  4  0 14   5  1  4
G.Colbrunn        .276  31  29   2   8  1  1  1   5   6   9  0  0  1   0  0  0
J.Hernandez       .272 141 548  71 149 23  0 18  65  55 217  3  0  5   0  5 18
M.Loretta         .271 113 306  37  83 23  0  3  23  34  60  6  3  3   0  0  3
W.Cordero         .268  57 149  13  40  8  0  3  18  17  37  1  0  2   1  0  0
B.Santiago        .268 131 497  62 133 20  1 18  82  25  86  6  1 16   5  2  2
O.Palmeiro        .268  92 213  30  57  8  2  0  17  28  16  0  5  7   2  0  1
S.Rolen           .263 149 571  84 150 29  9 23  96  81 110 10  0 22   1  3 13
T.Lampkin         .257  39 105  16  27  6  0  5  22  11  17  1  0  2   2  2  1
T.Hollandsworth   .243 110 408  61  99 25  3 14  57  34 101  0  0 15   7  4  1
M.Kotsay          .237  55 228  33  54 15  1  5  22  24  39  0  3  6   3  1  4
T.Perez           .237  75 190  24  45  8  2  6  21  20  48  2  0  7   1  0  2
J.Snow            .213  26  75   6  16  2  0  1   9  15  19  2  0  2   0  0  1
P.Bergeron        .138  35  29   7   4  0  0  0   0   4   8  0  0  0   5  0  1
D.Deshields       .000   2   3   0   0  0  0  0   0   2   1  0  0  0   0  0  0
ALL PITCHERS      .131 152 327  26  43  9  0  3  15  15 126  0 45  2   0  0 15
----------------- ---- --- --- --- --- -- -- -- --- --- --- -- -- -- --- -- --
TEAM TOTALS       .258    5214    1345    39    683    1232    59     35    81
                       152     708    274   155     600     44   127     18


NAME               ERA  W  L   PCT   G GS CG SH SV    IP   H   R  ER HR  BB  SO
D.Holmes          1.41  3  0 1.000  26  0  0  0  0  44.2  33   7   7  1   5  32
E.Gagne           1.67  5  2  .714  28  0  0  0 13  37.2  25   7   7  3   9  57
C.Hammond         2.15  4  7  .364  60  0  0  0  4  92.0  62  24  22  4  40  79
C.Pavano          2.61  1  0 1.000  17  0  0  0  0  20.2  16   6   6  2  10  15
M.Bacsik          2.84  0  0  ----   5  0  0  0  0   6.1   2   2   2  2   1   3
J.Borowski        3.08  2  1  .667  34  0  0  0  5  61.1  50  21  21  5  16  60
A.Leiter          3.68  5  1  .833  10 10  0  0  0  58.2  55  25  24  9  13  54
E.Dessens         3.74  9  7  .563  27 27  0  0  0 168.1 181  83  70 23  44  81
G.Rusch           4.05 11  9  .550  25 25  5  3  0 162.1 171  80  73 19  67  99
B.Weber           4.06  6  8  .429  66  0  0  0 15  84.1  89  43  38  7  37  57
R.Wolf            4.09 11 12  .478  32 32  5  1  0 217.2 203 102  99 33  72 164
K.Wells           4.91  5  9  .357  18 18  2  1  0  99.0 111  63  54 13  40  67
K.Benson          5.07  5  7  .417  18 18  0  0  0  99.1 121  61  56 15  45  59
B.Anderson        5.16  6  7  .462  33 22  1  1  0 143.0 167  88  82 18  43  69
G.Roberts         6.31  6  2  .750  39  0  0  0  0  45.2  74  33  32  3  13  32
T.Redding         7.85  0  1  .000  14  0  0  0  0  18.1  26  16  16  6  11  12
M.Matthews        ----  0  0  ----   0  0  0  0  0   0.0   0   0   0  0   0   0
K.Olsen           ----  0  0  ----   0  0  0  0  0   0.0   0   0   0  0   0   0
ALL NON-PITCHERS  ----  0  0  ----   0  0  0  0  0   0.0   0   0   0  0   0   0
Team                                          2                   +0
----------------- ---- -- -- ----- --- -- -- -- -- ----- --- --- --- -- --- ---
TEAM TOTALS       4.03    73       152    13    37      1386     609    466
                       79     .520    152     8   1359.1     661    163     940

Primary Player Statistics For 2003 B-Rads (CO2) Totals After 152 Games


NAME              BAVG  GM  AB   R   H 2B 3B HR RBI  BB  SO HB SH DP  SB CS  E
M.Grudzielanek    .349  29  83   9  29  7  0  3  14   2   9  0  0  6   0  0  4
M.Difelice        .300  15  10   1   3  2  0  0   0   0   1  0  0  0   0  0  0
A.Echevarria      .288  53 111  17  32 11  0  2  12  10  22  1  0  4   0  0  0
C.Counsell        .286 111 413  45 118 27  0  3  33  52  45  0  5  3   9  4  2
L.Gonzalez        .272 150 529  82 144 17  6 33 104 118  82  1  0  9   4  2  6
A.Cora            .270 112 281  38  76 14  5  4  25  26  40  5  0  2   7  2  4
D.Berg            .259  86 162  16  42 11  1  1  12  14  22  3  1  4   0  0  3
P.Nevin           .254  66 228  25  58 13  0  2  27  22  50  0  0  5   1  0 12
M.Lowell          .252  76 309  35  78 26  0  5  37  24  43  2  0  9   4  1  8
J.Larue           .251 107 358  35  90 16  3  8  41  18 120 11  1 10   3  4  0
T.Perez*          .249 100 333  39  83 13  2  2  16  20  37  1  9  2  10  4  4
B.Abreu           .249  49 189  29  47 17  1  7  24  25  48  1  0  3  10  2  0
T.Martinez        .246 134 509  52 125 31  1 13  58  38  81  3  0  9   0  3  2
J.Encarnacion     .227  76 269  32  61  6  0  8  32  32  60  4  1  9  19  9  1
S.Sosa            .226  76 274  38  62  6  4 12  40  55  85  0  0  6   2  0  4
J.Matos           .222  16   9   2   2  0  0  0   0   1   2  0  0  1   0  0  0
B.Schneider       .221  85 217  23  48 11  6  9  29  17  57  0  0 11   2  1  3
A.Gonzalez*       .220 131 386  40  85 12  6 12  43  31 110  1  0  6   4  0 13
R.Mackowiak       .164  84 152  17  25  5  0  1  12  18  36  4  1  2   5  1  2
R.Brown           ----   0   0   0   0  0  0  0   0   0   0  0  0  0   0  0  0
ALL PITCHERS      .117 152 290  19  34  6  0  0   8  14 108  0 39  2   0  0  2
----------------- ---- --- --- --- --- -- -- -- --- --- --- -- -- -- --- -- --
TEAM TOTALS       .243    5112    1242    35    567    1058    57     80    70
                       152     594    251   125     537     37   103     33


NAME               ERA  W  L   PCT   G GS CG SH SV    IP   H   R  ER HR  BB  SO
R.Nen             0.86  1  0 1.000  18  0  0  0 12  21.0  16   2   2  0   1  25
T.Percival        1.34  4  1  .800  48  0  0  0  2  33.2  15   5   5  2  13  40
G.White           2.63  2  3  .400  63  0  0  0  0  54.2  48  21  16  3  10  35
M.Koplove         2.88  2  1  .667  18  0  0  0  0  25.0  23   8   8  2  16  19
J.Vazquez         3.93  7  9  .438  23 23  3  0  0 162.2 158  74  71 23  43 125
S.Hasegawa        4.13  3  0 1.000  64  0  0  0  4  65.1  67  30  30  4  35  38
R.White           4.21  5  2  .714  59  0  0  0  0  72.2  82  36  34  7  21  47
B.Colon           4.29  4  5  .444  13 13  4  0  0  86.0  86  42  41  8  29  51
K.Wood            4.49 11 15  .423  36 36  3  1  0 222.1 213 121 111 22 101 228
J.Mesa            4.56  2  6  .250  74  0  0  0 18  73.0  67  38  37  8  42  60
R.Helling         4.63 10 11  .476  29 29  4  2  0 178.2 169 100  92 32  53 121
M.Myers           5.33  1  2  .333  41  0  0  0  0  25.1  35  17  15  3  14  18
B.Sheets          5.35  9 17  .346  34 34  1  0  0 190.0 205 125 113 24  76 147
R.Jensen          6.14  4  7  .364  48  9  0  0  1 104.0 139  75  71 18  43  55
B.Duckworth       6.42  2  6  .250   8  8  0  0  0  40.2  52  31  29  4  27  40
G.Stechschulte    ----  0  0  ----   0  0  0  0  0   0.0   0   0   0  0   0   0
G.Stephenson      ----  0  0  ----   0  0  0  0  0   0.0   0   0   0  0   0   0
P.Mahomes         ----  0  0  ----   0  0  0  0  0   0.0   0   0   0  0   0   0
ALL NON-PITCHERS  ----  0  0  ----   0  0  0  0  0   0.0   0   0   0  0   0   0
Team                                          3                   -3
----------------- ---- -- -- ----- --- -- -- -- -- ----- --- --- --- -- --- ---
TEAM TOTALS       4.46    85       152    15    37      1375     672    524
                       67     .441    152     6   1355.0     725    160    1049

Primary Player Statistics For 2003 Co Operators (COO) Totals After 152 Games


NAME              BAVG  GM  AB   R   H 2B 3B HR RBI  BB  SO HB SH DP  SB CS  E
D.Bragg           .385  41  78  17  30  7  3  3  11   6  21  1  0  2   0  0  1
E.Renteria        .351 145 618 115 217 34  5 20  64  62  62  4  6 10  18  4 19
E.Chavez          .342  49 111  14  38  6  7  2  27   2  15  0  1  3   0  2  1
B.Fullmer         .317 140 517 104 164 39 14 35 112  50  59 10  0 12   5  1  5
M.Piazza          .317 140 546 115 173 27  8 47 126  57 109  3  0 21   0  0 12
A.Kearns          .315 108 321  48 101 29  0 11  52  35  70  4  0  5   3  1  3
J.Macias          .312  50  77  19  24  7  1  3  11   5  14  0  3  2   3  1  2
T.Salmon          .310 138 464  90 144 39  0 33  94  74 112  4  0 12   5  1  0
T.Tarasco         .308  13  26   3   8  2  0  1   5   1   7  0  0  0   1  0  0
J.Spivey          .284 145 577  85 164 33  7 10  61  54 117 18  0 17   9  1 23
S.Finley          .277 144 548  86 152 28  3 36  91  64  97  3  0 14  12  3  0
B.Mueller         .258 111 318  32  82 16  3  5  41  40  42  0  4 10   0  0  4
K.Young           .246  79 130  20  32  3  0 10  24  13  24  1  0  3   1  0  2
A.Ochoa           .223 105 148  21  33  7  0  5  20  20  25  0  0  4   4  4  1
R.Branyan         .211 120 383  60  81 10  1 26  58  60 164  2  0  7   0  2 10
C.Johnson         .202  66  84   8  17  5  0  2   5  10  25  0  0  3   0  0  3
T.Shumpert        .189  34  53   3  10  3  0  1   3   5   5  0  0  2   0  1  0
B.Hill            .125   4   8   2   1  0  0  0   0   2   2  1  0  0   0  0  2
A.Gonzalez        .125   2   8   0   1  1  0  0   1   0   2  0  0  0   0  0  0
P.Feliz           .091   5  22   2   2  0  0  0   1   1   6  0  0  0   0  0  2
ALL PITCHERS      .142 152 366  23  52 10  0  5  28  13 141  0 43  4   0  0  4
----------------- ---- --- --- --- --- -- -- -- --- --- --- -- -- -- --- -- --
TEAM TOTALS       .282    5403    1526    52    835    1119    57     61    94
                       152     867    306   255     574     51   131     21


NAME               ERA  W  L   PCT   G GS CG SH SV    IP   H   R  ER HR  BB  SO
M.Remlinger       1.93  5  5  .500  55  0  0  0  1  79.1  50  26  17  4  42  66
M.Prior           2.30 12  2  .857  19 19  0  0  0 121.1  96  35  31 13  31 157
J.Durocher        2.86  3  3  .500  41  0  0  0  1  44.0  30  16  14  4  17  35
P.Shuey           2.91  0  0  ----  55  0  0  0  2  80.1  78  28  26  3  37  81
B.Wagner          3.15  5  3  .625  68  0  0  0  6  80.0  62  28  28 11  22  92
O.Dotel           3.36  3  7  .300  67  0  0  0 31  85.2  66  33  32 12  23 103
M.Clement         3.89 18  8  .692  32 32  5  2  0 203.2 178  95  88 26  86 228
T.Gordon          3.94  1  1  .500  41  0  0  0  0  48.0  52  21  21  4  23  59
M.Batista         4.00 15  6  .714  31 25  0  0  0 166.2 168  80  74  9  63  95
R.Oswalt          4.13 16  7  .696  34 34  7  3  0 229.0 216 109 105 28  82 196
D.Moss            4.24 14  8  .636  28 28  0  0  0 176.1 145  94  83 25  92 118
J.Marquis         5.37  5  5  .500  15 14  1  0  0  68.2  84  45  41 12  33  50
ALL NON-PITCHERS  ----  0  0  ----   0  0  0  0  0   0.0   0   0   0  0   0   0
Team                                          6                   -1
----------------- ---- -- -- ----- --- -- -- -- -- ----- --- --- --- -- --- ---
TEAM TOTALS       3.64    55       152    13    41      1225     559    551
                       97     .638    152    11   1383.0     610    151    1280

Primary Player Statistics For 2003 Davehawks (AVD) Totals After 152 Games


NAME              BAVG  GM  AB   R   H 2B 3B HR RBI  BB  SO HB SH DP  SB CS  E
J.Kent            .312 147 593 109 185 35  3 43 128  51  99  2  0 16   6  2 18
A.Pujols          .304 145 556  76 169 30  0 33 104  51  63  7  0 14   2  4 12
S.Alomar Jr.      .302  80 285  37  86 10  0  9  40   6  34  1  0 11   1  0  0
D.Ward            .295  29  44  10  13  4  0  3   8   3   7  0  0  2   0  0  0
F.McGriff         .273 130 469  72 128 30  2 26  79  64  82  2  0 12   4  2  4
J.Vizcaino        .265 132 559  70 148 16  1  5  33  40  61  0  2  7   3  9 11
M.Grissom         .260  98 277  42  72 15  5 15  42  18  51  1  0  3   3  2  3
K.Lofton          .251 133 467  74 117 30  1 10  43  49  57  0  8  5  17  9  0
A.Beltre          .250 147 533  59 133 19  2 17  56  36  81  9  0 15   6  3 16
J.Burnitz         .244  67  82  11  20  0  0  3   7  10  20  1  0  5   3  2  0
M.Mordecai        .242  37  91  12  22  4  0  0   9   5  20  0  1  6   1  1  3
A.Galarraga       .239  63  88   9  21  3  0  3   9   8  31  2  0  1   0  0  2
R.Sanders         .228 134 482  59 110 16  6 26  71  37 115 15  1 15  16  5  4
D.Miller          .227  86 255  28  58 11  0  8  24  24  82  5  0  6   0  0  0
R.Taylor          .221  42  68  13  15  3  1  1   6   3  23  2  0  0   7  3  0
F.Tatis           .154  24  26   2   4  0  0  1   2   2   6  0  0  0   0  1  2
C.Miller          .000   5  11   0   0  0  0  0   0   1   4  2  0  0   0  0  0
J.McEwing         ----   0   0   0   0  0  0  0   0   0   0  0  0  0   0  0  0
ALL PITCHERS      .175 152 331  24  58  5  0  6  24  12 123  0 39  5   0  0  7
----------------- ---- --- --- --- --- -- -- -- --- --- --- -- -- -- --- -- --
TEAM TOTALS       .260    5217    1359    21    685     959    51     69    82
                       152     707    231   209     420     49   123     43


NAME               ERA  W  L   PCT   G GS CG SH SV    IP   H   R  ER HR  BB  SO
B.Puffer          3.01  1  2  .333  49  0  0  0  1  77.2  73  26  26  2  52  50
J.Acevedo         3.17  2  3  .400  58  0  0  0 26  65.1  56  25  23  1  27  34
B.Meadows         3.51  3  2  .600  10 10  1  0  0  66.2  64  29  26  3  16  31
D.Veres           3.59  3  6  .333  61  0  0  0  6  95.1  76  41  38 11  46  76
C.Hernandez       3.88  7  3  .700  17 17  1  1  0 106.2  97  50  46  5  54  77
P.Munro           3.94  5  6  .455  42  7  0  0  1  89.0 103  41  39  7  30  49
K.Rueter          3.96 11 11  .500  31 31  5  2  0 204.1 238  96  90 24  41  76
A.Benes           4.02  8  5  .615  19 17  3  2  0 103.0  93  49  46 11  53  59
M.Lincoln         4.38  8  8  .500  62  0  0  0  6  90.1  98  48  44 14  36  71
O.Daal            4.39 13  8  .619  28 28  3  0  0 170.0 166  98  83 22  66 119
D.Coggin          4.67  4  7  .364  35  8  0  0  1  86.2  83  47  45  5  61  66
J.Washburn        4.78 11 15  .423  34 34  2  0  0 209.0 206 121 111 29  79 140
R.Villone         ----  0  0  ----   0  0  0  0  0   0.0   0   0   0  0   0   0
S.Estes           ----  0  0  ----   0  0  0  0  0   0.0   0   0   0  0   0   0
ALL NON-PITCHERS  ----  0  0  ----   0  0  0  0  0   0.0   0   0   0  0   0   0
Team                                          2                   +0
----------------- ---- -- -- ----- --- -- -- -- -- ----- --- --- --- -- --- ---
TEAM TOTALS       4.07    76       152    15    41      1353     617    561
                       76     .500    152     7   1364.0     671    134     848

Primary Player Statistics For 2003 Dou's Crew (DOU) Totals After 152 Games


NAME              BAVG  GM  AB   R   H 2B 3B HR RBI  BB  SO HB SH DP  SB CS  E
L.Castillo        .337 147 624  98 210 20  2  2  43  46  82  6  4  3  93 32 12
C.Stynes          .333  14  15   7   5  0  0  2   5   1   1  0  0  0   0  0  1
K.Robinson        .316  52  38   7  12  3  1  0   3   3   4  0  0  0   2  4  0
D.Erstad          .306  43 111  14  34  3  0  1   2   1   4  0  5  4   9  0  0
D.Bell            .306  47 170  20  52 15  2  8  23  13  20  2  5  8   1  2  4
C.Jones           .303 143 518  85 157 33  1 28  96  82  89  5  0 14   8  3  4
K.Griffey Jr.     .295  81 122  24  36  7  0  3  16  18  23  4  0  6   0  0  2
A.Sanchez         .289 105 325  51  94 13  7  2  39  28  50  1  7  2  55 14  1
M.Lieberthal      .260 137 493  62 128 26  1 13  70  27  52 23  0 12   0  0  9
V.Guerrero        .254  51 193  26  49  7  0  6  25  22  16  1  0 11  21  4  1
G.Sheffield       .254 118 406  51 103 20  0 15  68  68  68 18  0 16   8  2  1
T.Houston         .252  75 278  22  70 15  4  5  34  20  58  2  0  4   1  0 13
B.Butler          .251  83 203  26  51  9  3  5  27  13  31  4  0  5   1  0  5
R.Klesko          .246 137 472  68 116 34  2 19  78  74  85  9  0 13   7  2 12
B.Larkin          .216 149 495  43 107 28  0  3  40  35  61  3  6 10  14  4 16
M.Franco          .207  34  29   3   6  1  0  1   4   5   6  0  0  0   0  0  0
J.Valentin        .186  47  43   4   8  3  0  0   4   4  10  0  0  1   0  0  0
R.Thompson        .185 102 108  10  20  4  4  1  11  17  27  1  0  2   1  0  0
B.Buchanan        .179  66  95   6  17  2  0  2   5   8  28  2  0  2   1  1  1
B.Estalella       .167  10  18   2   3  1  0  1   2   1   5  0  0  0   0  0  0
P.Bako            .109  29  55   5   6  2  0  1   2   3   9  0  0  1   0  0  0
ALL PITCHERS      .127 152 316  15  40  5  0  5  24  10 121  0 40  0   0  0 12
----------------- ---- --- --- --- --- -- -- -- --- --- --- -- -- -- --- -- --
TEAM TOTALS       .258    5127    1324    27    621     850    67    222    94
                       152     649    251   123     499     81   114     68


NAME               ERA  W  L   PCT   G GS CG SH SV    IP   H   R  ER HR  BB  SO
Z.Day             0.00  0  0  ----   4  0  0  0  0   3.1   3   0   0  0   1   4
S.Reed            1.97  6  2  .750  66  0  0  0  1  86.2  71  21  19  4  20  58
J.Eischen         2.35  3  3  .500  55  0  0  0  2  69.0  57  19  18  2  22  56
O.Perez           2.70 20  6  .769  35 34  5  0  0 243.1 226  82  73 31  50 176
H.Mercado         2.78  1  4  .200  22  0  0  0  0  32.1  26  10  10  0  24  36
T.Worrell         2.83  4  2  .667  78  0  0  0  4  95.1  70  31  30  2  40  71
J.Isringhausen    2.95  4  8  .333  67  0  0  0 35  61.0  65  24  20  2  33  63
J.Beckett         3.08  7  7  .500  22 21  0  0  0 114.0  85  42  39 14  37 123
K.Ishii           3.12  5  0 1.000   9  9  0  0  0  52.0  30  19  18  5  32  46
S.Strickland      3.31  2  2  .500  64  0  0  0  3  68.0  55  32  25  6  30  71
D.Stark           3.63  8  6  .571  22 22  0  0  0 119.0  92  52  48 13  61  61
D.Plesac          3.86  1  3  .250  46  0  0  0  2  32.2  34  14  14  6  17  35
S.Stewart         3.86  0  0  ----   2  0  0  0  0   2.1   4   1   1  0   0   3
A.Sele            4.32  5  4  .556   9  9  0  0  0  50.0  71  24  24  6  11  21
J.Schmidt         4.38  8  7  .533  20 20  0  0  0 123.1 123  64  60 21  49 145
S.Trachsel        4.52  7 13  .350  27 27  1  1  0 163.1 167  89  82 10  78 102
B.Penny           5.36  0  4  .000  10 10  0  0  0  45.1  66  31  27  7  16  25
P.Quantrill       ----  0  0  ----   0  0  0  0  0   0.0   0   0   0  0   0   0
ALL NON-PITCHERS  ----  0  0  ----   0  0  0  0  0   0.0   0   0   0  0   0   0
Team                                         10                   -2
----------------- ---- -- -- ----- --- -- -- -- -- ----- --- --- --- -- --- ---
TEAM TOTALS       3.35    71       152     6    47      1245     506    521
                       81     .533    152    11   1361.0     555    129    1096

Primary Player Statistics For 2003 Evenson Odd Dau (EVE) Totals After 152 Games


NAME              BAVG  GM  AB   R   H 2B 3B HR RBI  BB  SO HB SH DP  SB CS  E
D.Bautista        .329  55 161  25  53  2  0  9  31   4  23  0  0  2   4  1  0
T.Helton          .308 149 585  95 180 27  5 24  84  70  95  8  0 19   5  2  6
G.Kingsale        .302  97 232  34  70 11  2  0  15  18  50  5  1  4   7  2  3
Q.McCracken       .301 108 396  64 119 25  7  9  40  47 100  4  2  4   4  4  1
E.Alfonzo         .299 118 458  61 137 26  0 15  50  55  52  5  0  5   2  2  8
B.Giles           .286 141 441  85 126 29  2 29  79 107  70 12  0 15  10  0  3
T.Wigginton       .285  38 130  26  37  8  1  9  20   3  23  3  0  3   2  0 10
G.Blum            .270 112 233  27  63 13  2  9  29  23  47  0  0  9   1  0  2
R.Alomar          .269 152 550  67 148 25  5  9  86  48  67  0  3  4  12  3  7
V.Wilson          .268  60 168  21  45 11  0  6  32   4  37  5  0  4   0  0  4
T.Womack          .257 146 541  57 139 11  5  4  67  39  86  4  8 13  21 10 21
C.Kreuter         .248  40 101   9  25  9  0  2  10   5  39  0  0  4   0  0  2
D.Roberts         .242 128 409  62  99 10  8  1  47  55  51  2  2  7  42  8  0
K.Stinnett        .204  27  98  14  20  1  0  4   7  10  32  0  0  0   1  0  1
T.Hundley         .197  75 238  25  47  8  0 10  38  22  80  2  0  5   0  0 10
A.Hyzdu           .162 116 167  25  27  5  0 13  27  24  59  0  0  2   0  0  0
ALL PITCHERS      .112 152 295  18  33  6  1  0  12  15 105  0 34  6   0  0  3
----------------- ---- --- --- --- --- -- -- -- --- --- --- -- -- -- --- -- --
TEAM TOTALS       .263    5203    1368    38    674    1016    50    111    81
                       152     715    227   153     549     50   106     32


NAME               ERA  W  L   PCT   G GS CG SH SV    IP   H   R  ER HR  BB  SO
S.Chacon          0.00  1  0 1.000   1  1  0  0  0   6.0   3   0   0  0   3   3
L.Vizcaino        1.34  7  2  .778  66  0  0  0 36  80.1  51  13  12  4  33  80
T.Spooneybarger   2.15  1  1  .500  20  0  0  0  0  29.1  20  10   7  4  13  25
M.Guthrie         2.43  1  1  .500  33  0  0  0  0  33.1  30  10   9  2  13  22
J.Brower          2.75  2  1  .667  46  0  0  0  7  91.2  62  28  28  8  36  67
S.Sullivan        2.81  0  0  ----  15  0  0  0  1  16.0  14   5   5  0   7  17
T.Armas Jr.       3.21 12  7  .632  30 30  0  0  0 159.2 138  77  57 17  69 119
M.Yoshii          3.22 10  3  .769  25 18  0  0  0 120.1 110  46  43 10  21  59
A.Burnett         3.56  5  3  .625   9  9  2  1  0  68.1  56  29  27  6  29  58
B.Looper          3.86  4  1  .800  49  0  0  0  4  53.2  48  23  23  6  16  34
J.Fogg            3.94 14 11  .560  36 36  0  0  0 191.2 189  94  84 27  77  96
R.Stone           3.96  4  4  .500  41  0  0  0  2  61.1  69  33  27  4  45  47
J.Peavy           3.98  4  7  .364  20 19  0  0  0 104.0 108  51  46  7  32  90
M.Koplove         4.50  4  4  .500  37  0  0  0  0  52.0  51  29  26  5  29  36
D.Weathers        4.55  3  5  .375  55  0  0  0  1  85.0  79  55  43 12  41  55
A.Ashby           5.39 10 10  .500  25 23  0  0  0 123.2 144  82  74 16  41  73
P.Astacio         6.42  2  6  .250  16 16  0  0  0  75.2  79  59  54 17  35  62
D.Mlicki          9.00  0  2  .000   5  0  0  0  0   5.0   9   6   5  1   5   2
J.Bere            ----  0  0  ----   0  0  0  0  0   0.0   0   0   0  0   0   0
ALL NON-PITCHERS  ----  0  0  ----   0  0  0  0  0   0.0   0   0   0  0   0   0
Team                                         10                   +0
----------------- ---- -- -- ----- --- -- -- -- -- ----- --- --- --- -- --- ---
TEAM TOTALS       3.78    68       152     2    51      1260     570    545
                       84     .553    152    11   1357.0     650    146     945

Primary Player Statistics For 2003 Hocking Kongs (HOC) Totals After 152 Games


NAME              BAVG  GM  AB   R   H 2B 3B HR RBI  BB  SO HB SH DP  SB CS  E
S.Green           .305 151 567 109 173 34  1 44 105  89 112  4  0 26   8  5  4
O.Cabrera         .289  36  45   8  13  2  0  0   3   5   3  0  0  0   5  2  0
T.Walker          .274 146 609  72 167 28  2  8  46  47  65  3  9 12   5  3  2
T.Lee             .258 151 543  51 140 32  2 12  78  52 110  0  0 24  10  2  5
P.Lo Duca         .256 150 606  73 155 45  0  5  45  36  34 11 10 22   2  0  7
R.Ledee           .249  72 225  33  56 17  1  9  39  50  60  2  0  5   4  3  6
M.Tucker          .247  77 170  17  42 10  2  0  14  20  49  0  3  0   9  2  3
J.Drew            .244  83 160  22  39  6  0  9  26  14  42  1  1  1   1  0  3
J.Lugo            .241  89 282  33  68 14  0  9  41  30  66  2  1  8   8  3 11
T.Glaus           .230 149 543  73 125 17  3 22  73  87 146  3  0  9   4  3 16
J.Michaels        .222  86 108  17  24  8  3  4  12  18  39  2  0  0   2  0  1
R.Martinez        .215  71 191  19  41  6  1  5  24  12  25  9  0  2   3  1  4
C.Moeller         .214  39  42   5   9  0  0  1   1   4   8  0  0  0   0  0  2
B.Gil             .213  50  94   8  20  3  1  0   3   4  22  0  0  0   1  1  3
A.Dunn            .211 148 502  69 106 24  5 20  69 116 155 13  1  9  14  4  9
M.Grace           .105  26  19   1   2  0  0  0   1   7   2  0  0  0   0  0  0
C.Hermansen       ----   0   0   0   0  0  0  0   0   0   0  0  0  0   0  0  0
R.Gonzalez        ----   0   0   0   0  0  0  0   0   0   0  0  0  0   0  0  0
W.Nieves          ----   0   0   0   0  0  0  0   0   0   0  0  0  0   0  0  0
ALL PITCHERS      .149 152 336  23  50  9  0  1  18  14 110  0 48  6   0  0 11
----------------- ---- --- --- --- --- -- -- -- --- --- --- -- -- -- --- -- --
TEAM TOTALS       .244    5042    1230    21    598    1048    73     76    87
                       152     633    255   149     605     50   124     29


NAME               ERA  W  L   PCT   G GS CG SH SV    IP   H   R  ER HR  BB  SO
R.Johnson         2.68 21  9  .700  36 36  5  4  0 255.1 179  85  76 36  74 303
D.Graves          3.12  5  4  .556  17 17  1  1  0 109.2 102  42  38  6  18  68
J.D'Amico         3.45 10  7  .588  24 24  1  1  0 156.1 158  60  60 17  31 106
M.Jackson         3.78  1  3  .250  41  0  0  0  2  52.1  55  24  22  3   7  32
A.Benitez         4.59  3  8  .273  58  0  0  0 29  68.2  59  37  35 11  38  78
J.Roa             4.66  3  3  .500  40  2  1  1  0  65.2  84  34  34  6  11  21
R.Ortiz           4.80  9 18  .333  34 34  1  0  0 215.2 233 121 115 26 122 145
J.Beimel          5.01  0  1  .000  40  0  0  0  1  64.2  60  41  36  7  27  45
J.Haynes          5.09  6 14  .300  33 33  0  0  0 199.2 200 121 113 26  85 118
A.Alfonseca       5.12  6  7  .462  45  0  0  0  8  65.0  63  39  37  7  43  44
C.Silva           8.74  3  7  .300  48  0  0  0  0  68.0 108  70  66  2  24  33
R.Person          9.10  1  3  .250   6  6  0  0  0  28.2  33  30  29  5  24   7
S.Eyre            ----  0  0  ----   0  0  0  0  0   0.0   0   0   0  0   0   0
ALL NON-PITCHERS  ----  0  0  ----   0  0  0  0  0   0.0   0   0   0  0   0   0
Team                                          6                   -1
----------------- ---- -- -- ----- --- -- -- -- -- ----- --- --- --- -- --- ---
TEAM TOTALS       4.40    84       152     9    40      1334     660    504
                       68     .447    152    13   1349.2     704    152    1000

Primary Player Statistics For 2003 Johnny Be Goods (FEJ) Totals After 152 Games


NAME              BAVG  GM  AB   R   H 2B 3B HR RBI  BB  SO HB SH DP  SB CS  E
J.Ortiz           .333  33  33   6  11  3  0  0   2   3   4  0  0  2   0  0  1
L.Harris          .317 115 183  26  58 10  2  1  24  16  14  0  0  5   1  1  3
C.Wilson          .306  98 242  38  74  9  3 13  40  14  78 14  0  2   0  1  6
L.Walker          .303  75 267  54  81 18  4  7  39  52  47  6  0  8   5  1  2
J.Payton          .302 143 550  75 166 27  8 10  80  31  79  3  0 13   9  4  1
R.Sexson          .301 138 469  67 141 35  0 20  71  64  91 11  0 12   0  0  4
D.Eckstein        .291 146 585  82 170 17  4  7  39  31  56 20 38 15  19  6  7
G.Anderson        .279 144 594  90 166 51  4 25 105  29  74  0  0 13   1  1  1
P.Wilson          .277  62 238  29  66 10  2  8  42  26  72  0  0  3  15  3  5
A.Kennedy         .271 142 487  47 132 37  6  7  53  31  79  9  3  6  13  2 13
M.Williams        .266  58 139  15  37  9  1  7  29   6  30  0  0  7   1  0  3
R.Gutierrez       .246  55 142  21  35  3  0  4   9  15  17  0  0  6   0  0  4
R.Ventura         .237 135 443  67 105 23  0 16  44  98  98  2  0  9   3  5 13
J.Lopez           .232  81 203  14  47 11  0  6  20  10  44  4  0  7   0  0  5
J.Girardi         .194  84 273  18  53  7  1  1  18  14  51  0  0  9   0  0  5
K.Osik            .160  36  81   2  13  3  0  1   9   7  23  2  0  2   0  0  0
A.Nunez           .140  48  50   6   7  0  0  0   1   5  17  0  0  1   4  0  2
ALL PITCHERS      .142 152 296  18  42  5  0  0  13   9 118  0 40  2   0  0  3
----------------- ---- --- --- --- --- -- -- -- --- --- --- -- -- -- --- -- --
TEAM TOTALS       .266    5275    1404    35    638     992    81     71    78
                       152     675    278   133     461     71   122     24


NAME               ERA  W  L   PCT   G GS CG SH SV    IP   H   R  ER HR  BB  SO
J.Borowski        1.59  1  2  .333  30  0  0  0  2  45.1  32   9   8  4  16  55
B.Kim             3.10  6  4  .600  67  0  0  0 19  98.2  71  40  34  8  38 104
L.Pote            3.23  2  6  .250  54  0  0  0  3  64.0  48  25  23  9  28  46
S.Shields         3.27  4  4  .500  46  0  0  0  1  55.0  41  20  20  5  25  33
J.Middlebrook     3.32  3  2  .600  33  4  0  0  1  59.2  67  22  22  3  28  51
V.De Los Santos   3.33  6  6  .500  62  0  0  0  2  75.2  53  32  28  5  39  53
K.Appier          4.04  9 11  .450  31 31  0  0  0 171.1 181  84  77 14  62 112
T.Glavine         4.07 15 13  .536  38 38  0  0  0 225.2 207 104 102 28  82 128
D.Kile            4.29  6  5  .545  17 17  0  0  0  92.1 103  44  44  8  33  44
B.Tomko           4.60 12  6  .667  39 38  0  0  0 203.1 207 112 104 27  65 153
J.Hamilton        4.84 10  9  .526  24 24  0  0  0 132.0 134  77  71 11  66  91
E.Gagne           5.10  1  4  .200  39  0  0  0 15  47.2  49  27  27  7  21  67
K.Ligtenberg      5.58  0  2  .000  62  0  0  0  0  71.0  68  47  44 10  36  55
J.Fassero         9.00  1  2  .333  16  0  0  0  0  23.0  33  23  23  4  12  14
J.Anderson        ----  0  0  ----   0  0  0  0  0   0.0   0   0   0  0   0   0
J.Wright          ----  0  0  ----   0  0  0  0  0   0.0   0   0   0  0   0   0
S.Kim             ----  0  0  ----   0  0  0  0  0   0.0   0   0   0  0   0   0
ALL NON-PITCHERS  ----  0  0  ----   0  0  0  0  0   0.0   0   0   0  0   0   0
Team                                          5                   +0
----------------- ---- -- -- ----- --- -- -- -- -- ----- --- --- --- -- --- ---
TEAM TOTALS       4.14    76       152     0    43      1294     627    551
                       76     .500    152     5   1364.2     666    143    1006

Primary Player Statistics For 2003 Lowoncash (CAS) Totals After 152 Games


NAME              BAVG  GM  AB   R   H 2B 3B HR RBI  BB  SO HB SH DP  SB CS  E
M.Derosa          .366  73  82   8  30  4  4  1  14   4  10  0  0  0   1  0  1
K.Millar          .300 131 473  57 142 52  1 17  72  56  79  4  0 22   0  0  3
P.Polanco         .296 106 287  35  85 15  0  1  28  13  26  3 12  8   2  2  2
B.Hunter          .278 104 126  19  35 14  1  2  16   7  36  1  0  3   0  2  0
E.Owens           .270 122 437  40 118 23  5  0  35  30  49  0  4  3  32  8  6
J.Snow            .270  52  63   8  17  2  0  0   4   9  18  0  0  2   0  0  0
J.Rollins         .243 152 608  81 148 31  7  5  30  61 108  3  8  6  33 17 12
T.Zeile           .237 105 325  44  77 15  0  6  34  38  67  0  0  9   2  0  4
S.Spiezio         .236 146 552  61 130 32  1  6  56  78  52  6  0 16   7  9  3
C.Biggio          .233 151 523  51 122 27  2 10  57  70  92 16  1 18   9  2 10
M.Matheny         .231 112 347  26  80 19  1  0  32  31  61  1  1  6   0  2  2
R.Hidalgo         .229  76 227  22  52 13  2  3  30  23  50  3  0  5   5  2  1
R.Castro          .222  60  54  11  12  0  0  6  10   6  16  0  0  0   0  0  0
D.Glanville       .183 152 524  39  96 13  2  3  43  35  75  0 22  4  20  8  0
J.Fabregas        .161  55 143  13  23  5  0  5  15   8  16  0  0  3   0  0  3
T.Shinjo          .081  66  37   5   3  0  1  0   4   3   4  2  1  1   0  0  0
G.Zaun            ----   0   0   0   0  0  0  0   0   0   0  0  0  0   0  0  0
ALL PITCHERS      .185 152 298  17  55 10  0  0  21  15 101  0 40  1   1  0  4
----------------- ---- --- --- --- --- -- -- -- --- --- --- -- -- -- --- -- --
TEAM TOTALS       .240    5106    1225    27    501     860    89    112    51
                       152     537    275    65     487     39   107     52


NAME               ERA  W  L   PCT   G GS CG SH SV    IP   H   R  ER HR  BB  SO
J.Witasick        2.62  7  5  .583  56  0  0  0  3  89.1  76  27  26  2  34  66
C.Schilling       2.64 11  5  .688  24 24  6  5  0 170.2 155  51  50 18  31 205
V.Nunez           2.73  5  4  .556  61  0  0  0  1  95.2  63  35  29  5  41  64
W.Williams        3.19  7  7  .500  21 21  0  0  0 113.0 100  45  40 15  33  80
B.Neal            3.34  4  3  .571  24  0  0  0  0  35.0  29  13  13  1  15  35
J.Thomson         3.35 11  9  .550  24 24  3  1  0 163.2 155  63  61 25  34  88
M.Williams        3.72  1  3  .250  55  0  0  0 19  75.0  70  31  31  4  32  51
G.Maddux          3.81  8 13  .381  32 32  2  2  0 205.1 222 100  87 24  46 104
K.Brown           3.82  3  5  .375  11 11  0  0  0  68.1  62  33  29 11  28  58
A.Lopez           3.86  5  2  .714  33  3  0  0  2  67.2  70  31  29  1  28  50
J.Jimenez         4.54  1  8  .111  60  0  0  0 16  79.1  95  42  40 10  17  58
J.Lieber          4.83  3 15  .167  26 26  0  0  0 141.2 162  78  76 24  23  90
B.Penny           7.08  2  5  .286  11 11  0  0  0  61.0  90  49  48 13  20  35
A.Almanza         ----  0  0  ----   0  0  0  0  0   0.0   0   0   0  0   0   0
K.Saarloos        ----  0  0  ----   0  0  0  0  0   0.0   0   0   0  0   0   0
A.Levine          ----  0  0  ----   0  0  0  0  0   0.0   0   0   0  0   0   0
M.Herges          ----  0  0  ----   0  0  0  0  0   0.0   0   0   0  0   0   0
ALL NON-PITCHERS  ----  0  0  ----   0  0  0  0  0   0.0   0   0   0  0   0   0
Team                                          4                   +0
----------------- ---- -- -- ----- --- -- -- -- -- ----- --- --- --- -- --- ---
TEAM TOTALS       3.68    84       152    11    41      1349     559    382
                       68     .447    152    12   1365.2     598    153     984

Primary Player Statistics For 2003 Morgen Grinders (MOR) Totals After 152 Games


NAME              BAVG  GM  AB   R   H 2B 3B HR RBI  BB  SO HB SH DP  SB CS  E
B.Bonds           .380 149 500 147 190 36  2 47 127 174  69  8  0  9   7  1  6
M.Ensberg         .331  43 121  38  40 12  1  7  16  21  16  2  0  0   1  0  5
M.Redmond         .320  82 272  17  87 25  0  1  35  20  36  5  0  6   0  0  4
E.Karros          .314  60 140  18  44 13  1  3  38  22  14  1  0  5   0  0  0
E.Durazo          .297  88 236  58  70 17  2 24  68  53  67  4  0  5   0  0  4
M.Cairo           .286  35  77  12  22  7  4  0  10   6  13  1  3  0   0  1  2
J.Vidro           .282 145 556  65 157 26  7 13 115  61  84  5  7 20   1  1  8
B.Ausmus          .281 111 331  34  93 11  2  6  50  34  59  2  0 13   2  5  1
L.Walker          .280  61 250  48  70 13  1  8  34  36  40  4  0  3   4  4  1
J.Edmonds         .265 140 513  93 136 27  6 20  99  85 152  8  0 16   4  1  4
J.Wilson          .262 150 577  59 151 22  3  5  67  41  69  6 13 14   5  1 19
A.Fox             .238 134 491  75 117 10  5  4  31  55 108 10  1  9  44  7 13
J.Guillen         .231   6  13   1   3  1  0  0   1   0   3  0  0  1   0  0  0
J.Giambi          .228 105 224  55  51 11  0 10  28  60  81  4  0  8   0  0  2
D.Erstad          .227  94 365  44  83 15  1  3  28  19  43  1  6  7   5  1  0
M.Little          .195  39  41  20   8  2  1  0   2   7  18  2  1  0   0  0  1
P.Wilson          .148  44  54   8   8  2  0  1   2  13  17  0  0  4   5  1  2
G.Norton          .139  82  72   8  10  2  0  2   4  15  26  0  0  0   0  0  3
ALL PITCHERS      .163 152 343  23  56 11  0  0  19  17 123  0 53  4   0  0 13
----------------- ---- --- --- --- --- -- -- -- --- --- --- -- -- -- --- -- --
TEAM TOTALS       .270    5176    1396    36    774    1038    84     78    88
                       152     823    263   154     739     63   124     23


NAME               ERA  W  L   PCT   G GS CG SH SV    IP   H   R  ER HR  BB  SO
D.Smith           1.23  1  1  .500  61  0  0  0  0  36.2  12   6   5  1  11  21
S.Stewart         2.19  7  5  .583  72  0  0  0 45  82.1  57  20  20  8  33  76
J.Cruz            2.19 10  4  .714  70  1  0  0  3 102.2  69  26  25 10  59  89
C.Schilling       2.55 10  2  .833  13 13  7  3  0  98.2  82  31  28  9  15 111
G.Mota            2.66 11  3  .786  70  0  0  0  2  88.0  70  28  26  6  35  65
O.Perez*          2.89 11  1  .917  15 15  1  1  0  96.2  71  31  31 11  45  98
B.Boehringer      3.13  4  0 1.000  23  0  0  0  0  31.2  27  11  11  2  10  32
J.Eischen         3.18  0  0  ----   3  0  0  0  2   5.2   5   2   2  0   3   6
C.Reitsma         3.27  7  5  .583  21 21  3  1  0 129.1 136  48  47 10  42  63
C.Finley          3.56  7  2  .778  19 19  0  0  0 118.2 115  52  47 11  42 104
J.Fikac           4.50  0  0  ----   5  0  0  0  1   4.0   4   2   2  1   3   2
D.Neagle          4.52 15  4  .789  28 27  0  0  1 173.1 167  91  87 19  80 122
J.Tavarez         4.94  0  0  ----  15  0  0  0  0  23.2  24  14  13  2  14  12
C.Zambrano        4.94  5  6  .455  17 17  0  0  0  94.2  88  57  52 10  73  87
T.Tucker          5.20  3  0 1.000  40  0  0  0  4  55.1  64  35  32  5  31  39
M.Hampton         5.33  2  2  .500   5  5  0  0  0  27.0  36  16  16  4   8  15
J.Jennings        5.56  8  8  .500  22 22  0  0  0 126.1 150  85  78 13  45  83
M.Herges          5.68  0  1  .000   4  0  0  0  0   6.1   9   4   4  2   1   3
R.Dempster        5.80  3  4  .429  12 12  0  0  0  63.2  85  47  41  6  25  45
B.Penny           ----  0  0  ----   0  0  0  0  0   0.0   0   0   0  0   0   0
ALL NON-PITCHERS  ----  0  0  ----   0  0  0  0  0   0.0   0   0   0  0   0   0
Team                                          6                   -1
----------------- ---- -- -- ----- --- -- -- -- -- ----- --- --- --- -- --- ---
TEAM TOTALS       3.73    48       152    11    58      1271     566    575
                      104     .684    152    11   1364.2     606    130    1073

Primary Player Statistics For 2003 Rivercrypts (SEG) Totals After 152 Games


NAME              BAVG  GM  AB   R   H 2B 3B HR RBI  BB  SO HB SH DP  SB CS  E
G.Bennett         .379  20  29   3  11  1  0  0   3   1   7  2  0  0   0  0  1
S.Burroughs       .322  74 183  15  59  8  0  0  16  14  29  2  0  3   0  2  6
G.Kapler          .289  40  38   9  11  0  0  1   5   1   6  0  0  2   2  1  0
D.Dellucci        .283  72  60  11  17  6  0  3  12   8  16  0  0  5   0  1  0
P.Burrell         .274 141 536  71 147 35  1 30 102  82 151  4  0  9   2  0  3
W.Helms           .273   8  22   3   6  1  0  1   3   0   8  0  0  1   1  0  0
J.Bagwell         .272 145 559  89 152 31  0 31  81  86 125  7  0 13   6  3  5
R.Aurilia         .252 143 583  74 147 32  5 25  70  45  95  3 17 17   0  5 21
A.Jones           .234 145 530  61 124 29  0 21  74  90 125 10  0 19   3  2  0
B.Wilkerson       .231 150 594  93 137 18  9 22  43  98 176  3  5  4   6  3 10
M.Barrett         .229 114 297  30  68 12  2 12  31  27  61  2  2 11   7  1 10
M.Bellhorn        .227 141 484  57 110 19  1 26  62  90 161  6  0 14   4  3 10
M.Anderson        .227  56 176  10  40  4  0  2   9   6  21  0  0  6   2  0  6
E.Marrero         .223  97 310  28  69 15  2 12  33  27  70  0  0  5   5  2 15
S.Casey           .200  31  25   4   5  1  0  0   1   3   2  0  0  0   0  0  0
M.Alou            .194  63  93   9  18  6  1  3   8  11  17  0  0  2   0  1  0
A.Boone           .189 106 323  32  61 12  0 13  30  24  73  7 14  3  11  2 19
A.Rios            ----   2   0   0   0  0  0  0   0   0   0  0  0  0   0  0  0
R.Barajas         ----   0   0   0   0  0  0  0   0   0   0  0  0  0   0  0  0
ALL PITCHERS      .089 152 327  15  29  3  0  1  11  13 140  0 44  3   0  0  8
----------------- ---- --- --- --- --- -- -- -- --- --- --- -- -- -- --- -- --
TEAM TOTALS       .234    5169    1211    21    594    1283    82     49   114
                       152     614    233   203     626     46   117     26


NAME               ERA  W  L   PCT   G GS CG SH SV    IP   H   R  ER HR  BB  SO
J.Smoltz          2.47  6  8  .429  71  0  0  0 43  91.0  65  28  25  3  36  85
B.Villafuerte     2.70  1  0 1.000  10  0  0  0  2  13.1  12   4   4  2   7   9
J.Riedling        2.79  4  4  .500  48  0  0  0  1  51.2  41  17  16  2  25  30
M.Dejean          3.07  2  0 1.000  55  0  0  0  1  70.1  59  26  24  6  38  60
S.Schoeneweis     3.37  7  4  .636  29 18  1  1  1 125.2 119  55  47 13  45  76
B.Lawrence        3.51 16 10  .615  35 35  2  1  0 217.2 239  97  85 13  49 161
V.Padilla         3.54 14  9  .609  33 33  2  0  0 221.1 220  92  87 16  71 146
S.Williamson      3.54  4  3  .571  35  0  0  0  2  48.1  43  24  19  3  31  52
S.Sauerbeck       3.57  2  3  .400  55  0  0  0  0  35.1  36  17  14  5  15  41
T.Ohka            3.65  8 12  .400  32 32  0  0  0 197.0 204  96  80 21  58 110
K.Millwood        3.69 14 13  .519  36 34  3  1  0 224.2 193 102  92 23  63 154
S.Kline           3.97  4  1  .800  54  0  0  0  1  56.2  55  28  25  4  26  32
K.Gryboski        4.04  2  1  .667  41  0  0  0  2  49.0  48  23  22  4  25  25
ALL NON-PITCHERS  ----  0  0  ----   0  0  0  0  0   0.0   0   0   0  0   0   0
Team                                          6                   +0
----------------- ---- -- -- ----- --- -- -- -- -- ----- --- --- --- -- --- ---
TEAM TOTALS       3.47    68       152     8    53      1334     540    489
                       84     .553    152     9   1402.0     609    115     981

Primary Player Statistics For 2003 Russell M'Ups (FER) Totals After 152 Games


NAME              BAVG  GM  AB   R   H 2B 3B HR RBI  BB  SO HB SH DP  SB CS  E
Y.Torrealba       .306  52  72   6  22  6  0  2  11   5  17  3  2  1   0  0  0
E.Young           .290 151 611  63 177 37  4  2  49  32  56  4  7 11  42 14  8
J.Kendall         .287 144 499  47 143 19  4  5  48  56  38  9  1 14  14  4 12
P.Nevin           .278  60 209  26  58 10  0  9  29  11  53  0  0  2   0  0 15
B.Jordan          .276 142 558  77 154 26  5 21  88  39 106  3  0 24   1  1  3
J.Pierre          .272 144 599  68 163 14  3  3  30  46  50  6  7  5  47 18  0
J.Uribe           .268  56  56   5  15  3  0  0   7   3   7  1  1  0   1  0  4
R.Furcal          .268 148 534  50 143 27 13  7  71  40 100  3  4  8  11  9 27
S.Sosa            .264  68 250  43  66 12  1 18  46  37  69  3  0  6   1  0  3
M.Lowell          .260  76 269  43  70 18  0 14  32  38  43  4  0  4   5  0  7
D.Lee             .254 152 574  97 146 42  1 24  86 102 171  5  0 14  19  4 14
V.Castilla        .226  46  62   9  14  4  0  5  10   3   7  3  0  2   1  0  0
O.Merced          .226 106 164  12  37  5  1  2  12   9  33  0  0  8   1  0  1
J.Encarnacion     .220  76 304  32  67 12  1  5  32  21  74  2  1 10  12  4  0
R.Lankford        .188  44  64   4  12  2  0  0   6  11  16  1  0  2   0  1  0
H.Bush            .188  47  16   8   3  0  0  0   0   1   6  0  0  1   1  0  1
M.Giles           .179  47  56   3  10  2  1  0   3   5  14  0  0  1   0  0  0
G.Jenkins         .154  62  65   5  10  6  0  0   3   5  17  2  0  4   1  1  0
ALL PITCHERS      .177 152 294  19  52 12  1  3  23   9  96  0 43  4   0  0 13
----------------- ---- --- --- --- --- -- -- -- --- --- --- -- -- -- --- -- --
TEAM TOTALS       .259    5256    1362    35    586     973    66    157   108
                       152     617    257   120     473     49   121     56


NAME               ERA  W  L   PCT   G GS CG SH SV    IP   H   R  ER HR  BB  SO
M.Fetters         2.56  3  1  .750  50  0  0  0  2  59.2  48  22  17  4  43  47
M.Timlin          2.65  5  1  .833  63  0  0  0  1  91.2  71  27  27 11  14  60
R.Ortiz*          3.53 15 10  .600  32 32  2  1  0 217.0 182  98  85 28  50 158
T.Hoffman         3.56  5  3  .625  47  0  0  0 24  60.2  60  24  24  2  19  66
M.Crudale         3.71  1  4  .200  50  0  0  0  5  68.0  71  29  28  4  20  67
J.Speier          3.98  4  2  .667  42  0  0  0  2  61.0  54  29  27  7  22  42
W.Miller          4.05 11 10  .524  29 29  3  2  0 173.1 165  90  78 17  71 165
C.Finley          4.50  2  9  .182  14 14  1  0  0  82.0  70  47  41  6  46  72
J.Patterson       4.54  2  3  .400  24  0  0  0  1  35.2  34  21  18  8   9  37
T.Jones           4.70  0  2  .000  66  0  0  0  3  84.1  87  46  44 13  39  95
L.Hernandez       5.25 10 20  .333  35 35  2  1  0 216.0 261 129 126 25  93 134
J.Lackey          5.64  3 12  .200  22 22  0  0  0 121.1 143  80  76 19  42  79
M.Hampton         5.96  5  9  .357  20 20  0  0  0  99.2 125  76  66 13  48  44
B.Reames          ----  0  0  ----   0  0  0  0  0   0.0   0   0   0  0   0   0
N.Cruz            ----  0  0  ----   0  0  0  0  0   0.0   0   0   0  0   0   0
N.Figueroa        ----  0  0  ----   0  0  0  0  0   0.0   0   0   0  0   0   0
R.Cormier         ----  0  0  ----   0  0  0  0  0   0.0   0   0   0  0   0   0
ALL NON-PITCHERS  ----  0  0  ----   0  0  0  0  0   0.0   0   0   0  0   0   0
Team                                          2                   -4
----------------- ---- -- -- ----- --- -- -- -- -- ----- --- --- --- -- --- ---
TEAM TOTALS       4.29    86       152     8    38      1371     653    516
                       66     .434    152     6   1370.1     718    157    1066

Primary Player Statistics For 2003 Skramalonians (SKR) Totals After 152 Games


NAME              BAVG  GM  AB   R   H 2B 3B HR RBI  BB  SO HB SH DP  SB CS  E
J.Garcia          .318   7  22   2   7  1  0  0   1   0   5  0  0  0   0  0  0
S.Wooten          .315  51 130  10  41 15  0  0  11  11  28  2  0  4   0  0  3
D.Hansen          .301  52 143  13  43 11  0  1  12  11  30  0  0  2   1  0  2
J.Franco          .288 100 274  28  79 12  2  3  27  23  61  1  0  9   1  1  5
M.Benard          .287  39 136  11  39 10  2  1  13   6  21  0  1  1   6  0  2
V.Guerrero        .268 100 362  56  97 18  1 19  58  46  58  4  0 13  19  3  2
T.Pratt           .261  62 119  12  31  6  0  1  10  18  33  8  0  2   3  0  1
M.Kotsay          .254  91 343  47  87 11  4  8  37  37  48  1  0  7  13  2  1
G.Zaun            .250  11  16   1   4  0  0  0   0   0   2  0  0  0   0  0  1
R.Henderson       .249  91 197  22  49  8  1  3   9  35  67  6  0  1   3  5  3
W.Guerrero        .246  21  65   5  16  3  0  0   0   4  18  0  1  0   1  1  1
F.Vina            .243 152 568  50 138 29  4  0  44  40  41 13  7 14  17  6 12
J.Molina          .241  32  79   2  19  5  0  0   3   5  25  0  2  0   0  0  2
T.Goodwin         .235  90 170  32  40  6  1  1  11  22  36  0  0  2  22  7  3
R.Machado         .226  73 235  13  53 13  0  1  21  13  46  2  3  9   0  0  7
A.Ramirez         .220 141 514  41 113 19  1 17  71  31 104  4  0 16   3  0 18
C.Patterson       .217 132 525  57 114 20  8 12  43  12 123 10  4  6  14  4  1
D.Cruz            .216 107 213  19  46 10  0  1  13   6  25  0  2 10   4  1  7
R.Belliard        .200  48  50   8  10  2  0  2  10   5  10  0  1  3   0  0  1
W.Gonzalez        .200  45 155  12  31  9  0  1   9  22  22  1  0  7   0  0  5
R.Ordonez         .185 124 410  18  76 18  0  0  26  17  33  2 15 16   1  2 14
J.Cabrera         .000   7  24   0   0  0  0  0   0   1   2  0  0  2   0  0  0
ALL PITCHERS      .108 152 279  12  30  7  0  1  11  14 112  0 37  1   0  0 12
----------------- ---- --- --- --- --- -- -- -- --- --- --- -- -- -- --- -- --
TEAM TOTALS       .231    5029    1163    24    440     950    73    108   103
                       152     471    233    72     379     54   125     32


NAME               ERA  W  L   PCT   G GS CG SH SV    IP   H   R  ER HR  BB  SO
J.Rijo            0.82  0  0  ----   8  0  0  0  0  11.0   8   1   1  1   1   9
B.Looper          1.31  3  2  .600  29  0  0  0  0  48.0  23   7   7  4  19  24
J.Schmidt         2.15  3  2  .600  10 10  1  1  0  62.2  44  17  15  4  28  69
P.Quantrill       2.51  0  1  .000  27  0  0  0  0  32.1  35  13   9  1  14  25
B.Donnelly        2.72  4  4  .500  60  0  0  0 10  72.2  53  25  22  5  42  60
B.Colon           2.75  9  7  .563  24 24  0  0  0 153.2 114  48  47  9  53 105
A.Burnett         3.06  8  5  .615  20 20  1  1  0 138.1 104  53  47 11  52 127
D.Holmes          3.49  0  2  .000  28  0  0  0 17  28.1  21  12  11  3   5  32
M.Guthrie         3.55  1  2  .333  17  0  0  0  5  12.2   8   7   5  2   3  12
B.Myers           3.62  4  3  .571  11 11  1  1  0  64.2  56  27  26  8  31  39
K.Ishii           3.71  5  6  .455  17 17  0  0  0 104.1  67  44  43 16  68  96
T.Spooneybarger   4.05  3  4  .429  42  0  0  0  0  46.2  34  24  21  3  32  22
S.Reynolds        4.80  3  7  .300  11 11  0  0  0  54.1  55  30  29 10  19  27
G.Carrara         4.83  9  7  .563  84  0  0  0  1 117.1 105  69  63 26  46  63
M.Tejera          4.88  4 16  .200  28 25  0  0  0 125.1 136  78  68 17  61  83
J.Vazquez         5.12  0  7  .000  11 11  0  0  0  65.0  66  41  37  4  29  53
T.Redding         5.56  0  1  .000  18  0  0  0  1  22.2  27  17  14  2  17  21
S.Chacon          5.68  1  7  .125  13 12  0  0  0  57.0  62  42  36 11  32  36
G.Lloyd           6.35  0  4  .000  54  0  0  0  2  72.1  95  58  51 13  29  45
C.Pavano          7.16  0  8  .000  12 11  0  0  0  60.1  81  49  48  8  26  52
G.Stephenson      ----  0  0  ----   0  0  0  0  0   0.0   0   0   0  0   0   0
B.Moehler         ----  0  0  ----   0  0  0  0  0   0.0   0   0   0  0   0   0
M.Koplove         ----  0  0  ----   0  0  0  0  0   0.0   0   0   0  0   0   0
ALL NON-PITCHERS  ----  0  0  ----   0  0  0  0  0   0.0   0   0   0  0   0   0
Team                                          7                   -6
----------------- ---- -- -- ----- --- -- -- -- -- ----- --- --- --- -- --- ---
TEAM TOTALS       3.96    95       152     3    36      1194     594    607
                       57     .375    152    10   1349.2     662    158    1000

Primary Player Statistics For 2003 Slattery Incarn (SLA) Totals After 152 Games


NAME              BAVG  GM  AB   R   H 2B 3B HR RBI  BB  SO HB SH DP  SB CS  E
W.Cordero         .396  22  48   7  19  5  0  4  14   5   9  1  0  0   0  0  0
K.Griffey Jr.     .355  36 121  12  43  2  0  2  12  19  24  1  0  1   1  1  3
M.Franco          .321  76 159  26  51 10  2 11  30  13  26  0  0  4   0  0  3
B.Abreu           .318  92 321  51 102 23  3 10  39  60  63  3  0  4  22 11  3
G.Colbrunn        .297  71 111  14  33  7  5  6  13  14  22  0  0  4   0  0  2
M.Grudzielanek    .261  25  23   3   6  1  0  1   2   0   3  0  0  1   0  0  0
B.Petrick         .250   4   8   5   2  0  0  1   1   1   3  0  0  0   0  0  0
B.Trammell        .247  94 247  31  61 15  1  9  32  26  43  3  0  3   0  0  3
R.Cedeno          .243 139 511  50 124 15  0  3  22  39  95  4  7  7  28 11  5
P.Reese           .240 124 463  44 111 28  1  1  26  38  76  3 16  9  12  2  8
D.Minor           .240  65 192  16  46  8  0  9  26  22  36  3  0  5   0  0  1
C.Stynes          .239  32 117  11  28  5  1  2  12  14  19  2  1  1   0  0  6
B.Molina          .225 131 449  21 101 15  0  2  24   7  45  5  2 12   0  0  2
C.Izturis         .216 138 501  29 108 23  1  1  26  12  50  0  5  8   8  4  6
D.Bell            .214 100 360  32  77 23  0 12  37  43  54  2  3 15   2  3 11
A.Brown           .199  85 186  14  37  8  1  2  14  18  34  3  1  5   7  2  2
M.Stairs          .195 113 297  33  58 14  0 13  42  32  66 12  0  6   0  0  2
H.Blanco          .188  59 101   7  19  1  0  5  14   5  29  0  0  2   0  0  1
T.Hubbard         .186  83 140  18  26  2  0  0   4   8  39  0  0  4  12  4  6
K.Lockhart        .164  67 189  12  31  5  3  0  13   8  41  0  3  1   0  0  5
S.Dunston         .163  35  92   3  15  2  0  0   3   1  14  0  2  0   1  0  5
E.Perez           .163  63 172  16  28  2  0  8  24  11  46  6  0  9   0  0  6
M.Benjamin        .000   4  11   0   0  0  0  0   0   1   4  0  0  0   0  0  1
ALL PITCHERS      .153 152 307  19  47  5  0  2  18  17 115  0 22  3   0  0  9
----------------- ---- --- --- --- --- -- -- -- --- --- --- -- -- -- --- -- --
TEAM TOTALS       .229    5126    1173    18    448     956    62     93    90
                       152     474    219   104     414     48   104     38


NAME               ERA  W  L   PCT   G GS CG SH SV    IP   H   R  ER HR  BB  SO
R.Nen             0.91  0  1  .000  35  0  0  0 28  49.2  30   5   5  1  13  57
B.Boehringer      1.31  6  1  .857  43  0  0  0  3  62.0  42  12   9  2  20  47
P.Quantrill       1.72  0  1  .000  46  0  0  0  1  57.2  55  16  11  1  19  38
A.Leiter          3.15  8  8  .500  22 22  1  1  0 131.1 110  53  46 16  41 111
C.Zerbe           3.30  4  5  .444  62  0  0  0  3  79.0  83  31  29  2  25  35
R.King            3.62  3  4  .429  79  0  0  0  0  92.0  87  42  37 10  35  67
M.Morris          3.70 12 12  .500  34 34  1  1  0 214.0 224  96  88 16  81 179
F.Rodriguez       3.92  3  6  .333  65  0  0  0  1  87.1  78  40  38 10  52  79
H.Nomo            4.37  5 21  .192  38 38  0  0  0 218.1 197 113 106 21 117 181
J.Simontacchi     4.57  8 12  .400  25 25  0  0  0 136.0 146  75  69 12  53  75
K.Wells           5.37  1  7  .125  11 11  0  0  0  63.2  82  39  38  9  16  49
T.Percival        5.50  1  3  .250  16  0  0  0  4  18.0  14  12  11  3  11  21
L.Hackman         5.66  2  3  .400  14  8  0  0  0  47.2  63  32  30 10  21  26
L.Pineda          5.79  1  3  .250  24  0  0  0  0  37.1  32  24  24  6  25  39
T.Adams           5.99  2  8  .200  14 14  0  0  0  73.2  90  55  49  9  39  61
Z.Day             8.31  1  0 1.000  11  0  0  0  2   4.1   4   4   4  1   3   1
ALL NON-PITCHERS  ----  0  0  ----   0  0  0  0  0   0.0   0   0   0  0   0   0
Team                                         10                   -1
----------------- ---- -- -- ----- --- -- -- -- -- ----- --- --- --- -- --- ---
TEAM TOTALS       3.89    95       152     2    42      1337     593    571
                       57     .375    152    12   1372.0     649    129    1066
