Primary Player Statistics For 2004 Avery Tards (AVC) Totals After 152 Games


NAME              BAVG  GM  AB   R   H 2B 3B HR RBI  BB  SO HB SH DP  SB CS  E
B.Fullmer         .500  14  10   2   5  1  0  0   1   3   5  1  0  0   0  0  0
J.Michaels        .359  20  39  10  14  0  0  7  13   4   9  0  0  0   0  0  1
M.Loretta         .316  93 374  62 118 18  0 10  42  37  33  1 13  5   4  1  4
R.Vazquez         .308  64 198  29  61 17  3  1  15  27  41  0  0  0   2  2  2
C.Jones           .300 148 586  90 176 51  4 22  94  82  91  0  0 14   1  3  4
P.Burrell         .300  12  10   1   3  1  0  0   0   2   3  0  0  0   0  0  0
V.Castilla        .288 136 555  70 160 30  1 28  87  24  77  2  0 23   0  0 18
J.Reyes           .286  93 297  37  85 10  3  3  29  23  36  0  3  0  11  1  8
T.Pratt           .278  77 115  20  32 10  1  6  18  23  33  7  0  1   0  0  0
A.Jones           .257 100 385  61  99 12  2 28  66  50  75  3  0 10   3  0  2
J.Snow            .255  99 161  21  41 11  0  1  17  44  31  6  0  7   2  1  2
A.Cora            .254  23  67   4  17  3  2  0   9   1   6  3  1  0   1  0  3
J.Thome           .242 103 372  71  90 15  3 33  83  75 130  4  0  4   0  0  4
M.Matheny         .241 112 377  40  91 17  2  9  43  23  67  1  4 10   0  0  0
E.Marrero         .241  23  54   9  13  4  0  0   2   5   7  0  0  0   0  0  1
J.Encarnacion     .235 141 528  58 124 30  3 15  54  44  74  4  4 12   6  0  0
T.Perez           .218  61 170  17  37  8  0  2  25  10  39  0  0  4   0  0  2
M.Kotsay          .199  42 151  13  30 10  2  0  10  25  32  0  0  9   0  0  1
A.Gonzalez        .187  68 209  22  39 14  0  3  16  12  54  2  0 11   1  1  3
K.Griffey Jr      .175  33  63   8  11  2  0  2  11  10  24  2  0  2   1  0  1
K.Osik            .173  20  52   2   9  3  0  0   3   7   7  0  0  1   0  0  0
M.Franco          .171  20  35   2   6  0  0  0   0   7   7  0  0  5   0  0  0
A.Dunn            .134  36  67   6   9  3  0  2   3  10  29  3  0  2   2  0  0
A.Fox             .125  16   8   2   1  0  0  0   1   0   3  2  0  1   0  0  1
J.Duncan          .115  22  26   8   3  0  0  0   0   3   9  0  0  0   0  1  0
ALL PITCHERS      .165 152 328  24  54  9  0  0  14  17 113  0 45  1   0  0 15
----------------- ---- --- --- --- --- -- -- -- --- --- --- -- -- -- --- -- --
TEAM TOTALS       .254    5237    1328    26    656    1035    70     34    72
                       152     689    279   172     568     41   122     10


NAME               ERA  W  L   PCT   G GS CG SH SV    IP   H   R  ER HR  BB  SO
D.Miceli          1.29  1  0 1.000   6  0  0  0  0   7.0   6   3   1  1   2   7
E.Gagne           1.55  3  2  .600  78  0  0  0 45  93.0  59  16  16  1  31 150
W.Miller          1.94  7  1  .875  12 12  0  0  0  79.0  60  19  17  0  35  71
K.Wood            2.96 17 10  .630  35 32  2  0  1 231.0 148  78  76 34 105 282
R.Wolf            3.23 11  5  .688  27 27  4  3  0 175.2 147  66  63 18  60 153
E.Dessens         3.38  1  1  .500   3  3  0  0  0  16.0  14   6   6  0   4  11
B.Villafuerte     3.41  2  3  .400  22  0  0  0  0  34.1  28  13  13  3  19  23
J.Witasick        3.44  4  4  .500  38  0  0  0  0  36.2  38  18  14  6  18  35
B.Myers           3.92  4  4  .500  13 13  0  0  0  66.2  66  29  29  7  30  43
J.Beckett         3.96 11  2  .846  18 18  0  0  0 104.2 104  51  46  7  38 106
W.Franklin        4.17  5  4  .556  23 15  0  0  0  86.1  77  41  40 12  37  45
J.Speier          4.26  6  3  .667  67  0  0  0  1  93.0  97  45  44 13  35  92
A.Good            4.32  4  2  .667  18 11  0  0  0  73.0  64  36  35 11  24  40
B.Fuentes         4.44  4  4  .500  75  0  0  0  2  97.1  82  51  48 13  49 108
G.Stephenson      4.62  2  3  .400  12 12  0  0  0  62.1  62  33  32 14  26  19
T.Martin          5.17  5  5  .500  50  0  0  0  4  47.0  33  27  27 13  20  39
T.Percival        5.32  1  2  .333  22  0  0  0  1  22.0  15  14  13  3  20  21
P.Munro           5.40  0  1  .000   3  1  0  0  0   8.1  15   5   5  2   3   7
K.Saarloos        6.30  1  0 1.000   7  0  0  0  0  10.0   9   7   7  1   8  11
M.Redman          6.34  2  5  .286   8  8  1  1  0  44.0  51  32  31  7  18  39
L.Vizcaino        ----  0  0  ----   0  0  0  0  0   0.0   0   0   0  0   0   0
ALL NON-PITCHERS  ----  0  0  ----   0  0  0  0  0   0.0   0   0   0  0   0   0
Team                                         11                   +0
----------------- ---- -- -- ----- --- -- -- -- -- ----- --- --- --- -- --- ---
TEAM TOTALS       3.65    61       152     7    54      1175     563    582
                       91     .599    152    15   1387.1     590    166    1302

Primary Player Statistics For 2004 B-Rads (CO2) Totals After 152 Games


NAME              BAVG  GM  AB   R   H 2B 3B HR RBI  BB  SO HB SH DP  SB CS  E
K.Osik            .364  27  77  18  28  4  0  0   6  11   9  2  0  1   0  0  1
G.Zaun            .333   9  24   3   8  0  0  1   4   0   4  0  0  1   0  1  1
L.Gonzalez        .332  58 190  29  63 18  0  6  29  34  28  1  0  7   1  0  2
M.Loretta         .311  53 206  22  64 12  1  5  32  27  28  1  0  6   2  1  3
M.Byrd            .295  73 281  43  83 17  3  2  16  32  58  5  5  2   3  0  2
X.Nady            .284  62 204  27  58 15  1  8  22   9  46  3  0  7   3  1  1
E.Karros          .272 102 169  22  46  9  1  5  25  28  34  0  0 11   2  0  4
T.Martinez        .263 143 471  50 124 26  4 10  60  38  82 10  0 12   0  0  6
J.Michaels        .263  41  76  17  20  9  0  3  13  17  21  0  0  1   0  0  3
D.Bautista        .259 107 332  23  86 14  2  3  39  19  60  4  0  8   1  3  5
J.Hernandez       .256  67 129  12  33  4  2  2  14  11  34  0  0  2   1  0  1
W.Helms           .253  66 245  30  62 13  0 12  31  16  72  5  0 11   0  0  6
P.Lo Duca         .236 131 496  59 117 25  3  5  40  22  50 10 12 11   0  0  6
A.Everett         .234  76 282  28  66  9  5  9  24  14  48  4 14  6   1  0 10
A.Gonzalez        .221  53 190  19  42 11  0  5  16  14  50  2  0 11   0  0  1
T.Hollandsworth   .214  37  84   6  18  8  0  0   9   7  17  0  0  1   1  1  2
A.Cora            .213  91 286  22  61 14  2  3  30  13  37  9  0  7   1  1 11
J.McEwing         .209  98 239  17  50  9  0  1  14  17  47  3  6  6   0  0  1
P.Burrell         .209  83 225  19  47 22  1  4  24  41  66  1  0  6   0  0  4
A.Beltre          .198  84 334  27  66 19  1  9  28   6  68  5  0 19   0  0 11
J.Duncan          .176  37  34   9   6  1  0  1   1   3   9  0  1  0   6  0  1
E.Owens           .176  64 205  18  36  7  0  0  14  13  25  1  2  1   9  5  4
E.Marrero         .140  29  50   2   7  1  0  0   1   2  11  0  0  1   0  0  1
A.Fox             .130  23  23   3   3  0  1  0   0   3   5  2  0  1   0  0  1
ALL PITCHERS      .127 152 276  12  35  4  0  1  14  16 104  0 28  6   0  0 14
----------------- ---- --- --- --- --- -- -- -- --- --- --- -- -- -- --- -- --
TEAM TOTALS       .240    5128    1229    27    506    1013    68     31   102
                       152     537    271    95     413     68   145     13


NAME               ERA  W  L   PCT   G GS CG SH SV    IP   H   R  ER HR  BB  SO
B.Webb            1.60  9  1  .900  12 11  3  2  0  84.1  55  16  15  6  30  78
M.Remlinger       2.87  3  4  .429  67  0  0  0  4  91.0  65  33  29  6  53 100
J.Brower          3.14  1  1  .500  28  5  0  0  2  57.1  57  22  20  5  33  43
S.Torres          3.39  5  0 1.000  43  3  0  0  0  71.2  64  28  27  7  19  58
M.Williams        4.18  2  1  .667  21  0  0  0  0  23.2  20  11  11  0  19  11
B.Duckworth       4.33  2  3  .400  16  9  0  0  0  62.1  55  30  30  9  26  39
D.Holmes          4.34  1  0 1.000  46  0  0  0  0  45.2  48  25  22  4  14  56
C.Pavano          4.38  2  9  .182  15 15  1  0  0  88.1  95  45  43 11  20  52
D.Willis          4.39  5  4  .556  16 16  0  0  0  84.0  92  48  41  9  32  79
B.Looper          4.60  5 10  .333  73  0  0  0 15  92.0 130  51  47  5  39  79
W.Miller          5.13  5 11  .313  19 18  1  0  0 114.0 115  67  65 16  50  86
J.Fernandez       5.32  0  3  .000  54  0  0  0  1  44.0  53  30  26  2  18  27
E.Oropesa         5.34  1  1  .500  34  0  0  0  0  28.2  42  22  17  3  18  29
T.Phelps          5.48  0  0  ----  49  1  0  0  2  21.1  24  13  13  1   6  17
A.Eaton           5.52  4 19  .174  31 31  2  0  0 179.1 219 124 110 27  75 149
J.Isringhausen    6.17  0  2  .000  20  0  0  0  3  11.2  12   9   8  2   9  13
A.Harang          6.55  2  8  .200  10 10  0  0  0  57.2  70  43  42  7  26  30
O.Perez           6.68  3 12  .200  20 20  1  0  0  98.1 105  74  73 17  64 107
J.Jennings        8.01  2  8  .200  13 13  0  0  0  60.2  89  60  54  8  36  44
G.Rusch          10.40  1  2  .333  22  0  0  0  0  40.2  69  53  47  5  21  31
ALL NON-PITCHERS  ----  0  0  ----   0  0  0  0  0   0.0   0   0   0  0   0   0
Team                                          3                   +0
----------------- ---- -- -- ----- --- -- -- -- -- ----- --- --- --- -- --- ---
TEAM TOTALS       4.91    99       152     8    27      1479     740    608
                       53     .349    152     5   1356.2     804    150    1128

Primary Player Statistics For 2004 Co Operators (COO) Totals After 152 Games


NAME              BAVG  GM  AB   R   H 2B 3B HR RBI  BB  SO HB SH DP  SB CS  E
T.Helton          .374 152 583 122 218 59  3 29 122 111  78  1  0 27   0  0 13
A.Pujols          .373  74 284  61 106 26  0 18  69  43  36  8  0  9   0  1  0
A.Cintron         .359  51 153  26  55  9  5  4  28  12  11  0  1  2   3  0  2
A.Everett         .351  24  57  11  20  2  0  2   8   4  10  2  1  0   1  0  1
L.Gonzalez        .343  68 248  45  85 27  1  9  48  32  21  1  0 10   1  1  2
L.Castillo        .337 151 667 112 225 22  4  8  52  49  76  1  5 10  28 17  8
M.Redmond         .324  49 108  14  35  7  3  0  14   3  12  5  0  4   0  0  0
B.Mueller         .313 132 479  74 150 31  3  9  49  52  90  9  0 13   1  0 19
P.Feliz           .299  95 211  33  63  9  5 12  43  29  50  1  0 11   1  2  4
J.Cabrera         .293  76 256  25  75 22  5  6  35  12  51  3  0 10   7  2  5
E.Chavez          .290  92 269  52  78 14  5  2  24  31  46  0  3 11  15  4  1
L.Berkman         .275  73 276  43  76 17  2  9  42  45  76  5  0 13   1  0  3
G.Zaun            .271  17  48   2  13  2  0  0   3   5   5  0  0  0   0  0  1
M.Bellhorn        .270  38  37   7  10  1  0  0   1  12  14  0  0  0   0  1  0
A.Kearns          .266  96 290  47  77 12  0 12  43  54  82  5  0  6   3  2  1
R.Sanders         .263  38  80  14  21  3  1  3  18  12  18  2  0  3   1  0  0
P.Reese           .250  13  16   2   4  0  0  0   2   2   2  0  0  0   1  0  1
A.Gonzalez        .240 119 388  42  93 17  8 15  60  16  81 10  0  9   0  0  5
C.Johnson         .228 115 390  57  89 21  0 23  80  56  92  1  0 21   1  0  3
B.Ausmus          .222  24  45   6  10  1  0  1   6   7   9  1  0  0   1  0  0
R.Taylor          .218  69 101  17  22  4  2  4  23   5  39  2  0  3   5  1  0
W.Pena            .184  30  38   1   7  0  0  0   2   1  13  0  0  1   2  0  0
ALL PITCHERS      .149 152 356  25  53  8  1  2  26  12 138  0 47  3   0  0 14
----------------- ---- --- --- --- --- -- -- -- --- --- --- -- -- -- --- -- --
TEAM TOTALS       .295    5380    1585    48    798    1050    57     72    83
                       152     838    314   168     605     57   166     31


NAME               ERA  W  L   PCT   G GS CG SH SV    IP   H   R  ER HR  BB  SO
J.Isringhausen    0.89  0  0  ----  23  0  0  0 18  20.1  11   2   2  0   9  21
C.Capuano         1.47  1  0 1.000  26  0  0  0  0  18.1   7   3   3  1   4  11
T.Spooneybarger   1.76  1  0 1.000  40  0  0  0  1  30.2  23   8   6  0  10  29
S.Schoeneweis     2.25  4  0 1.000  30  0  0  0  0  44.0  37  11  11  1  10  45
B.Colon           2.89  8  3  .727  15 15  1  0  0  99.2  96  39  32 10  22  82
M.Prior           3.37 19  7  .731  33 32  7  1  1 227.0 188  92  85 17  71 252
J.Lopez           3.71  5  4  .556  62  0  0  0  1  70.1  73  31  29  7  20  32
P.Shuey           3.81  4  3  .571  58  0  0  0  2  75.2  76  34  32 10  42  62
T.Gordon          3.94  1  5  .167  56  0  0  0 24  77.2  79  36  34 10  27 102
R.Oswalt          4.28 12  3  .800  22 22  1  1  0 128.1 133  64  61 22  29 127
S.Ponson          4.55 18 11  .621  35 35  4  1  0 227.2 234 123 115 30  72 151
M.Batista         5.05 10 11  .476  32 28  0  0  0 158.2 186  99  89 24  54 118
B.Weber           5.36  1  3  .250  37  0  0  0  1  48.2  62  33  29 11   8  32
D.Oliver          5.60  6  7  .462  18 18  0  0  0  98.0 119  63  61 14  45  40
B.Boehringer      6.00  0  2  .000   9  0  0  0  0   9.0  13   6   6  4   4  11
J.Cruz            6.15  0  0  ----  16  2  0  0  0  26.1  32  20  18  0  18  29
D.Weathers        7.62  0  3  .000  11  0  0  0  0  13.0  16  13  11  3   4   8
C.Tsao            ----  0  0  ----   0  0  0  0  0   0.0   0   0   0  0   0   0
J.Beimel          ----  0  0  ----   0  0  0  0  0   0.0   0   0   0  0   0   0
ALL NON-PITCHERS  ----  0  0  ----   0  0  0  0  0   0.0   0   0   0  0   0   0
Team                                          5                   +0
----------------- ---- -- -- ----- --- -- -- -- -- ----- --- --- --- -- --- ---
TEAM TOTALS       4.09    62       152    13    48      1385     624    449
                       90     .592    152     8   1373.1     677    164    1152

Primary Player Statistics For 2004 Davehawks (AVD) Totals After 152 Games


NAME              BAVG  GM  AB   R   H 2B 3B HR RBI  BB  SO HB SH DP  SB CS  E
A.Pujols          .299  72 261  36  78 19  0 16  43  36  33  4  0  6   3  1  4
M.Derosa          .295  67 139  18  41 10  0  4  20   7  23  3  0 10   2  0  1
L.Berkman         .285  68 256  42  73 17  3 11  42  42  49  9  0  3   3  2  0
K.Lofton          .282 136 568  87 160 33  7  9  45  40  60  4  5  7  52 15  3
S.Hillenbrand     .279 146 559  63 156 38  0 21  63  36  77  6  0 28   1  0 23
R.Klesko          .264 122 409  66 108 23  0 26  76  70  75  4  0 16   4  4  3
M.Cairo           .260  43  77  10  20  2  0  3  10   0  12  5  0  1   3  0  5
B.Hart            .249 106 349  30  87 14  9  4  31  18  75  6  3  3   1  5  7
D.Miller          .241  99 253  33  61 14  2 12  39  30  66  1  2  6   0  1  2
R.Sanders         .228  58 224  22  51 12  0 10  28  22  51  4  0  6   5  2  1
B.Ausmus          .227  85 255  25  58  8  2  1  18  27  39  4  0  3   1  1  0
A.Galarraga       .227  96 163  13  37  9  0  5  14  19  38  1  0  3   0  3  1
D.Eckstein        .224 150 568  78 127 28  1  6  49  58  73 13 15  6  20  5  7
T.Salmon          .221 133 330  41  73 12  0 15  64  41  78  9  0  7   1  0  8
H.Mateo           .215  66  79  11  17  1  1  0   2  13  22  0  0  1   5  3  1
J.Burnitz         .211 100 209  28  44 12  0 13  40  14  48  2  1  5   3  2  2
G.Norton          .210  36  62   5  13  7  0  1   5   8  24  0  0  0   1  0  3
M.Bellhorn        .183  36  60   8  11  5  0  0   3  11  16  0  0  3   1  0  3
J.Macias          .176   8  17   3   3  0  1  1   4   1   6  0  0  0   0  0  3
P.Bako            .000   7   4   0   0  0  0  0   0   0   2  0  0  0   0  0  0
R.Cedeno          ----   0   0   0   0  0  0  0   0   0   0  0  0  0   0  0  0
M.Grace           ----   0   0   0   0  0  0  0   0   0   0  0  0  0   0  0  0
T.Womack          ----   0   0   0   0  0  0  0   0   0   0  0  0  0   0  0  0
ALL PITCHERS      .139 152 295  15  41  2  0  0  12  17 116  0 42  1   0  0  7
----------------- ---- --- --- --- --- -- -- -- --- --- --- -- -- -- --- -- --
TEAM TOTALS       .245    5137    1259    26    608     983    68    106    84
                       152     634    266   158     510     75   115     44


NAME               ERA  W  L   PCT   G GS CG SH SV    IP   H   R  ER HR  BB  SO
R.King            2.37  5  2  .714  45  0  0  0  3  64.2  48  20  17  6  34  40
O.Dotel           3.03  4  5  .444  41  0  0  0 12  59.1  44  21  20  7  26  69
P.Wilson          3.30  3  2  .600   5  5  0  0  0  30.0  25  12  11  5   7  21
D.Wheeler         3.81  3  3  .500  59  0  0  0 10  75.2  70  32  32  8  32  64
S.Randolph        3.84  1  2  .333  64  0  0  0  1  79.2  58  37  34  8  66  80
G.Stephenson      4.19  4  4  .500  11 11  0  0  0  62.1  52  30  29 13  26  26
M.Redman          4.20  5  7  .417  18 18  1  1  0 113.2 109  56  53 16  47  90
M.Gallo           4.62  1  0 1.000  41  0  0  0  1  48.2  43  25  25  7  21  25
J.Seo             4.81 11 11  .500  31 31  4  1  0 190.2 214 108 102 25  43 101
D.Stark           4.83  6  7  .462  61  3  0  0  2  87.2  95  49  47 13  43  29
L.Vizcaino        4.96  2  1  .667  22  0  0  0  2  32.2  35  18  18  8   9  28
A.Leiter          5.24  5 15  .250  30 30  1  1  0 185.1 190 112 108 22 101 145
S.Hitchcock       5.40  3  6  .333  43  8  1  0  0  63.1  74  43  38 12  29  45
R.Villone         6.01  4 11  .267  18 18  2  0  0 112.1 121  77  75 23  56  89
R.Helling         6.35  4 15  .211  28 28  1  1  0 153.0 159 111 108 41  52  98
ALL NON-PITCHERS  ----  0  0  ----   0  0  0  0  0   0.0   0   0   0  0   0   0
Team                                          4                   +0
----------------- ---- -- -- ----- --- -- -- -- -- ----- --- --- --- -- --- ---
TEAM TOTALS       4.75    91       152    10    31      1337     717    592
                       61     .401    152     8   1359.0     751    214     950

Primary Player Statistics For 2004 Dou's Crew (DOU) Totals After 152 Games


NAME              BAVG  GM  AB   R   H 2B 3B HR RBI  BB  SO HB SH DP  SB CS  E
M.Piazza          .313  81 192  37  60 14  0 16  46  27  40  1  0  5   0  0  3
S.Casey           .300  76 150  20  45  2  0  2  18  10  10  0  0  4   1  1  3
J.Spivey          .279  94 262  38  73 20  2 12  43  27  56  1  0  5   2  1  7
B.Larkin          .272  92 349  37  95 21  0  1  27  25  47  2  3 11   0  0 16
B.Santiago        .264 120 398  42 105 27  2  9  35  20  70  2  0  8   0  0  2
C.Biggio          .262 120 389  58 102 29  3 11  35  30  69 23  5  0   7  6  0
R.Mondesi         .261 147 567  87 148 33  9 33  81  69 116  3  0  9   8  4  6
J.Drew            .257  96 319  50  82 17  1 15  39  37  61  5  0  5   0  2  2
F.Vina            .255  78 267  24  68 16  3  5  29  11  24 14  2  5   4  2 12
M.Kotsay          .250  68 168  23  42 14  3  4  24  12  34  0  0  3   1  1  2
R.Aurilia         .236 104 301  35  71 19  1 11  31  27  54  0  4 13   1  0 10
E.Alfonzo         .223 146 512  48 114 23  1 18  65  55  48  7  1 17   0  1 13
A.Jones           .222  49 189  28  42  8  0 11  27  27  43  0  0  3   0  0  0
A.Dunn            .216  66 199  42  43  5  0 14  29  45  68  8  0  4   2  0  9
K.Griffey Jr      .214  54 145  20  31  7  1 11  29  22  41  3  0  2   0  1  1
J.Thome           .210  49 186  29  39 11  1 12  36  31  67  3  0  3   0  0  3
B.Buchanan        .203  79 177  16  36  9  1  4  16  17  47  5  0  5   3  0  7
E.Guzman          .190  22  63   6  12  2  0  0   6   3   8  0  0  2   0  0  2
J.Bell            .190  24  63   9  12  4  0  0   1  10  17  0  2  0   0  0  2
O.Merced          .167  14  30   3   5  1  0  0   0   2   4  0  0  1   0  0  1
M.Franco          ----   0   0   0   0  0  0  0   0   0   0  0  0  0   0  0  0
ALL PITCHERS      .120 152 301  15  36  8  0  0  14  12 105  0 46  3   0  0  6
----------------- ---- --- --- --- --- -- -- -- --- --- --- -- -- -- --- -- --
TEAM TOTALS       .241    5227    1261    28    631    1029    63     29   107
                       152     667    290   189     519     77   108     19


NAME               ERA  W  L   PCT   G GS CG SH SV    IP   H   R  ER HR  BB  SO
D.Burba           1.99  1  3  .250  19  0  0  0  3  22.2  18   5   5  3   7  19
T.Percival        3.45  4  4  .500  28  0  0  0  9  28.2  25  12  11  6  11  31
J.Beckett         3.55  4  3  .571   8  8  0  0  0  50.2  42  22  20  4  21  57
G.Maddux          3.87 11 13  .458  36 36  5  2  0 223.0 240 117  96 26  42 132
P.Feliciano       4.08  5  5  .500  58  0  0  0  0  81.2  86  46  37 11  36  79
R.Biddle          4.23  1  6  .143  69  0  0  0 10  76.2  72  41  36  9  43  59
B.Lidge           4.29  4  4  .500  65  0  0  0  4 100.2  82  49  48  9  56 126
K.Ishii           4.35  5  9  .357  28 27  0  0  0 147.0 120  80  71 16 104 163
J.Marquis         4.47  0  1  .000  31  0  0  0  0  44.1  55  29  22  7  15  24
M.Tejera          5.01  3  6  .333  84  0  0  0  1 100.2 113  60  56  5  53  90
S.Trachsel        5.01 11 16  .407  39 36  0  0  1 212.0 227 126 118 27  60 133
J.Foppert         5.67  7  9  .438  32 19  0  0  1 114.1 122  78  72 22  72 122
D.Plesac          6.46  1  2  .333  27  0  0  0  1  30.2  34  24  22  5  17  27
K.Jarvis          6.89  1  4  .200   7  7  0  0  0  32.2  45  25  25  8  10  13
E.Dessens         7.14  1  8  .111  21 19  0  0  0  98.1 136  87  78 17  41  67
ALL NON-PITCHERS  ----  0  0  ----   0  0  0  0  0   0.0   0   0   0  0   0   0
Team                                          3                   -2
----------------- ---- -- -- ----- --- -- -- -- -- ----- --- --- --- -- --- ---
TEAM TOTALS       4.72    93       152     5    30      1417     715    588
                       59     .388    152     5   1364.0     801    175    1142

Primary Player Statistics For 2004 Evenson Odd Dau (EVE) Totals After 152 Games


NAME              BAVG  GM  AB   R   H 2B 3B HR RBI  BB  SO HB SH DP  SB CS  E
S.Podsednik       .310 152 620 121 192 29  8 10  52  75  92  3  5  6  57 14  1
A.Kennedy         .290  99 345  50 100 13  0 14  54  28  51 13  6  6  16  1  4
W.Helms           .277  47 137  20  38  8  0 10  32  14  37  0  0  5   0  0  5
R.Martinez        .262  95 248  23  65 15  0  0  23  23  50  1  1  4   1  0  6
L.Walker          .262 142 527  78 138 28  5 14  68 101 107 11  0 14   7  2  1
B.Wilkerson       .255 149 568  84 145 37  2 18  78  84 177  5  0 10  21  6  4
J.Conine          .252 109 306  28  77 19  1  5  47  19  44  4  0 11   1  0  0
V.Wilson          .251  91 175  15  44  4  0  4  19  18  40  8  0  3   0  2  1
B.Estalella       .250  11   8   2   2  2  0  0   1   2   4  0  0  0   0  0  0
M.Kata            .241  91 278  41  67 14  4  8  41  27  49  1  2  9   3  0  6
T.Glaus           .230 123 352  50  81 15  1 18  53  67  81  2  0  8   5  0 11
J.Castro          .216 105 333  34  72 13  1  8  36  23  79  0  1  7   1  3  9
J.Davanon         .207 121 381  50  79 13  0 14  53  65  99  1  0  7  11  5  4
J.Larue           .205 115 370  49  76 16  1 17  55  26 118 24  0  8   3  2  4
H.Choi            .200  53  50   6  10  2  0  2   9   3  17  0  0  0   0  0  0
R.Branyan         .191  74 131  14  25  5  0  6  14  17  52  1  0  0   0  0  1
D.Bell            .150  32  20   3   3  0  1  0   2   5   4  1  0  0   0  0  0
ALL PITCHERS      .102 152 275  12  28  3  0  0   6  11 126  0 37  6   0  0 14
----------------- ---- --- --- --- --- -- -- -- --- --- --- -- -- -- --- -- --
TEAM TOTALS       .242    5124    1242    24    643    1227    52    126    71
                       152     680    236   148     608     75   104     35


NAME               ERA  W  L   PCT   G GS CG SH SV    IP   H   R  ER HR  BB  SO
J.Valverde        2.27  3  5  .375  67  0  0  0 40  67.1  44  19  17  6  29  91
J.Tavarez         2.53  0  2  .000  28  0  0  0  0  46.1  43  13  13  3  17  23
R.Stone           2.69  7  2  .778  70  0  0  0  4 100.1  68  31  30 13  36  57
K.Farnsworth      2.80  5  3  .625  80  0  0  0  5  86.2  51  28  27  8  45  99
S.Sullivan        3.34  9  0 1.000  63  0  0  0  0  94.1  65  37  35 10  47  85
J.Peavy           3.78 14 11  .560  33 33  0  0  0 185.2 144  80  78 25  71 167
M.Clement         3.79 12 12  .500  35 35  0  0  0 204.1 174 102  86 20  80 165
A.Bernero         4.10  4  4  .500  15 15  0  0  0  79.0  68  39  36  8  35  57
V.Padilla         4.38 13 14  .481  39 39  0  0  0 207.1 217 109 101 22  69 159
G.Mota            4.72  1  2  .333  30  0  0  0  3  47.2  52  27  25  9  26  48
M.Kinney          4.87  9 12  .429  30 30  0  0  0 157.0 156  90  85 22  57 117
M.Matthews        6.83  2  1  .667  36  0  0  0  0  55.1  73  42  42  7  30  26
M.Dejean          7.30  1  3  .250  29  0  0  0  2  24.2  35  21  20  3  16  27
A.Alfonseca      12.60  0  0  ----   4  0  0  0  0   5.0  10   7   7  0   3   3
C.Silva          16.50  0  1  .000   4  0  0  0  0   6.0  12  11  11  1   3   1
J.Patterson       ----  0  0  ----   0  0  0  0  0   0.0   0   0   0  0   0   0
D.Haren           ----  0  0  ----   0  0  0  0  0   0.0   0   0   0  0   0   0
A.Cook            ----  0  0  ----   0  0  0  0  0   0.0   0   0   0  0   0   0
ALL NON-PITCHERS  ----  0  0  ----   0  0  0  0  0   0.0   0   0   0  0   0   0
Team                                         12                   +0
----------------- ---- -- -- ----- --- -- -- -- -- ----- --- --- --- -- --- ---
TEAM TOTALS       4.04    72       152     0    54      1212     613    564
                       80     .526    152    12   1367.0     656    157    1125

Primary Player Statistics For 2004 Hocking Kongs (HOC) Totals After 152 Games


NAME              BAVG  GM  AB   R   H 2B 3B HR RBI  BB  SO HB SH DP  SB CS  E
R.Coomer          .429  17  14   3   6  1  0  1   3   2   1  0  0  0   0  0  0
T.Lee             .273 144 509  63 139 36  2 22  76  70  89  0  0 13   0  1  4
M.Grissom         .270  87 244  34  66 12  1 14  47  21  44  1  0  8   1  2  3
J.Kent            .267 152 630  76 168 41  1 17  67  50 129  5  0 21   1  2 11
C.Figgins         .266  90 124  19  33  5  2  0  11  17  25  0  0  0   6  0  1
J.Payton          .259 144 591  75 153 27  2 18  69  37  88  6  0 19   0  0  1
E.Perez           .256  87 246  28  63 16  1  8  31  21  48  0  1 11   0  0  3
R.Ventura         .254  98 134  15  34  6  3  4  17  18  38  0  1  4   0  0  2
J.Cruz Jr         .246 152 520  55 128 20  2 20  69  96 149  0  2  8   2  3  1
O.Cabrera         .242 152 657  95 159 30  2 11  41  54  91  0  1 14   7  1 19
S.Rolen           .239 143 539  96 129 39  1 31  80  70 105  8  0 12   7  0 10
M.Tucker          .233  98 335  44  78 10  3 10  46  25  86  3  3 10   6  1  1
R.Barajas         .222  36  54   5  12  4  0  1   6   2  12  0  0  4   0  0  0
C.Moeller         .210  89 281  26  59 15  1 10  33  18  78  4  1  5   2  3 11
C.Counsell        .174  38  23   1   4  0  0  0   0   7   4  0  0  2   1  0  0
K.Robinson        .000  13   6   1   0  0  0  0   0   0   1  0  0  0   1  0  0
D.Bragg           ----   0   0   0   0  0  0  0   0   0   0  0  0  0   0  0  0
L.Overbay         ----   0   0   0   0  0  0  0   0   0   0  0  0  0   0  0  0
ALL PITCHERS      .117 152 307   9  36  2  0  0  18  13 130  0 40  0   0  0 12
----------------- ---- --- --- --- --- -- -- -- --- --- --- -- -- -- --- -- --
TEAM TOTALS       .243    5214    1267    21    614    1118    49     34    79
                       152     645    264   167     521     27   131     13


NAME               ERA  W  L   PCT   G GS CG SH SV    IP   H   R  ER HR  BB  SO
M.Stanton         2.65  2  5  .286  64  0  0  0  1  51.0  37  15  15  6  27  29
J.Nathan          3.10  6  4  .600  85  0  0  0  2  93.0  59  32  32 11  46 102
B.Sheets          3.21 12 10  .545  34 34  3  1  0 224.1 200  83  80 27  54 143
B.Meadows         3.95  5  4  .556  52  5  0  0  5  84.1  86  37  37  5  10  38
S.Linebrink       4.19  4  5  .444  20 20  0  0  0 105.1 101  50  49 11  47  74
T.Worrell         4.43  6  6  .500  54  0  0  0 19  67.0  74  37  33  9  29  43
S.Eyre            4.65  4  2  .667  65  0  0  0  1  69.2  92  43  36  8  47  38
K.Rueter          4.85  9  8  .529  25 25  1  0  0 154.0 183  84  83 19  49  43
M.Ford            4.91  0  1  .000   8  0  0  0  1  11.0  14  10   6  0   5   5
T.Tucker          5.17  4  3  .571  55  3  0  0  2  94.0 107  56  54  3  38  62
J.Washburn        5.43  9 11  .450  33 33  1  0  0 210.2 230 133 127 48  65 136
J.Mesa            5.79  3  5  .375  37  0  0  0  6  28.0  32  19  18  2  21  26
R.Ortiz           6.22  6 18  .250  32 32  1  1  0 176.2 198 133 122 32  63  93
R.White           ----  0  0  ----   0  0  0  0  0   0.0   0   0   0  0   0   0
ALL NON-PITCHERS  ----  0  0  ----   0  0  0  0  0   0.0   0   0   0  0   0   0
Team                                          3                   +0
----------------- ---- -- -- ----- --- -- -- -- -- ----- --- --- --- -- --- ---
TEAM TOTALS       4.55    82       152     6    37      1413     692    501
                       70     .461    152     5   1369.0     732    181     832

Primary Player Statistics For 2004 Johnny Be Goods (FEJ) Totals After 153 Games


NAME              BAVG  GM  AB   R   H 2B 3B HR RBI  BB  SO HB SH DP  SB CS  E
C.Baerga          .341 122 167  27  57 10  0  5  17  24  19  1  0  4   0  0  6
V.Guerrero        .334 111 440  90 147 27  2 31  81  45  68  6  0 24   1  0  6
J.Lopez           .331 102 408  84 135 30  0 44  98  31  83  5  0 11   0  0  5
M.Williams        .315  81 149  19  47 11  0 10  30  18  22  1  0  1   0  0  5
R.Mateo           .286  37  42   8  12  1  0  1   3   4   9  1  0  1   0  0  1
P.Wilson          .276 148 580  98 160 55  0 46 122  54 138  2  0 16   1  0  6
B.Giles           .275 133 505 110 139 33  6 28  71 103  61  8  0  9   0  0  6
R.Durham          .263 131 476  66 125 37  3 13  54  55 114  5  8  7   0  0  5
R.Sexson          .255 153 596  95 152 38  3 41 119  80 164 11  0 20   0  0  9
T.Womack          .254  36  67  13  17  4  1  1   6   1   5  0  1  1   0  0  0
C.Wilson          .251 104 307  52  77 18  7 17  49  27  89 16  0  7   1  1  7
B.Gil             .250  12  28   4   7  1  1  0   1   1  10  0  2  0   1  0  1
T.Wigginton       .236 141 437  47 103 25  7  7  41  45  88  7  0  9   0  1 13
R.Clayton         .220 149 555  48 122 25  0 12  54  40 106  3  2 16   1  0 12
Q.McCracken       .209  73 129  15  27  1  0  0  10  12  16  0  7  3   0  0  2
T.Zeile           .134  70  67   7   9  1  1  1   3  12  14  1  0  1   0  0  2
J.Molina          .126  44 111   2  14  3  0  0   7   1  33  3  0  1   0  0  2
ALL PITCHERS      .119 153 293  26  35  8  0  0  10  15 109  0 41  2   0  0 20
----------------- ---- --- --- --- --- -- -- -- --- --- --- -- -- -- --- -- --
TEAM TOTALS       .259    5357    1385    31    776    1148    61      5   108
                       153     811    328   257     568     70   133      2


NAME               ERA  W  L   PCT   G GS CG SH SV    IP   H   R  ER HR  BB  SO
D.Plesac          0.00  1  0 1.000   5  0  0  0  0   4.2   4   0   0  0   3   6
M.Koplove         2.18  1  0 1.000  39  0  0  0  1  41.1  34  12  10  3  12  20
B.Kim             2.79  8  3  .727  80  0  0  0  4 135.2 105  50  42 19  32 110
O.Dotel           3.44  5  1  .833  31  0  0  0  2  49.2  40  22  19 11  15  51
S.Shields         3.48 12  7  .632  34 28  0  0  1 157.2 143  65  61 18  33 127
W.Alvarez         3.79  8  3  .727  76  1  1  0  3 109.1 106  46  46 12  24  97
T.Ohka            3.83 11  9  .550  35 34  0  0  1 202.1 220  93  86 13  39 120
J.D'Amico         3.91 11 12  .478  29 27  0  0  0 149.2 152  75  65 21  29  83
J.Bale            4.01  1  4  .200  59  0  0  0  3  33.2  35  15  15  4  10  27
J.Lackey          4.26  9  9  .500  36 36  0  0  0 209.1 222 110  99 34  75 174
O.Villarreal      4.95  6  4  .600  85  0  0  0  1 111.0 111  68  61 14  53  80
J.Borowski        5.37  6  8  .429  61  0  0  0 26  58.2  65  36  35 15  31  45
J.Fassero         5.64  0  4  .000   8  8  0  0  0  44.2  54  32  28  9  16  26
P.Wilson          6.33  1  6  .143  13 13  0  0  0  58.1  80  46  41 12  18  28
B.Tomko           6.43  2  1  .667   9  6  0  0  0  28.0  40  21  20  4  10   9
G.Glover         13.50  0  0  ----   1  0  0  0  0   1.1   4   2   2  0   0   1
J.Bong            ----  0  0  ----   0  0  0  0  0   0.0   0   0   0  0   0   0
ALL NON-PITCHERS  ----  0  0  ----   0  0  0  0  0   0.0   0   0   0  0   0   0
Team                                          5                   -3
----------------- ---- -- -- ----- --- -- -- -- -- ----- --- --- --- -- --- ---
TEAM TOTALS       4.04    71       153     1    42      1415     627    400
                       82     .536    153     5   1395.1     693    189    1004

Primary Player Statistics For 2004 Lowoncash (CAS) Totals After 152 Games


NAME              BAVG  GM  AB   R   H 2B 3B HR RBI  BB  SO HB SH DP  SB CS  E
D.Erstad          .345  50  58   4  20  3  0  1  13   1   8  0  1  1   1  0  0
K.Ginter          .344  36  32   5  11  1  0  2   4   7  10  0  0  0   0  2  0
B.Bonds           .322  51 177  50  57  8  0 22  53  44  33  7  0  5   5  0  1
R.Hidalgo         .310 137 539  96 167 55  1 33 118  53 111 10  0 12  11  3  4
R.Furcal          .308 152 669 114 206 34 12 12  72  58  78  5  7  5  22  3 29
I.Rodriguez       .302 147 592  87 179 53  1 10  73  73 125  4  0 14  16  5  4
S.Green           .298 136 496  68 148 56  1 10  76  59  95  5  0 13   4  0  3
S.Spiezio         .295 134 427  73 126 37 10 25  85  40  55  2  0 12   2  0 12
E.Young           .295  70  78  33  23  6  0  5  17   9  10  0  0  1  11  2  0
C.Floyd           .287  84 237  35  68 14  3  7  32  27  42  2  0  8   0  1  5
M.Barrett         .273  11  22   2   6  0  0  1   2   0   4  0  0  0   0  0  1
D.Glanville       .271  87 188  27  51 11  0  4  27   5  21  0  0  1   1  0  0
M.Grudzielanek    .262  55 221  29  58 18  0  0  24  13  30  8  4  5   2  1  4
M.Cabrera         .258  43 124  13  32  6  2  5  14  13  46  2  0  3   0  0  0
R.Fick            .246  70  69  11  17  3  1  2  12  15   7  1  0  1   2  0  2
P.Polanco         .243 137 527  76 128 27  3 18  64  41  48  1 16 14   7  4  5
K.Millar          .243 144 523  67 127 28  2 18  73  69 135  6  0 10   6  3  7
D.Ross            .067  11  15   1   1  0  0  0   0   2   8  1  0  0   0  0  1
T.Shinjo          .000   5   4   0   0  0  0  0   0   0   0  0  0  0   0  0  1
M.Kinkade         ----   0   0   0   0  0  0  0   0   0   0  0  0  0   0  0  0
ALL PITCHERS      .137 152 358  23  49 11  1  2  24  15 128  0 38  6   0  0  8
----------------- ---- --- --- --- --- -- -- -- --- --- --- -- -- -- --- -- --
TEAM TOTALS       .275    5356    1474    37    783     994    66     90    87
                       152     814    371   177     544     54   111     24


NAME               ERA  W  L   PCT   G GS CG SH SV    IP   H   R  ER HR  BB  SO
J.Smoltz          1.90  1  1  .500  49  0  0  0 31  61.2  52  14  13  3  11  68
K.Brown           2.64 17  6  .739  31 31  7  3  0 215.0 178  77  63 13  60 202
M.Herges          2.78  7  5  .583  50  0  0  0  5  77.2  65  31  24  7  33  77
B.Webb            3.24  4  3  .571  10 10  0  0  0  66.2  60  27  24  7  35  67
F.Rodriguez       3.52 14  7  .667  50  0  0  0  3  79.1  45  31  31 13  29  97
T.Glavine         3.71  4  5  .444  14 14  2  0  0  87.1  80  37  36  8  34  38
D.Graves          3.76  4  2  .667  47  1  0  0  3  93.1  99  42  39 18  17  30
W.Williams        4.45 17  7  .708  34 34  6  1  0 218.2 243 117 108 34  62 140
J.Simontacchi     4.67  4  2  .667  39  7  0  0  1  86.2 100  48  45  8  30  49
A.Levine          4.84  2  3  .400  34  0  0  0  0  48.1  61  26  26  4  21  20
B.Penny           5.00 10 12  .455  32 32  1  0  0 189.0 220 121 105 31  56 125
O.Perez           5.73  8  7  .533  23 23  1  0  0 136.2 176  90  87 23  52 108
D.Veres           7.03  0  0  ----  20  0  0  0  1  24.1  36  19  19  5  11  23
A.Ashby           ----  0  0  ----   0  0  0  0  0   0.0   0   0   0  0   0   0
S.Estes           ----  0  0  ----   0  0  0  0  0   0.0   0   0   0  0   0   0
R.Dempster        ----  0  0  ----   0  0  0  0  0   0.0   0   0   0  0   0   0
ALL NON-PITCHERS  ----  0  0  ----   0  0  0  0  0   0.0   0   0   0  0   0   0
Team                                          4                   +0
----------------- ---- -- -- ----- --- -- -- -- -- ----- --- --- --- -- --- ---
TEAM TOTALS       4.03    60       152    17    44      1415     620    451
                       92     .605    152     8   1384.2     680    174    1044

Primary Player Statistics For 2004 Morgen Grinders (MOR) Totals After 152 Games


NAME              BAVG  GM  AB   R   H 2B 3B HR RBI  BB  SO HB SH DP  SB CS  E
M.Ensberg         .312  32  77  15  24  4  1  4  14  10  19  2  0  2   1  0  1
B.Bonds           .308  74 263  63  81 11  0 26  65  65  43  5  0  4   2  0  1
T.Redman          .307 112 254  31  78 15 10  3  30  10  25  4  0  3   7  2  2
M.Grudzielanek    .291  34 141  20  41 11  1  1   6   8  22  7  3  3   0  0  0
A.Beltre          .284  18  74   7  21  4  0  2   8   3  22  0  0  1   0  0  1
S.Finley          .276  76 293  46  81 20  5 13  46  29  57  5  0  9   7  3  1
J.Guillen         .274  90 358  56  98 17  4 27  67  22  82 12  0 21   1  1  3
B.Fullmer         .260  57 150  13  39  6  3  4  26  19  29  2  0  4   3  4  2
H.Choi            .259  57 166  32  43 20  0  9  33  37  59  3  0  2   0  0  6
K.Ginter          .257  55 214  34  55  3  2  7  24  24  65 12  2  1   0  1  5
J.Phillips        .254 140 523  54 133 21  0 13  47  54  73 13  0 22   0  0  7
D.Ross            .253  44  83  13  21  8  0  6  25  15  34  2  0  1   0  0  2
R.Mackowiak       .250  66 200  28  50  6  3  4  26  25  75  4  0  2   7  0  6
M.Barrett         .250  13  24   1   6  1  2  0   3   0   5  0  0  0   0  0  0
J.Wilson          .245 151 563  56 138 23  0  6  55  44 104  7  6 10   1  0 16
J.Vidro           .236  50 199  34  47  9  1  5  14  32  21  4  0  3   0  0  4
S.Sosa            .233  54 206  28  48 12  0 11  27  23  67  5  0  5   0  0  1
D.Bell            .222  35  99   7  22  9  0  1  13  14  11  3  0  4   0  0  2
H.Blanco          .222  28  36   4   8  2  0  1   3   0   4  0  0  0   0  0  0
W.Cordero         .219 112 256  32  56 11  0  9  31  35  70  4  0 11   1  0  6
J.Edmonds         .219  73 270  45  59 17  1 15  39  51  86  3  0  4   1  1  4
T.Clark           .200   2   5   1   1  0  0  1   2   0   1  0  0  0   0  0  0
M.Cabrera         .200  59 205  24  41 10  0  7  15  23  70  1  0  9   0  0  5
R.Olmedo          .194  41  67   7  13  1  0  0   4   3  13  0  1  3   0  0  2
W.Helms           .190  17  63   4  12  1  1  2   4   3  17  1  0  2   0  0  3
T.O'Leary         .174  39  46   4   8  3  0  1  10   3  14  0  0  4   1  0  0
A.Amezaga         .118  54  76  13   9  1  2  1   4   6  21  0  1  0   0  0  0
ALL PITCHERS      .159 152 328  28  52  4  0  9  27  16 115  0 34  0   0  0 16
----------------- ---- --- --- --- --- -- -- -- --- --- --- -- -- -- --- -- --
TEAM TOTALS       .245    5239    1285    36    668    1224    47     32    96
                       152     700    250   188     574     99   130     12


NAME               ERA  W  L   PCT   G GS CG SH SV    IP   H   R  ER HR  BB  SO
M.Mantei          1.66  1  1  .500  20  0  0  0 10  21.2   9   4   4  2  10  29
S.Reed            2.25  2  2  .500  28  0  0  0  1  32.0  21  11   8  2  10  21
K.Benson          2.40  1  1  .500   9  9  0  0  0  48.2  37  14  13  3  19  27
B.Webb            2.41  3  2  .600   5  5  0  0  0  33.2  18  10   9  0  10  38
G.Mota            2.57  6  3  .667  47  0  0  0  1  66.2  65  21  19  8  22  64
D.Dreifort        2.58  1  2  .333   6  6  0  0  0  38.1  31  11  11  3  16  41
D.Kolb            3.00  0  2  .000  14  0  0  0  7  12.0  10   4   4  1   5  13
B.Wagner          3.72  2  1  .667  25  0  0  0  5  29.0  19  12  12  5  15  29
U.Urbina          3.81  2  3  .400  49  0  0  0  7  59.0  59  34  25  3  15  65
B.Kieschnick      3.89  1  1  .500  70  0  0  0  0  37.0  40  16  16  3   5  21
H.Ramirez         4.18  7 13  .350  31 31  1  0  0 185.1 168 101  86 22  72  87
C.Silva           4.23  1  2  .333  17  0  0  0  2  27.2  34  15  13  2   9  18
C.Fox             4.24  2  5  .286  39  0  0  0  0  46.2  48  24  22  0  38  52
J.Tavarez         4.27  4  1  .800  41  0  0  0  1  52.2  53  26  25  1  17  21
J.Fogg            4.35  9  2  .818  16 16  0  0  0  80.2  82  42  39 10  31  45
L.Ayala           4.37  2  1  .667  34  0  0  0  1  45.1  53  24  22  4  10  31
C.Zambrano        4.38 10 15  .400  34 33  4  0  0 228.0 213 113 111 12  93 188
R.Johnson         4.99  5  8  .385  20 20  1  0  0 115.1 137  73  64 15  25 135
D.Davis           5.27  3  5  .375  14 14  0  0  0  83.2 103  49  49  9  41  62
L.Hackman         5.31  0  5  .000  17  0  0  0  0  20.1  26  13  12  2  13  14
S.Torres          5.54  4  4  .500   9  9  0  0  0  50.1  72  33  31  8  19  31
K.Gryboski        6.75  0  2  .000  19  0  0  0  0  18.2  23  14  14  2   8  15
C.Zerbe           7.71  0  1  .000   3  0  0  0  0   2.1   3   2   2  1   3   0
T.Glavine         9.30  1  3  .250   9  9  0  0  0  39.2  58  43  41  4  22  16
J.Haynes          ----  0  0  ----   0  0  0  0  0   0.0   0   0   0  0   0   0
ALL NON-PITCHERS  ----  0  0  ----   0  0  0  0  0   0.0   0   0   0  0   0   0
Team                                          3                   +0
----------------- ---- -- -- ----- --- -- -- -- -- ----- --- --- --- -- --- ---
TEAM TOTALS       4.27    85       152     6    35      1382     652    528
                       67     .441    152     3   1374.2     709    122    1063

Primary Player Statistics For 2004 Rivercrypts (SEG) Totals After 152 Games


NAME              BAVG  GM  AB   R   H 2B 3B HR RBI  BB  SO HB SH DP  SB CS  E
A.Cintron         .294  85 316  38  93 18  4  6  39  26  19  4  2 10   2  2 12
W.Pena            .292  24  65   9  19  5  1  1  11   5  17  3  0  1   1  4  0
T.Perez           .286 110 304  32  87 17  0  7  43  22  33  1  0  6   4  1  1
D.Jimenez         .278  91 126  15  35  4  1  2  13  14  21  1  2  2   2  1  4
J.Cabrera         .269  38 130  18  35 13  1  3  18   5  26  8  0  5   3  2  1
J.Rollins         .265 152 608  70 161 35 11  6  44  50 109  0 26 14  49  7 11
J.Bagwell         .264 152 573  82 151 21  3 22  94  80 122  5  0 13  12  6 10
M.Alou            .253 144 521  74 132 32  2 15  63  57  69  7  0 14   4  3  7
C.Utley           .252  54 151  12  38 10  0  0  22  10  35  6  0  2   2  0  1
S.Burroughs       .244 151 634  70 155 32  5  6  37  44 116 11  0  8  14  4 16
S.Sosa            .240  89 338  48  81 16  0 18  35  31  95  4  0 14   0  0  1
G.Matthews Jr     .239 106 234  16  56 15  1  3  21  17  50  2  1  7   5  5  0
R.Hammock         .228  92 224  15  51 10  1  6  23  15  59  4  0  7   3  1  3
B.Schneider       .220 108 373  38  82 16  2 15  51  33  82  1  0 20   0  0  2
F.Lopez           .200  10   5   3   1  0  0  0   1   2   1  0  0  0   1  0  0
R.Reyes           .200   9   5   0   1  0  0  0   0   0   1  0  0  0   0  1  0
P.Nevin           .184 100 158  17  29  6  0  6  22  20  39  0  0  9   0  1  0
J.Hammonds        .174 103 115  15  20  4  0  2   9  14  24  1  0  1   3  0  0
T.Clark           .158  21  19   1   3  0  0  0   0   3   8  0  0  0   0  0  0
ALL PITCHERS      .102 152 284  12  29  6  0  2   9  11 127  0 42  1   0  0 14
----------------- ---- --- --- --- --- -- -- -- --- --- --- -- -- -- --- -- --
TEAM TOTALS       .243    5183    1259    32    555    1053    73    105    83
                       152     585    260   120     459     58   134     38


NAME               ERA  W  L   PCT   G GS CG SH SV    IP   H   R  ER HR  BB  SO
C.Capuano         0.00  0  0  ----   3  0  0  0  0   1.2   0   0   0  0   0   0
W.Obermueller     2.84  2  2  .500   6  6  0  0  0  31.2  36  13  10  4   5  20
B.Colon           3.45  5 11  .313  20 20  3  0  0 141.0 124  59  54 20  53  74
D.Dreifort        3.56  1  2  .333   5  5  0  0  0  30.1  32  12  12  2  12  38
S.Schoeneweis     3.60  0  0  ----  26  0  0  0  2  30.0  30  12  12  1  12  27
B.Lawrence        3.76 12 10  .545  35 35  0  0  0 205.2 201  94  86 19  52 125
S.Williamson      3.79  4  6  .400  38  0  0  0 17  38.0  35  21  16  2  23  46
L.Estrella        3.89  2  3  .400  49  0  0  0  0  71.2  72  31  31  9  27  24
K.Correia         3.92  0  2  .000  23  0  0  0  2  41.1  34  18  18  8  20  32
C.Vargas          4.37  4  9  .308  34 15  0  0  0 117.1 112  62  57 16  46  55
S.Kline           4.55  3  4  .429  57  0  0  0  2  65.1  65  36  33  6  42  30
F.Rodriguez       5.01  2  5  .286  56  0  0  0  5  59.1  57  34  33  4  26  45
J.Riedling        5.02  4  4  .500  47  6  0  0  0  95.0 108  55  53  7  50  50
K.Millwood        5.05  5 20  .200  36 36  2  1  0 224.1 233 138 126 28  85 170
D.Weathers        5.19  2  5  .286  33  0  0  0  4  43.1  47  26  25  5  22  35
J.Robertson       5.49  5 12  .294  23 23  0  0  0 114.2 148  84  70 15  52  68
T.Hodges          5.79  2  0 1.000  14  0  0  0  0  18.2  24  12  12  2   7  15
K.Benson          6.40  1  3  .250   6  6  0  0  0  32.1  38  24  23  7  16  21
J.Cruz            ----  0  0  ----   0  0  0  0  0   0.0   0   0   0  0   0   0
N.Bump            ----  0  0  ----   0  0  0  0  0   0.0   0   0   0  0   0   0
ALL NON-PITCHERS  ----  0  0  ----   0  0  0  0  0   0.0   0   0   0  0   0   0
Team                                          2                   -1
----------------- ---- -- -- ----- --- -- -- -- -- ----- --- --- --- -- --- ---
TEAM TOTALS       4.43    98       152     5    32      1396     670    550
                       54     .355    152     3   1361.2     731    155     875

Primary Player Statistics For 2004 Russell M'Ups (FER) Totals After 152 Games


NAME              BAVG  GM  AB   R   H 2B 3B HR RBI  BB  SO HB SH DP  SB CS  E
B.Jordan          .423  49 123  22  52  5  0  4  22  13  16  1  0  1   0  1  2
G.Sheffield       .319 149 586 110 187 38  0 37 108  82  69  6  0 17  11  3  5
M.Giles           .305 146 600 112 183 55  2 25  82  49 106 11 18  7  11  2 18
N.Perez           .280  86 286  29  80 19  4  0  49  14  24  0  1  7   5  0  2
J.Pierre          .278 152 623  92 173 25  3  2  42  55  47  4 12  5  64 17  0
M.Lowell          .271 152 583  88 158 39  1 35 116  80  80  0  0 25   0  0 13
J.Kendall         .266 152 590  79 157 26  0  4  67  51  57 24  0 12  11  5  8
G.Jenkins         .259 140 494  76 128 23  1 32 100  65 122  9  0 12   1  0  0
F.Tatis           .250   8   4   0   1  0  0  0   1   2   1  0  0  0   1  0  0
D.Lee             .246 150 562  98 138 26  2 27  79  84 156 14  0  9  11  3  7
C.Widger          .243  24  37   7   9  3  0  0   6   2   8  0  0  1   0  0  2
O.Palmeiro        .213  46  47   6  10  2  0  1   3   2   4  0  0  0   0  0  1
J.Vander Wal      .207  87  87  12  18  6  0  3  12  10  33  0  0  2   0  0  0
J.Uribe           .206  97 316  34  65 16  1 11  39  17  72  6  2  2   7  0 10
M.Ojeda           .176  23  17   1   3  1  0  0   0   5   5  0  0  0   0  0  0
R.Calloway        .067  23  15   2   1  0  0  0   0   0   3  0  0  1   0  0  0
J.Carroll         ----   0   0   0   0  0  0  0   0   0   0  0  0  0   0  0  0
ALL PITCHERS      .111 152 360  13  40  6  0  1  17  13 132  0 37  2   0  0 10
----------------- ---- --- --- --- --- -- -- -- --- --- --- -- -- -- --- -- --
TEAM TOTALS       .263    5330    1403    14    743     935    70    122    78
                       152     781    290   182     544     75   103     31


NAME               ERA  W  L   PCT   G GS CG SH SV    IP   H   R  ER HR  BB  SO
R.Cormier         0.94 10  2  .833  60  0  0  0 10  86.1  44   9   9  1  25  57
C.Schilling       2.50 12  7  .632  22 22  6  2  0 169.0 133  52  47 14  36 202
J.Williams        3.22 12  3  .800  20 20  2  1  0 134.0 115  52  48 10  56  90
C.Reitsma         3.24  4  5  .444  45  6  0  0  1  80.2  65  29  29  8  18  51
L.Hernandez       3.51 22  5  .815  36 34  4  0  0 238.2 249 103  93 29  56 167
D.Kolb            3.56  5  1  .833  29  0  0  0 11  30.1  27  13  12  2  14  29
B.Myers           3.57  2  1  .667  10 10  1  1  0  68.0  64  29  27  9  21  50
B.Wagner          3.78  1  3  .250  26  0  0  0 14  33.1  20  15  14  3  18  39
J.Franco          4.03  0  1  .000  19  0  0  0  2  22.1  16  10  10  4  11   6
R.Beck            4.66  2  3  .400  24  0  0  0  6  29.0  16  15  15  5  10  31
D.Hermanson       4.70  4  4  .500  35  5  0  0  2  67.0  69  38  35  9  19  48
M.Guthrie         5.19  3  2  .600  38  0  0  0  0  34.2  41  21  20  4  21  15
M.Hampton         5.22  9  8  .529  30 30  2  1  0 186.1 199 113 108 27  83 108
V.De Los Santos   5.96  1  1  .500  37  0  0  0  1  45.1  36  31  30  6  37  35
A.Sele            6.44  5 10  .333  23 23  0  0  0 117.1 132  87  84 16  69  57
J.Jimenez         8.35  1  3  .250  33  2  0  0  1  50.2  76  50  47  8  22  19
C.Zerbe           ----  0  0  ----   0  0  0  0  0   0.0   0   0   0  0   0   0
ALL NON-PITCHERS  ----  0  0  ----   0  0  0  0  0   0.0   0   0   0  0   0   0
Team                                          5                   +0
----------------- ---- -- -- ----- --- -- -- -- -- ----- --- --- --- -- --- ---
TEAM TOTALS       4.06    59       152    15    48      1302     628    516
                       93     .612    152    10   1393.0     667    155    1004

Primary Player Statistics For 2004 Skramalonians (SKR) Totals After 152 Games


NAME              BAVG  GM  AB   R   H 2B 3B HR RBI  BB  SO HB SH DP  SB CS  E
B.Hall            .444   6   9   0   4  0  0  0   0   0   3  0  0  1   0  2  1
T.Goodwin         .339 102 168  32  57 14  0  2  19   7  27  0  0  4  18  5  1
E.Renteria        .334 145 593  96 198 52  1 14  72  73  64  0 10 18  26  9 12
G.Anderson        .327 145 600  87 196 62  5 26 101  41  90  0  0 18   2  1  0
C.Patterson       .309  97 362  50 112 21  9 18  63  10  80  0  0  8   5  1  2
S.Wooten          .308  57  91   7  28  3  0  1   6   9  21  1  0  1   0  0  1
R.Belliard        .307 129 437  68 134 32  2  7  39  60  61  2  3 11   1  1 11
M.Lieberthal      .305 135 557  83 170 40  3 14  94  32  83 13  0 17   0  0  8
M.Byrd            .286  57 220  30  63 10  3  4  22  12  58  3  0  3   3  0  2
R.Freel           .283  62 138  23  39  5  0  4  18  13  13  5  0  5   7  0  2
J.Franco          .267 103 176  17  47 10  2  2  19  24  36  0  0  8   0  0  3
B.Clark           .260 107 331  46  86 15  0  6  44  32  49 10  0  7  11  1  4
B.Banks           .257  88 136  19  35  7  2  1  15  24  37  1  0  5   0  0  1
A.Nunez           .250  19  36   3   9  1  1  1   6   2   4  0  1  0   0  0  0
R.Gonzalez        .250   1   4   0   1  0  0  0   0   0   1  0  0  1   0  0  0
A.Ramirez         .237 148 536  59 127 23  2 18  80  49  87  6  0 19   0  2 18
R.Simon           .237 121 410  42  97 24  0 16  60  14  37  5  0  8   0  0  9
G.Blum            .234  96 171  16  40  9  0  1   9  10  29  2  0  3   0  0  7
T.Hollandsworth   .145  29  55   8   8  3  0  1   4   5  20  0  0  2   0  0  0
K.Stinnett        .120  17  25   2   3  1  0  0   1   0  10  0  0  0   0  0  0
ALL PITCHERS      .167 152 329  27  55 12  1  2  19  19 136  0 51  3   0  0 12
----------------- ---- --- --- --- --- -- -- -- --- --- --- -- -- -- --- -- --
TEAM TOTALS       .280    5384    1509    31    691     946    65     73    94
                       152     715    344   138     436     48   142     22


NAME               ERA  W  L   PCT   G GS CG SH SV    IP   H   R  ER HR  BB  SO
B.Donnelly        0.78  6  4  .600  58  0  0  0 29  69.0  50   8   6  1  20  66
J.Schmidt         2.70 17  7  .708  29 29  7  4  0 223.1 162  74  67 18  48 214
P.Quantrill       2.75  4  3  .571  67  0  0  0  7  88.1  79  32  27  6  37  50
T.Van Poppel      2.89  5  0 1.000  33  1  0  0  2  53.0  52  20  17  7  12  37
J.Vazquez         3.16 18  7  .720  31 31  7  0  0 222.1 181  83  78 31  59 227
N.Figueroa        3.26  1  3  .250  44  0  0  0  0  38.2  31  16  14  7  11  22
D.Willis          3.38  5  4  .556  13 13  0  0  0  80.0  82  35  30  8  31  76
D.Miceli          3.64  5  0 1.000  55  0  0  0  2  71.2  57  34  29  4  38  59
K.Calero          3.80  0  2  .000  35  0  0  0  4  45.0  29  19  19  5  16  58
C.Pavano          3.99  9  4  .692  17 17  0  0  0 103.2 113  49  46 11  25  74
B.Duckworth       4.31  3  2  .600  12  3  0  0  0  31.1  29  16  15  6  12  21
T.Redding         4.42 11  6  .647  30 30  3  2  0 179.1 171  92  88 12  74 110
S.Chacon          4.86  4 13  .235  22 22  0  0  0 133.1 127  80  72 14  65 101
J.Brower          6.43  2  3  .400   9  5  0  0  1  28.0  32  22  20  2  19  19
T.Phelps          7.13  1  2  .333  29  1  0  0  1  17.2  29  14  14  2  13  15
E.Oropesa        10.13  1  0 1.000   5  0  0  0  0   2.2   4   3   3  0   4   3
B.Myers           ----  0  0  ----   0  0  0  0  0   0.0   0   0   0  0   0   0
ALL NON-PITCHERS  ----  0  0  ----   0  0  0  0  0   0.0   0   0   0  0   0   0
Team                                          5                   -1
----------------- ---- -- -- ----- --- -- -- -- -- ----- --- --- --- -- --- ---
TEAM TOTALS       3.53    60       152    17    46      1228     544    484
                       92     .605    152    11   1387.1     597    134    1152

Primary Player Statistics For 2004 Slattery Incarn (SLA) Totals After 153 Games


NAME              BAVG  GM  AB   R   H 2B 3B HR RBI  BB  SO HB SH DP  SB CS  E
J.Guillen         .319  46 182  24  58  7  0 10  29   9  29  6  0  9   0  0  1
Y.Torrealba       .301  56 133  15  40  8  0  5  24  11  27  1  1  4   1  2  2
M.Grudzielanek    .294  43 163  28  48  6  2  1   7  12  28  4  2  4   2  1  4
J.Vidro           .294 102 402  64 118 28  0  8  41  51  34  4  4 17   2  1  6
E.Perez           .284  87 243  51  69  6  1 15  46  35  44  5  0  5   6  2  5
S.Finley          .273  75 297  38  81 21  4  9  59  23  54  2  0  4  11  3  3
M.Ensberg         .270  98 345  63  93  8  2 18  54  48  64  3  0  8   6  2  5
B.Abreu           .264 150 568  98 150 35  0 17  60 104 134  3  0 14  25  5  5
B.Molina          .260 120 450  39 117 23  1 13  56  25  43  1  0 20   2  0  2
M.Stairs          .255  97 302  46  77 21  1 20  62  37  58  3  0  8   0  0  7
A.Beltre          .248  32 105   8  26  2  0  3  15   5  18  1  0  3   0  1  4
J.Edmonds         .247  78 288  50  71 19  3 17  41  54  85  2  0 11   1  1  1
F.McGriff         .245  92 151  20  37  7  0  6  23  11  32  1  0  2   0  0  1
J.Reboulet        .231  32  52   4  12  2  0  1   4   6  11  0  1  1   0  0  0
C.Izturis         .230 148 553  39 127 12  7  1  53  23  79  0  2  8   7  3 19
R.Ledee           .229  67 227  31  52 14  0 11  24  26  48  0  0  1   0  0  1
D.Roberts         .220  79 177  26  39  3  2  1  10  19  27  2  1  1  32  3  3
C.Stynes          .214  62 126  14  27  9  0  3  14  13  29  6  0  4   2  0  1
G.Bennett         .182   8  11   1   2  0  0  0   2   1   1  0  0  0   0  0  0
J.Vizcaino        .128  35  47   0   6  1  0  0   1   1   7  0  0  2   0  0  2
T.Clark           .097  31  62   4   6  0  0  1   4   6  18  0  0  3   0  0  0
ALL PITCHERS      .146 153 350  20  51  7  0  3  17   9 143  0 36  3   0  0 14
----------------- ---- --- --- --- --- -- -- -- --- --- --- -- -- -- --- -- --
TEAM TOTALS       .250    5234    1307    23    646    1013    47     97    86
                       153     683    239   163     529     44   132     24


NAME               ERA  W  L   PCT   G GS CG SH SV    IP   H   R  ER HR  BB  SO
B.Wagner          0.92  1  0 1.000  21  0  0  0 13  19.2   9   2   2  1   4  20
L.Ayala           2.16  0  1  .000  29  0  0  0  0  16.2  17   5   4  0   3  12
U.Urbina          2.51  1  1  .500  21  0  0  0  1  28.2  16   8   8  3  16  31
K.Gryboski        2.59  1  1  .500  22  0  0  0  0  24.1  23   8   7  1  10  16
M.Mantei          2.80  1  0 1.000  37  0  0  0 25  45.0  33  15  14  7  21  61
T.Adams           3.26  4  2  .667  38  0  0  0  1  49.2  44  18  18  2  25  36
M.Morris          3.64 12  8  .600  29 29  2  0  0 187.2 176  82  76 25  54 122
R.Ortiz           3.97 16 14  .533  34 33  2  1  0 215.1 175 100  95 27  99 149
S.Reed            4.13  2  1  .667  24  0  0  0  1  28.1  26  13  13  6  13  16
H.Nomo            4.32 12 10  .545  33 33  0  0  0 227.1 203 110 109 34 100 166
J.Eischen         4.50  1  1  .500  11  0  0  0  0  18.0  20  10   9  4  10  13
K.Mercker         4.57  4  4  .500  47  0  0  0  1  61.0  48  36  31 11  29  47
K.Wells           4.70 10  9  .526  31 31  4  2  0 193.1 161 109 101 30  69 151
C.Eldred          4.99  5  4  .556  34  0  0  0  1  48.2  51  31  27  9  23  50
Z.Day             5.10  6 11  .353  25 25  0  0  0 137.2 149  85  78 13  69  67
T.Wendell         5.54  5  2  .714  42  0  0  0  4  52.0  59  34  32  8  26  18
L.Hackman         7.16  0  1  .000   9  0  0  0  1  16.1  15  13  13  1  13  14
S.Reynolds       10.13  0  2  .000   2  2  0  0  0  10.2  12  12  12  4   1   6
ALL NON-PITCHERS  ----  0  0  ----   0  0  0  0  0   0.0   0   0   0  0   0   0
Team                                          5                   +0
----------------- ---- -- -- ----- --- -- -- -- -- ----- --- --- --- -- --- ---
TEAM TOTALS       4.23    72       153     8    48      1237     649    585
                       81     .529    153     8   1380.1     691    186     995
