Primary Player Statistics For 2005 Avery Tards (AVC) Totals After 152 Games


NAME              BAVG  GM  AB   R   H 2B 3B HR RBI  BB  SO HB SH DP  SB CS  E
H.Luna            .421  20  19   1   8  2  0  0   3   0   1  0  0  0   1  0  0
J.Garcia          .391  29  23  10   9  1  1  0   5   1   5  0  0  1   1  1  1
L.Walker          .375  11  16   3   6  1  0  0   0   3   3  0  0  0   0  0  1
M.Loretta         .371  56 221  43  82 15  0 11  36  28  22  1  2  4   0  0  4
T.Olson           .354  13  48   9  17 12  0  1   7   3   6  0  0  1   0  0  0
D.Lee             .295  93 363  57 107 20  1 20  56  46  83  5  0 12   6  1  2
T.Redman          .292  87 253  32  74  7  3  4  26  10  19  0  1  0   3  1  5
J.Snow            .287  54 171  20  49 12  0  7  25  31  26  3  0  3   4  0  2
R.Hammock         .284  26  74   7  21  9  1  1  12   2  10  0  0  2   1  1  0
D.Bell            .283  56 145  22  41 14  0  1  17  19  20  2  0  1   0  1  3
C.Snyder          .282  37 124  14  35  3  0  5   9  14  33  0  0  1   0  0  2
R.Furcal          .273 148 616  77 168 25  4 10  45  45  83  0  2  9  20  3 25
A.Miles           .269  96 361  41  97 13  1  3  39  25  44  1  4  4   8  5  8
J.Encarnacion     .258  50 155  19  40 15  0  3  16   9  23  2  0  7   1  0  1
G.Jenkins         .249 115 422  48 105 23  2 15  53  28 105 10  0 10   1  1  0
C.Biggio          .234 147 561  60 131 35  0 17  61  41  86  9 13  5   4  2  8
M.Lieberthal      .225 100 365  47  82 28  0 15  47  27  60 12  0  8   1  0  4
J.Michaels        .220  65 150  19  33  4  0  5   9  17  44  1  0  3   0  0  1
T.Glaus           .216  42  74  14  16  1  0 10  21  17  21  3  0  2   1  1  3
O.Saenz           .211  52  95  12  20  4  0  6  12   5  38  2  0  1   0  0  1
V.Castilla        .199  50 196  20  39 11  0 10  33  13  35  4  0  7   0  0  0
C.Beltran         .196  56 214  29  42 12  2 14  40  31  44  0  0  3   2  1  4
C.Jones           .195  15  41   5   8  1  0  0   1   6   6  0  0  1   0  1  1
R.Branyan         .190  89 195  30  37 11  2 10  32  27  92  1  0  4   1  0  5
D.Ward            .111  10   9   1   1  0  0  0   0   2   1  0  0  0   0  0  0
S.Hairston        .083  11  12   0   1  0  0  0   0   0   2  0  0  0   0  0  0
ALL PITCHERS      .189 152 297  26  56  9  1  2  19  11  84  0 42  5   0  0 12
----------------- ---- --- --- --- --- -- -- -- --- --- --- -- -- -- --- -- --
TEAM TOTALS       .254    5220    1325    18    624     996    64     55    93
                       152     666    288   170     461     56    94     19


NAME               ERA  W  L   PCT   G GS CG SH SV    IP   H   R  ER HR  BB  SO
A.Osuna           2.38  1  0 1.000  19  0  0  0  0  22.2  18   8   6  1  11  26
G.Aquino          2.70  0  0  ----  21  0  0  0 12  23.1  17   7   7  3   9  14
E.Gagne           3.48  2  3  .400  25  0  0  0 13  33.2  23  14  13  3  11  49
H.Ramirez         3.83  2  1  .667  33  0  0  0  1  42.1  44  18  18  5  22  23
P.Munro           3.89  0  3  .000  15  2  0  0  0  34.2  36  16  15  3   6  17
J.Williams        4.12  2  4  .333   8  8  0  0  0  43.2  45  27  20  7  21  30
J.Horgan          4.14  3  2  .600  41  0  0  0  8  45.2  43  22  21  8  24  29
M.Ginter          4.33  4  7  .364  13 13  1  0  0  68.2  77  41  33  7  16  30
G.Maddux          4.54  9 16  .360  33 33  4  0  0 210.0 236 112 106 35  50 133
M.Morris          4.63 10 10  .500  30 30  2  0  0 179.0 203  96  92 22  46 124
R.Wolf            4.68  6  2  .750  13 13  0  0  0  77.0  90  47  40 10  18  51
B.Colon           5.48  5  8  .385  16 15  1  0  0  95.1 108  59  58 10  43  73
A.Telemaco        5.80  1  4  .200  55  0  0  0  3  68.1  84  45  44 13  31  38
C.Capuano         6.11  2  9  .182  14 14  0  0  0  66.1  80  51  45 14  21  69
D.Wheeler         6.36  5  0 1.000  63  0  0  0  0  80.2 111  63  57  8  29  68
J.Washburn        6.65  3  3  .500   7  7  0  0  0  43.1  55  33  32 10  18  23
B.Tomko           6.69  3  6  .333  13 13  0  0  0  72.2  83  55  54 16  41  38
T.Jones           6.75  1  5  .167  38  0  0  0  2  49.1  66  40  37  7  30  34
D.Haren           7.84  1  2  .333  34  0  0  0  2  51.2  73  48  45  7  28  29
S.Randolph        8.10  1  5  .167  14  4  0  0  0  30.0  31  29  27  5  26  16
J.Fassero        12.27  1  0 1.000   5  0  0  0  0   7.1   9  10  10  1   6   4
ALL NON-PITCHERS  ----  0  0  ----   0  0  0  0  0   0.0   0   0   0  0   0   0
Team                                          2                   +0
----------------- ---- -- -- ----- --- -- -- -- -- ----- --- --- --- -- --- ---
TEAM TOTALS       5.22    90       152     8    41      1532     780    507
                       62     .408    152     2   1345.2     841    195     918

Primary Player Statistics For 2005 B-Rads (CO2) Totals After 152 Games


NAME              BAVG  GM  AB   R   H 2B 3B HR RBI  BB  SO HB SH DP  SB CS  E
A.Beltre          .340 146 577  95 196 34  0 41 121  45  95  3  0 14   9  0 12
L.Berkman         .325  96 354  85 115 26  5 18  60  71  63  8  0  7   1  0  2
A.Pujols          .322 140 553 103 178 49  3 35 117  64  60  7  0 11   3  0 10
C.Thomas          .309 109 136  18  42  9  7  0  13   3  35  1  0  3   0  1  1
L.Castillo        .308  74 305  51  94 19  3  1  19  44  40  0  6  6  17  9  1
T.Walker          .288  79 104  13  30  8  2  1  18  11  19  0  0  3   0  0  2
J.Hernandez       .286  81 224  37  64 11  2 15  46  20  79  1  0  5   4  0  5
A.Everett         .283 105 311  34  88  8  3  7  38  11  44  8  6  5   6  1 11
C.Patterson       .269 143 553  82 149 32  6 22  68  43 141  7  0 11  30 14  0
A.Kennedy         .261  75 310  34  81 12  0  4  29  17  57  4  9  3   5  5  4
M.Bradley         .258  55 221  35  57 11  0  3  15  25  43  2  0 11   0  0  5
P.Bako            .256  24  39   4  10  6  0  0   7   4   8  3  0  3   0  1  0
P.Burrell         .247 142 473  55 117 13  0 24  80  91 142  2  0 12   1  2  7
R.Hernandez       .243 112 382  50  93 16  1 16  47  33  48  7  0 18   3  1  5
M.Lamb            .241  66 116  15  28  6  1  2  13  11  36  0  0  3   1  0  9
V.Wilson          .236  56 165  21  39 12  3  4  15  16  23  5  0  7   2  1  2
R.Ledee           .207  23  29   5   6  2  0  1   6   2   3  0  0  1   1  0  0
B.Hall            .200  10  10   2   2  0  1  0   0   0   1  0  0  0   0  0  0
ALL PITCHERS      .182 152 362  24  66  7  0  4  23   9 126  0 55  8   0  0  6
----------------- ---- --- --- --- --- -- -- -- --- --- --- -- -- -- --- -- --
TEAM TOTALS       .279    5224    1455    37    735    1063    76     83    82
                       152     763    281   198     520     58   131     35


NAME               ERA  W  L   PCT   G GS CG SH SV    IP   H   R  ER HR  BB  SO
B.Looper          2.45  1  1  .500  30  0  0  0  2  29.1  28   8   8  3   6  23
D.Kolb            2.47  4  4  .500  53  0  0  0 36  54.2  46  15  15  5  14  18
Z.Day             2.78 10  4  .714  20 20  0  0  0 113.1 107  38  35  7  36  60
R.Oswalt          2.98  8  3  .727  16 16  4  3  0 111.2 107  41  37 10  38  99
C.Pavano          3.42 16  8  .667  33 33  3  0  0 229.0 254  98  87 18  51 143
L.Hernandez       3.45 15  9  .625  35 35  4  1  0 245.1 228 112  94 27  74 183
G.Rusch           3.54  7  7  .500  63  4  0  0  6 106.2 120  46  42  9  44  80
A.Harang          3.58  6  5  .545  13 13  0  0  0  78.0  67  34  31 11  23  61
J.Tavarez         3.92  4  5  .444  58  0  0  0  3  62.0  71  30  27  3  33  36
O.Perez           4.24 16  6  .727  31 31  5  2  0 195.1 164  96  92 26  86 273
M.Koplove         4.48  1  3  .250  63  0  0  0  3  72.1  92  38  36  8  23  56
Y.Brazoban        4.73  2  1  .667  28  0  0  0  0  26.2  25  15  14  8   5  19
R.King            5.40  0  2  .000  24  0  0  0  0  11.2  10   8   7  0   9   4
B.Bruney          6.16  1  3  .250  28  0  0  0  0  19.0  20  13  13  4  11  25
R.Choate          8.10  0  0  ----  10  0  0  0  0  10.0  11   9   9  0   6   6
B.Backe           ----  0  0  ----   0  0  0  0  0   0.0   0   0   0  0   0   0
T.Ohka            ----  0  0  ----   0  0  0  0  0   0.0   0   0   0  0   0   0
B.Myers           ----  0  0  ----   0  0  0  0  0   0.0   0   0   0  0   0   0
T.Armas Jr        ----  0  0  ----   0  0  0  0  0   0.0   0   0   0  0   0   0
ALL NON-PITCHERS  ----  0  0  ----   0  0  0  0  0   0.0   0   0   0  0   0   0
Team                                          9                   -2
----------------- ---- -- -- ----- --- -- -- -- -- ----- --- --- --- -- --- ---
TEAM TOTALS       3.59    61       152    16    50      1350     545    459
                       91     .599    152    15   1365.0     601    139    1086

Primary Player Statistics For 2005 Co Operators (COO) Totals After 152 Games


NAME              BAVG  GM  AB   R   H 2B 3B HR RBI  BB  SO HB SH DP  SB CS  E
B.Hall            .714   6   7   5   5  1  0  1   2   1   2  0  0  0   0  0  0
E.Marrero         .349  74 192  37  67 17  1 10  34  18  38  1  0  6   3  1  2
A.Kennedy         .319  62 273  48  87 13  7  8  41  12  54  9  5  4   4  2  7
T.Long            .315  97 292  49  92 18  6  4  34  19  34  4  0 12   3  1  1
L.Castillo        .311  74 315  45  98  8  2  0  26  45  48  0  0  0   8  3  3
E.Alfonzo         .310 128 452  61 140 20  1 11  58  39  36  6  0 10   0  0  7
D.Miller          .305 120 344  44 105 24  0  6  46  33  86  2  0 11   0  0  2
C.Izturis         .304 152 569  77 173 34 13  1  61  48  69  0 26 10  22  9  5
J.Rivera          .303 140 429  67 130 15  4 16  68  39  54  1  0 12   4  1  3
G.Anderson        .302 124 394  65 119 26  0 15  57  45  59  0  0  4   0  0  5
T.Helton          .300 149 560 105 168 39  3 31  98 109  82  1  0 12   5  0  6
M.Holliday        .297 104 306  39  91 21  3 14  56  22  67  5  0  7   2  2  4
J.Valentin        .291  75 206  35  60 15  2  9  42  16  32  2  0  6   0  0  2
J.Lane            .282  71 149  23  42 11  1  7  30  16  42  3  0  3   0  1  0
S.Taguchi         .281  81 203  31  57 11  6  1  29  15  35  1  1  6   9  1  2
T.Hummel          .278  13  18   3   5  3  0  0   5   1   2  0  1  0   0  0  1
T.Pratt           .256  27  43   5  11  2  0  1   4   9  14  1  0  3   0  0  1
D.Easley          .255 107 243  38  62 27  2  8  37  18  44  7  0  6   3  1  6
D.Hansen          .136  32  44   3   6  1  0  0   1   6   6  0  0  3   0  0  0
ALL PITCHERS      .143 152 294  20  42 10  0  0  19   8 107  0 54  0   0  0  7
----------------- ---- --- --- --- --- -- -- -- --- --- --- -- -- -- --- -- --
TEAM TOTALS       .293    5333    1560    51    748     911    87     63    64
                       152     800    316   143     519     43   115     22


NAME               ERA  W  L   PCT   G GS CG SH SV    IP   H   R  ER HR  BB  SO
B.Wagner          2.19  3  5  .375  51  0  0  0 29  49.1  35  15  12  8  10  45
B.Looper          4.10  4  0 1.000  41  0  0  0  1  41.2  52  19  19  6   8  27
R.Oswalt          4.38  6  6  .500  18 18  1  0  0 111.0 115  55  54  9  26  93
M.Prior           4.51  4  9  .308  20 19  0  0  0 109.2 117  57  55 18  54 119
J.Isringhausen    4.58  6  6  .500  74  0  0  0  7  92.1  81  52  47 17  37  67
S.Kim             4.74 11  8  .579  67  6  0  0  0 123.1 138  67  65 17  43  73
W.Alvarez         4.82 10  5  .667  42 16  0  0  1 127.0 133  70  68 18  36 123
B.Claussen        4.92  2  3  .400  13 13  0  0  0  64.0  70  37  35  9  31  41
K.Millwood        5.34  5 10  .333  26 26  0  0  0 141.2 162  84  84 18  54 132
A.Harang          5.56  4  6  .400  14 14  0  0  0  79.1  92  49  49 13  22  59
T.Walker          5.63  3  3  .500  57  0  0  0  0  70.1  80  44  44 11  22  52
J.Thomson         5.69  7  9  .438  35 35  0  0  0 193.0 241 124 122 16  70 145
B.Myers           5.81  1  2  .333   5  5  0  0  0  26.1  27  22  17  6  13  14
S.Dohmann         6.42  4  3  .571  69  0  0  0  0  47.2  48  34  34  9  24  43
J.Franco          9.36  1  1  .500  30  0  0  0  1  33.2  44  35  35  6  16  24
R.Wagner         10.69  1  1  .500  20  0  0  0  0  16.0  31  22  19  5  13  10
T.Martin         14.33  1  2  .333  14  0  0  0  0  16.1  30  26  26  9   7   5
ALL NON-PITCHERS  ----  0  0  ----   0  0  0  0  0   0.0   0   0   0  0   0   0
Team                                          5                   -1
----------------- ---- -- -- ----- --- -- -- -- -- ----- --- --- --- -- --- ---
TEAM TOTALS       5.26    79       152     1    39      1496     784    486
                       73     .480    152     5   1342.2     812    195    1072

Primary Player Statistics For 2005 Dou's Crew (DOU) Totals After 152 Games


NAME              BAVG  GM  AB   R   H 2B 3B HR RBI  BB  SO HB SH DP  SB CS  E
A.Miles           .450  15  20   5   9  1  0  0   5   5   3  0  0  1   0  2  2
M.Loretta         .344  93 390  75 134 28  1 16  49  44  32  6  5  5   9  1  6
J.Michaels        .341  19  41   9  14  4  0  0   1   7  16  0  0  1   0  0  0
M.Kotsay          .317 133 483  83 153 20  4  7  48  48  54  1  7  3   8  3  1
S.Casey           .309 146 592  96 183 44  5 26 106  45  54 12  0 31   2  0  7
J.Drew            .309 141 531 119 164 32  9 33 108  87 101  8  0 13   8  3  3
W.Delgado         .304  40  46  10  14  1  1  2   4   2  10  0  0  0   0  0  2
A.Dunn            .293 126 386  75 113 29  0 24  86  75 112  4  0  4   4  1  5
V.Castilla        .291  92 357  58 104 23  3 24  67  25  56  3  0 14   0  0  3
M.Barrett         .291  75 289  44  84 22  5 12  43  21  44  3  0  7   1  2  2
K.Griffey Jr      .280  98 268  55  75 19  0 17  53  46  55  0  0  6   1  0  1
J.Werth           .279  63 172  36  48 12  2 10  33  14  55  2  0  3   0  0  2
E.Renteria        .277 150 600  55 166 43  1  7  77  34  65  0  4  7  18  5 11
J.Closser         .253  58  79  10  20  2  0  0   7   4  16  4  0  4   0  0  0
M.Matheny         .244  68 234  23  57 12  0  3  32  12  47  5  0  7   0  0  0
A.Cora            .243  74 214  26  52  4  1  4  29  19  27 13  8  4   2  1  3
T.Glaus           .224  32  98  16  22  6  0  4  16  10  22  1  0  1   1  0  2
C.Jones           .209  37 115  22  24  3  1  7  12  19  22  1  0  3   0  0  2
T.Perez           .179  14  28   2   5  2  0  0   3   1   5  0  0  0   0  0  1
D.Ward            .167   5  12   1   2  1  0  1   2   0   2  0  0  0   0  0  0
J.Hammonds        .000   5   7   1   0  0  0  0   0   2   3  0  0  0   0  0  0
Y.Torrealba       .000   5   1   0   0  0  0  0   0   0   0  0  0  0   0  0  0
ALL PITCHERS      .196 152 367  29  72 13  3  2  28  20 117  0 37  3   2  2 19
----------------- ---- --- --- --- --- -- -- -- --- --- --- -- -- -- --- -- --
TEAM TOTALS       .284    5330    1515    36    809     918    61     56    72
                       152     850    321   199     540     63   117     20


NAME               ERA  W  L   PCT   G GS CG SH SV    IP   H   R  ER HR  BB  SO
W.Miller          1.89  9  1  .900  16 16  0  0  0  90.2  63  22  19  6  35  75
S.Eyre            2.45  0  0  ----  62  0  0  0  2  51.1  31  16  14  7  21  48
R.Clemens         2.86 20  5  .800  31 31  6  0  0 226.2 165  76  72 26  67 227
B.Lidge           2.88  7  7  .500  80  0  0  0 33  97.0  77  32  31 12  35 125
R.Bottalico       3.19  2  6  .250  73  0  0  0  2  87.1  67  32  31  6  45  60
V.Santos          3.21  1  1  .500   9  1  0  0  0  14.0  19   5   5  0   7   8
P.Byrd            3.53  3  2  .600   9  9  0  0  0  51.0  51  20  20  9  11  36
J.Marquis         3.70 20  6  .769  33 33  4  0  0 214.1 242 102  88 22  82 130
D.Miceli          3.71  2  1  .667  46  0  0  0  4  51.0  44  21  21  8  15  62
A.Eaton           4.02 13 10  .565  31 31  3  1  0 195.0 206  91  87 20  56 135
B.Webb            4.45 10  5  .667  17 17  1  0  0  99.0  84  52  49  5  56  81
C.Qualls          4.50  4  2  .667  28  0  0  0  3  32.0  40  17  16  2   8  22
J.Brower          4.50  3  1  .750  74  0  0  0  2  82.0  95  48  41 11  46  53
K.Ishii           4.68  7  4  .636  14 14  0  0  0  77.0  81  42  40 14  37  57
M.Perisho         ----  0  0  ----   0  0  0  0  0   0.0   0   0   0  0   0   0
ALL NON-PITCHERS  ----  0  0  ----   0  0  0  0  0   0.0   0   0   0  0   0   0
Team                                          4                   -2
----------------- ---- -- -- ----- --- -- -- -- -- ----- --- --- --- -- --- ---
TEAM TOTALS       3.50    51       152    14    46      1265     532    521
                      101     .664    152     5   1368.1     576    148    1119

Primary Player Statistics For 2005 Evenson Odd Dau (EVE) Totals After 152 Games


NAME              BAVG  GM  AB   R   H 2B 3B HR RBI  BB  SO HB SH DP  SB CS  E
B.Bonds           .340  70 244  66  83 20  1 31  69  53  34  7  0  4   3  0  1
J.Davanon         .335  90 251  49  84 12  7  8  24  29  52  0  0  1  21  3  2
B.Giles           .306 152 563  87 172 35  4 25  86  80  63  0  0 11   4  3  4
D.Erstad          .291  42 165  31  48  5  0  2  15  10  35  2  0  1   5  1  1
C.Floyd           .273  38  55   9  15  4  1  2  10   6  14  4  0  0   0  0  0
R.Mackowiak       .262 108 374  48  98 19  5 12  54  28  90 11  0 10   9  0 11
C.Utley           .258  82 267  27  69  9  3  8  43  18  48  5  0  4   6  1  7
J.Reyes           .255  60 157  22  40 12  1  1  14   1  20  0  1  5   6  1 10
K.Matsui          .255  69 212  29  54 14  1  4  17  18  43  0  1  4   2  1 11
D.Garcia          .252  76 123  20  31  8  2  3  21   8  21  8  0  4   1  1  2
R.Barajas         .246 104 358  34  88 25  5 14  43  16  61  3  2  4   0  0 10
J.Conine          .241  82 253  28  61 18  0  6  24  22  39  0  0 10   0  0  5
F.Lopez           .240  33 100  12  24  5  4  3   9  13  29  1  0  4   1  0  5
M.Cameron         .237 119 372  61  88 26  2 22  63  41 122  2  0  3   8  2  5
B.Wilkerson       .228 145 544  92 124 31  2 35  74  74 155  7  0  4   5  2  9
J.Macias          .225  72 218  23  49  4  5  4  18  13  50  0  1  3   3  1  5
M.Kata            .218  78 124  11  27  6  4  1  17  11  22  0  0  3   3  0  4
J.Castro          .215  94 317  25  68 18  2  4  35  11  67  0  1  4   1  0  6
J.Larue           .197  92 249  20  49 11  0  7  33  16  90 19  0  3   0  0  7
R.Lankford        ----   0   0   0   0  0  0  0   0   0   0  0  0  0   0  0  0
ALL PITCHERS      .171 152 286  19  49  8  0  2  17   5 115  0 28  5   0  0 11
----------------- ---- --- --- --- --- -- -- -- --- --- --- -- -- -- --- -- --
TEAM TOTALS       .252    5232    1321    49    686    1170    34     78   116
                       152     713    290   194     473     69    87     16


NAME               ERA  W  L   PCT   G GS CG SH SV    IP   H   R  ER HR  BB  SO
M.Gonzalez        1.58  2  1  .667  52  0  0  0 25  45.2  27   8   8  3   6  51
S.Shields         2.13  6  4  .600  58  0  0  0  5 105.2  72  28  25  6  49 119
R.Madson          2.50  6  3  .667  64  0  0  0  3  86.1  73  27  24  7  19  60
B.Powell          2.68  1  1  .500  23  0  0  0  2  47.0  47  16  14  2  13  28
J.Peavy           3.06 12  8  .600  30 30  0  0  0 170.1 150  61  58 15  52 186
A.Otsuka          3.12  2  6  .250  70  0  0  0 14  80.2  67  31  28 11  35  81
S.Burnett         3.21  1  2  .333   5  5  1  0  0  33.2  41  13  12  3  13   7
M.Stanton         3.22  6  0 1.000  37  0  0  0  1  58.2  54  22  21  4  20  37
C.Carpenter       3.37 13 10  .565  30 30  0  0  0 184.1 179  76  69 19  35 142
V.Zambrano        4.18  9  6  .600  27 27  0  0  0 144.1 115  76  67 13  99 122
C.Lidle           4.99 17 13  .567  38 38  0  0  0 187.2 199 112 104 30  40 101
T.Redding         5.48  7  8  .467  22 22  0  0  0 108.1 129  72  66 18  36  66
C.Harville        5.56  3  1  .750  61  0  0  0  1  68.0  80  43  42  8  33  50
M.Corey           6.39  2  2  .500  23  0  0  0  0  43.2  53  34  31 10  25  31
ALL NON-PITCHERS  ----  0  0  ----   0  0  0  0  0   0.0   0   0   0  0   0   0
Team                                         10                   +0
----------------- ---- -- -- ----- --- -- -- -- -- ----- --- --- --- -- --- ---
TEAM TOTALS       3.75    65       152     1    51      1286     569    475
                       87     .572    152    10   1364.1     619    149    1081

Primary Player Statistics For 2005 Hocking Kongs (HOC) Totals After 152 Games


NAME              BAVG  GM  AB   R   H 2B 3B HR RBI  BB  SO HB SH DP  SB CS  E
V.Guerrero        .337  67 273  42  92 17  3 14  55  16  39  7  0 10   1  1  2
J.Pierre          .336 152 637 108 214 13  8  3  51  34  46  6  4  8  89 30  3
L.Overbay         .317 139 530  95 168 46  2 13  70  61 105  5  0  9   3  2  8
S.Rolen           .311 152 573 103 178 37  6 34 112  91 130  9  1 15   9  7 12
C.Figgins         .281 121 391  51 110 14 16  4  43  30  75  0  3  8  16  5  3
A.Pierzynski      .275 111 371  38 102 23  2 13  42  16  17  9  0 24   0  0  7
J.Burnitz         .272 122 441  66 120 25  1 33 102  53 103  4  0 11   5  2  3
P.Polanco         .263 145 551  52 145 23  0  8  60  35  48 15  2 13   8  3  3
J.Vizcaino        .250  34  92  11  23  4  3  1  11   9  17  0  1  4   2  0  5
R.Quinlan         .244  74 135  18  33  4  0  6  19  16  29  3  0  0   1  1  1
B.Ausmus          .233  62 180  18  42  6  0  3  15  15  34  1  0 10   0  1  2
K.Greene          .224 132 464  50 104 19  3 12  46  44  97  6  0 16   2  4 26
L.Gonzalez        .222  83 126  12  28  7  0  5  18  16  21  1  0  1   0  0  2
E.Valent          .205  43  44   6   9  5  0  1   8   5  13  0  0  1   0  0  0
J.Payton          .200  33  25   2   5  1  0  0   2   2   5  0  0  0   0  0  0
J.Piedra          .158  34  38   1   6  1  0  0   4   1  11  0  0  0   0  0  0
A.Amezaga         .040  47  25   9   1  0  0  0   1   1  11  0  1  1   6  2  0
J.Molina          .000   5   4   0   0  0  0  0   0   0   2  0  0  1   0  0  0
C.Magruder        ----   0   0   0   0  0  0  0   0   0   0  0  0  0   0  0  0
D.Wise            ----   0   0   0   0  0  0  0   0   0   0  0  0  0   0  0  0
ALL PITCHERS      .116 152 337  18  39  6  1  0  15  10 149  0 38  5   0  0  9
----------------- ---- --- --- --- --- -- -- -- --- --- --- -- -- -- --- -- --
TEAM TOTALS       .271    5237    1419    45    674     952    50    142    86
                       152     700    251   150     455     66   137     58


NAME               ERA  W  L   PCT   G GS CG SH SV    IP   H   R  ER HR  BB  SO
O.Moreno          1.29  2  0 1.000  11  0  0  0  2  14.0  13   2   2  0   3   9
J.Patterson       1.80  0  0  ----   2  2  0  0  0  15.0  11   4   3  1   4  11
J.Nathan          2.22  0  3  .000  53  0  0  0 38  69.0  53  17  17  8  22  75
J.Wright          2.85  6  3  .667  13 13  1  0  0  88.1  72  32  28  6  28  80
B.Sheets          3.34 17  8  .680  34 34  6  2  0 242.2 215 104  90 31  30 248
J.Mesa            3.47  3  3  .500  41  0  0  0  0  57.0  48  23  22  4  27  23
S.Linebrink       3.58  9  7  .563  55  0  0  0  2  83.0  63  33  33 13  35  78
S.Trachsel        4.27  6  6  .500  14 14  4  0  0  90.2  84  49  43 13  34  52
J.Suppan          4.35 10 12  .455  30 30  0  0  0 186.1 198  94  90 25  68 106
R.Ortiz           4.65  6  8  .429  28 13  2  1  0  89.0  98  52  46 13  26  64
K.Rueter          4.71  6 13  .316  27 27  0  0  0 168.0 192  92  88 27  58  63
D.Weathers        5.04  2  1  .667  49  1  0  0  0  80.1  90  48  45 11  43  62
D.Willis          5.10  8  5  .615  19 18  2  1  0 107.2 114  65  61 13  38  87
J.Riedling        5.22  2  0 1.000  27  0  0  0  0  39.2  35  24  23  4  25  22
J.Speier          5.51  2  4  .333  23  0  0  0  0  32.2  28  20  20  4  18  28
J.Rauch           ----  0  0  ----   0  0  0  0  0   0.0   0   0   0  0   0   0
J.Lopez           ----  0  0  ----   0  0  0  0  0   0.0   0   0   0  0   0   0
ALL NON-PITCHERS  ----  0  0  ----   0  0  0  0  0   0.0   0   0   0  0   0   0
Team                                          1                   -1
----------------- ---- -- -- ----- --- -- -- -- -- ----- --- --- --- -- --- ---
TEAM TOTALS       4.03    73       152    15    42      1314     610    459
                       79     .520    152     5   1363.1     659    173    1008

Primary Player Statistics For 2005 Johnny Be Goods (FEJ) Totals After 152 Games


NAME              BAVG  GM  AB   R   H 2B 3B HR RBI  BB  SO HB SH DP  SB CS  E
J.Estrada         .322  50 183  28  59 19  0  0   9  21  25  7  0  6   0  0  5
V.Guerrero        .296  72 274  40  81 18  0 10  38  25  45  7  0 13   1  0  5
W.Helms           .263  66 160  18  42 10  4  0   8  11  31  5  0  3   0  0  2
J.Bagwell         .262 126 413  64 108 26  1 13  36  58 120 10  0  9   1  1  3
T.Wigginton       .258 132 329  33  85 18  1  9  31  32  54  1  0  9   2  0 16
M.Bellhorn        .258 146 454  57 117 29  2 15  51  88 143  1  0  7   0  0 22
N.Perez           .253 132 434  39 110 19  1  3  34  28  58  0  0  9   0  0  8
J.Molina          .236  42 148  15  35  6  3  2  11   6  42  0  0  6   0  0  2
Q.McCracken       .234 103 209  21  49 11  0  4  17  21  33  0  0  8   0  0  2
R.Sexson          .234  77  94  15  22  0  0 13  25  12  28  0  0  3   0  0  0
A.Jones           .221 143 543  61 120 19  4 23  73  38 151  4  0 21   1  1  5
R.Chavez          .219  57 178   9  39  9  0  0  13   5  41  0  0  3   0  0  2
C.Wilson          .212 149 546  57 116 35  6 21  88  45 158 24  0 14   0  0  5
P.Wilson          .209  27  43   4   9  2  0  2   5   5   8  0  0  2   0  0  0
R.Clayton         .206  93 355  35  73 13  1  3  23  30  88  1  8 13   0  0  4
J.Castillo        .203  49  69   3  14  3  0  1   5   1  19  0  1  3   1  0  2
G.Zaun            .196  57  97   8  19  2  0  1   6   8  18  0  0  1   0  0  0
T.Salmon          .182  14  44   5   8  1  1  0   2   5  16  1  0  0   0  0  2
A.Gonzalez        .178  38 107   5  19  8  1  1   8   3  21  0  0  7   0  0  3
G.Williams        .161  80 149   8  24  7  2  3  11   6  32  0  0  3   0  0  0
T.Durrington      .143  15   7   3   1  1  0  0   0   0   4  0  0  1   0  0  2
ALL PITCHERS      .124 152 291  12  36 10  0  1  18   9 123  0 32  3   0  0  9
----------------- ---- --- --- --- --- -- -- -- --- --- --- -- -- -- --- -- --
TEAM TOTALS       .231    5127    1186    27    512    1258    41      6    99
                       152     540    266   125     457     61   144      2


NAME               ERA  W  L   PCT   G GS CG SH SV    IP   H   R  ER HR  BB  SO
J.Seo             0.00  0  1  .000   5  0  0  0  0   6.2   5   1   0  0   2   2
B.Koch            0.00  1  0 1.000   3  0  0  0  0   3.1   3   0   0  0   3   2
M.Wise            2.31  2  2  .500  65  0  0  0  3  81.2  67  25  21  1  29  39
J.Speier          2.57  1  3  .250  33  0  0  0 17  28.0  22   9   8  3  11  15
J.Wright          3.12  9  5  .643  16 16  0  0  0  98.0  92  38  34 11  40  82
R.Cormier         3.18  6  1  .857  74  0  0  0  1  99.0  72  36  35  4  29  41
B.Penny           3.24  7  7  .500  24 24  0  0  0 150.0 128  58  54  8  43 105
B.Meadows         3.50  6  7  .462  76  0  0  0  8 105.1 105  46  41 10  14  63
D.Willis          3.86  1  7  .125  16 16  0  0  0  93.1 103  48  40  6  32  62
C.Eldred          4.34  2  4  .333  40  0  0  0  5  45.2  49  25  22  5  18  40
J.Lackey          4.46  2 20  .091  32 32  0  0  0 179.2 211 108  89 18  53 129
J.Lima            4.79  9 13  .409  30 29  0  0  0 173.0 194  99  92 37  32  92
J.Patterson       5.33  1  4  .200   9  9  1  0  0  49.0  45  32  29  6  35  44
S.Trachsel        5.40  3  8  .273  15 15  0  0  0  90.0  95  61  54 20  35  46
J.Riedling        5.61  2  4  .333  43  0  0  0  1  59.1  63  40  37  4  30  37
J.Hancock         6.69  5  6  .455  23 11  0  0  0  75.1  84  57  56 16  26  42
J.Valverde        8.49  0  2  .000  33  0  0  0  1  11.2  13  11  11  3   9  15
J.Acevedo        15.43  0  1  .000   6  0  0  0  0   4.2   9   8   8  2   3   4
ALL NON-PITCHERS  ----  0  0  ----   0  0  0  0  0   0.0   0   0   0  0   0   0
Team                                          7                   +0
----------------- ---- -- -- ----- --- -- -- -- -- ----- --- --- --- -- --- ---
TEAM TOTALS       4.20    95       152     1    36      1360     631    444
                       57     .375    152     7   1353.2     702    154     860

Primary Player Statistics For 2005 Lowoncash (CAS) Totals After 152 Games


NAME              BAVG  GM  AB   R   H 2B 3B HR RBI  BB  SO HB SH DP  SB CS  E
F.Lopez           .444  11   9   2   4  2  0  1   1   0   3  0  0  0   0  0  0
B.Bonds           .381  72 244  69  93 24  2 29  58  73  29  5  0  6   2  0  0
J.Vidro           .312 103 381  48 119 25  0 11  65  37  34  0  0  9   2  2  7
M.Barrett         .295  25 105  16  31  7  0  5  30   9  15  0  0  7   0  0  0
I.Rodriguez       .279  42 165  29  46  7  2 13  34  17  42  1  0  6   1  0  2
D.Erstad          .275  69 287  50  79 20  1  5  19  26  43  2  2  6   6  0  2
M.Matheny         .273  55 216  30  59 15  2  3  26   4  50  1  1  7   0  0  3
E.Young           .267 107 393  65 105 23  4  1  28  40  40 13  2  8  15  1  7
C.Moeller         .267   6  15   1   4  1  0  0   0   2   4  1  0  0   0  0  0
L.Gonzalez        .266 117 323  34  86 12  1 14  43  10  68  4  5  3   1  1  2
R.Cedeno          .266  57  79  13  21  6  3  0   5   5  19  0  0  2   0  0  0
S.Spencer         .260  36  96   8  25  5  1  3  12   8  17  1  0  0   2  0  4
M.Tucker          .260 144 493  59 128 26  6  9  56  55 121  3  4  5   3  0 12
J.Keppinger       .247  63  81   9  20  0  0  4   9   3  14  0  0  3   0  0  0
A.Cintron         .246 142 504  52 124 22  3  7  59  35  68  3  0 14   3  4 16
Y.Molina          .240  10  25   1   6  1  0  0   2   1   4  0  0  0   0  0  0
M.Ensberg         .239 140 502  56 120 30  4  9  59  48  60  0  2 20   4  1 15
L.Terrero         .239  87 222  30  53 10  1  5  22  20  81 12  1  4   5  5 12
C.Floyd           .237  73 270  38  64 19  0  8  24  35  69  4  0  8   2  1  2
D.Glanville       .231  35  52  11  12  4  2  1   8   1   5  0  0  2   3  0  0
E.Perez           .230  60 213  25  49 15  0  6  27  11  49  3  3  7   0  0  1
R.Ventura         .220  86 182  17  40  6  0  2  22  27  40  0  0  2   1  0  1
D.Cruz            .175  56  57   4  10  3  0  0   3   1   8  1  0  0   0  0  1
M.Derosa          .111  10   9   2   1  0  0  0   0   1   1  0  0  0   0  1  0
ALL PITCHERS      .169 152 295   9  50  7  1  0  21  12 105  0 32  6   0  0 17
----------------- ---- --- --- --- --- -- -- -- --- --- --- -- -- -- --- -- --
TEAM TOTALS       .259    5218    1349    33    633     989    52     50   104
                       152     678    290   136     481     54   125     16


NAME               ERA  W  L   PCT   G GS CG SH SV    IP   H   R  ER HR  BB  SO
D.Williams        1.80  1  0 1.000  22  0  0  0  2  25.0  19   5   5  3   6  12
F.Rodriguez       2.20  2  0 1.000  18  0  0  0  0  28.2  23   8   7  1  13  38
D.Graves          3.93  7  3  .700  58  0  0  0  2  66.1  72  31  29  7   9  39
B.Webb            4.11  7  5  .583  16 16  1  0  0 105.0  97  58  48 16  47  76
J.Smoltz          4.12  2  4  .333  30  0  0  0 17  39.1  43  20  18  1  15  36
E.Dessens         4.30  2  3  .400  28  4  0  0  3  58.2  61  28  28  6  22  40
C.Reitsma         4.72  1  4  .200  57  0  0  0  4  76.1  97  46  40  6  18  54
P.Byrd            5.30  1  6  .143  12 12  0  0  0  69.2  81  42  41  9  13  41
O.Perez           5.38 10 15  .400  33 33  2  0  0 195.2 219 124 117 43  57 146
A.Sele            5.52  5 10  .333  30 21  1  0  0 120.2 162  82  74 20  54  53
W.Williams        6.16  9 17  .346  32 32  1  1  0 191.1 245 139 131 31  73 140
S.Estes           7.37  6 19  .240  33 33  1  0  0 180.2 248 163 148 29 112 113
F.Rodriguez       7.41  0  4  .000  51  0  0  0  3  68.0  84  57  56 18  20  60
T.Van Poppel      7.57  2  4  .333  65  1  0  0  1 104.2 145  95  88 15  45  59
B.Donnelly        8.44  1  2  .333  11  0  0  0  2  10.2  12  10  10  3   5  15
R.Biddle          ----  0  0  ----   0  0  0  0  0   0.0   0   0   0  0   0   0
ALL NON-PITCHERS  ----  0  0  ----   0  0  0  0  0   0.0   0   0   0  0   0   0
Team                                          0                   -4
----------------- ---- -- -- ----- --- -- -- -- -- ----- --- --- --- -- --- ---
TEAM TOTALS       5.61    96       152     6    34      1608     836    509
                       56     .368    152     1   1340.2     908    208     922

Primary Player Statistics For 2005 Morgen Grinders (MOR) Totals After 152 Games


NAME              BAVG  GM  AB   R   H 2B 3B HR RBI  BB  SO HB SH DP  SB CS  E
Y.Molina          .400  20  15   2   6  0  0  0   2   2   1  0  0  1   0  0  0
M.Cabrera         .306 142 542  86 166 25  0 34  99  50 122  6  0 14   3  1  4
I.Rodriguez       .305  92 367  59 112 20  1 11  29  29  72  0  0  8   2  0  1
M.Barrett         .301  48 176  17  53 13  3  6  17  16  46  1  0  4   1  1  2
R.Durham          .292 138 506  92 148 29  6 23  78  64  64  5  0  9   7  2 20
S.Finley          .288 152 579  91 167 35  3 43 109  54  84  0  1 13   1  5  2
T.Durrington      .286  21  21   6   6  1  1  1   2   2   6  0  0  2   1  0  0
A.Nunez           .277  41  83  11  23  4  0  2  21   2  14  0  0  0   0  1  1
C.Kotchman        .273   7  11   1   3  1  0  0   0   1   2  0  0  0   0  0  0
J.Guillen         .270 145 519  68 140 25  3 24  75  37  98 11  0 12   3  0  4
D.Bell            .260  71 285  33  74 15  0  5  23  27  36  2  0 13   0  0 17
R.Clayton         .258  56 186  19  48 11  0  5  25   8  50  2  1  4   0  0  2
J.Thome           .251 149 554  96 139 29  2 44 119  90 184  2  0 14   0  0  5
B.Larkin          .242  75 223  31  54  6  2  3  15  25  37  1  0  3   2  1  2
J.Castillo        .238  54  42   7  10  0  0  1   5   6  13  2  0  0   0  0  0
J.Phillips        .232  27  56   8  13  2  0  0   2   3   2  1  0  0   0  0  0
C.Tracy           .228  54 127  13  29  5  2  0  10  16  18  0  0  5   0  0  4
R.Hidalgo         .227  32  44   2  10  1  0  1   4   1  16  1  0  1   1  0  2
C.Jones           .203  73 207  27  42 10  3  6  23  30  41  0  0  7   4  0  5
D.Mohr            .203  39  69   8  14  3  0  2   6  22  15  3  0  1   0  0  1
M.Sweeney         .200  78  80  17  16  6  0  4  11  17  28  3  0  1   0  0  2
A.Gonzalez        .151  57 139  12  21  5  1  2  14   5  32  0  0  9   1  0  5
S.Podsednik       ----   0   0   0   0  0  0  0   0   0   0  0  0  0   0  0  0
ALL PITCHERS      .109 152 359  20  39  6  1  0   4   8 151  0 40  3   0  0  2
----------------- ---- --- --- --- --- -- -- -- --- --- --- -- -- -- --- -- --
TEAM TOTALS       .257    5190    1333    28    693    1132    42     26    81
                       152     726    252   217     515     40   124     11


NAME               ERA  W  L   PCT   G GS CG SH SV    IP   H   R  ER HR  BB  SO
J.Leicester       0.00  0  0  ----   1  0  0  0  0   0.1   0   0   0  0   1   1
F.Rodriguez       1.02  2  3  .400  45  0  0  0 27  62.0  27   7   7  2  27  92
L.Vizcaino        1.59  0  0  ----  17  0  0  0  2   5.2   6   1   1  1   5   7
B.Donnelly        1.86  0  0  ----   8  0  0  0  0   9.2   6   2   2  1   5   7
R.Johnson         1.96 24  5  .828  35 35  7  4  0 266.2 163  60  58 29  51 326
D.Williams        1.98  0  0  ----  10  0  0  0  1  13.2  10   3   3  1   4   9
C.Schilling       3.09 16 10  .615  36 36  3  0  0 244.2 196  93  84 28  47 212
G.Carrara         3.18  6  3  .667  48  0  0  0  4  51.0  47  18  18  1  14  50
D.Davis           3.24 13 10  .565  35 35  4  2  0 217.0 191  93  78 23  68 167
T.Tucker          3.34  2  1  .667  50  0  0  0  0  62.0  65  23  23  8  18  36
T.Glavine         3.51 18  3  .857  35 35  2  1  0 217.2 205  91  85 18  89 106
M.Adams           3.89  2  4  .333  27  0  0  0  4  37.0  36  17  16  1  15  21
B.Kieschnick      3.96  0  2  .000  18  0  0  0  2  25.0  20  11  11  4   3  18
L.Hawkins         4.22  6  9  .400  66  0  0  0 14  74.2  80  39  35  9  16  69
J.Smoltz          5.59  1  3  .250  22  0  0  0  3  19.1  24  12  12  4   6  30
V.Padilla         5.68  7  2  .778  11 11  1  1  0  63.1  70  41  40  8  25  53
ALL NON-PITCHERS  ----  0  0  ----   0  0  0  0  0   0.0   0   0   0  0   0   0
Team                                          6                   -3
----------------- ---- -- -- ----- --- -- -- -- -- ----- --- --- --- -- --- ---
TEAM TOTALS       3.09    55       152    17    57      1146     470    394
                       97     .638    152    14   1369.2     511    138    1204

Primary Player Statistics For 2005 Rivercrypts (SEG) Totals After 152 Games


NAME              BAVG  GM  AB   R   H 2B 3B HR RBI  BB  SO HB SH DP  SB CS  E
L.Walker          .368  61  95  16  35 10  0  8  15  14  15  0  0  0   0  2  0
B.Hawpe           .333  40  45   9  15  2  0  1   2   4  12  0  0  0   0  1  1
M.Lowell          .309 148 601  81 186 37  1 24  90  48  82  5  0 28   1  1  6
J.Bay             .297 118 428  75 127 29  4 32  76  45 140 14 15 10   1  5  2
T.Sledge          .294 126 428  56 126 14 12 20  56  41  88  0  0  7   8  5  2
P.Feliz           .289  65 114  17  33  7  1  2  10   6  17  0  0  3   0  1  3
M.Piazza          .276  69 156  22  43  7  0  9  34  19  30  0  0  3   0  0  4
D.Jimenez         .273 146 554  98 151 35  4 10  46  97  95  3  1  7  15 11  8
P.Nevin           .271 146 576  80 156 35  1 22  86  57 143  8  0 14   0  0  9
J.Cabrera         .260  75 204  29  53  9  1  3  19   8  40  1  3  7   7  1  3
R.Aurilia         .250  33  44   6  11  2  0  1   4   4   7  0  0  3   0  0  1
W.Pena            .249 118 386  47  96 15  1 25  65  16 132  5  0  6   3  5  4
R.Mondesi         .227  12  22   5   5  0  0  2   3   3   9  0  0  1   0  0  0
B.Schneider       .220 130 432  34  95 24  0  7  38  33  69  5  6  8   0  0  1
A.Gonzalez        .206 142 519  58 107 32  0 19  58  24 121  2  0 11   2  0 13
J.Encarnacion     .196  72 245  19  48 20  0  2  23  19  38  1  0  4   5  0  1
X.Nady            .167  24  30   1   5  1  0  1   3   0   4  0  0  1   0  0  0
F.Guzman          ----   0   0   0   0  0  0  0   0   0   0  0  0  0   0  0  0
ALL PITCHERS      .123 152 310  19  38  8  1  0  14   9 114  0 40  5   0  0  5
----------------- ---- --- --- --- --- -- -- -- --- --- --- -- -- -- --- -- --
TEAM TOTALS       .256    5189    1330    26    642    1156    65     42    63
                       152     672    287   188     447     44   118     32


NAME               ERA  W  L   PCT   G GS CG SH SV    IP   H   R  ER HR  BB  SO
G.Aquino          3.12  0  1  .000  14  0  0  0  1  17.1  18   6   6  0  13  12
J.Cruz            3.44  5  5  .500  62  0  0  0  1  89.0  89  43  34  9  39  86
N.Bump            3.60  0  0  ----   2  0  0  0  0   5.0   4   2   2  1   3   3
M.Dejean          3.71  3  2  .600  47  0  0  0  3  63.0  59  28  26  3  34  70
K.Escobar         3.82 12 12  .500  33 33  1  0  0 209.2 192 101  89 25  88 197
H.Ramirez         3.86  1  1  .500  14  0  0  0  0  16.1  19  12   7  1   6   6
T.Worrell         4.04  5  2  .714  54  0  0  0  3  64.2  71  29  29 10  12  58
D.Wells           4.29  8 10  .444  31 31  1  1  0 197.0 223 102  94 29  26 111
J.Weaver          4.41 11 15  .423  34 34  2  1  0 212.1 223 114 104 26  76 157
A.Osuna           4.42  1  2  .333  12  0  0  0  0  18.1  17   9   9  1   7  20
T.Percival        4.50  2  5  .286  52  0  0  0 30  58.0  55  34  29 14  17  36
B.Fuentes         5.01  3  4  .429  43  0  0  0  1  50.1  59  29  28  5  28  53
B.Lawrence        5.30  8  9  .471  21 21  0  0  0 113.2 146  68  67 15  40  90
T.Jones           5.40  2  2  .500  29  0  0  0  0  38.1  54  26  23 10  11  27
P.Norton          5.40  0  1  .000   3  0  0  0  0   3.1   5   3   2  0   2   0
K.Benson          5.45 10 10  .500  33 33  3  0  0 201.1 227 126 122 23  69 117
B.Neal            ----  0  0  ----   0  0  0  0  0   0.0   0   0   0  0   0   0
ALL NON-PITCHERS  ----  0  0  ----   0  0  0  0  0   0.0   0   0   0  0   0   0
Team                                          2                   -1
----------------- ---- -- -- ----- --- -- -- -- -- ----- --- --- --- -- --- ---
TEAM TOTALS       4.44    81       152     7    39      1461     670    471
                       71     .467    152     4   1357.2     732    172    1043

Primary Player Statistics For 2005 Russell M'Ups (FER) Totals After 152 Games


NAME              BAVG  GM  AB   R   H 2B 3B HR RBI  BB  SO HB SH DP  SB CS  E
N.Garciaparra     .386  95 329  54 127 19  4  9  47  29  33  5  0 11   5  0 10
J.Snow            .333  74 168  33  56 23  0  7  23  35  43  4  0  2   0  0  1
M.Grudzielanek    .332  85 283  43  94 13  2 14  38  10  33  0  2  6   1  2  4
J.Carroll         .325  82 234  36  76 13  0  0  29  28  29  2  0  4   5  1  5
T.Hollandsworth   .304 105 158  20  48  6  1  8  25  17  37  0  0  3   0  0  2
J.Kendall         .301 145 584  90 176 32  0  5  56  54  57 19  4 11   5  4 11
M.Byrd            .300  28  10   9   3  0  0  1   6   1   1  0  0  2   2  0  0
D.Lee             .294  54 201  34  59 10  0 14  42  24  42  1  1  9   4  1  0
J.Edmonds         .291 152 573 124 167 36  6 48 127 113 178  5  0  9   6  0  6
S.Burroughs       .287 129 463  54 133 20  3  1  40  30  46 12  0 11   4  4 17
M.Ojeda           .277  61  83   9  23  1  0  4  20  11  19  0  0  1   0  0  1
K.Ginter          .273  81 227  43  62 13  3 10  30  22  71  6  1  5   1  1  5
M.Alou            .272 144 522  78 142 28  4 34 110  71  72  0  0 15   1  0  9
C.Beltran         .271  98 384  81 104 25  5 33  89  50  77  4  0 13  14  1  6
L.Walker          .265  40  83  19  22  7  0  8  14  16  16  4  0  3   0  0  0
J.Cirillo         .261  36  88   8  23  6  0  0  11   5  18  0  0  1   0  0  2
M.Grissom         .231  93 355  51  82 15  3 18  52  18  52  0  1 18   0  1  1
R.Martinez        .217 102 240  18  52 14  1  1  20  22  41  1  3  7   0  0  9
C.Stynes          .000   3   1   0   0  0  0  0   0   0   0  0  0  0   0  0  0
D.Ross            ----   0   0   0   0  0  0  0   0   0   0  0  0  0   0  0  0
ALL PITCHERS      .129 152 318  19  41  8  0  0  15  12 126  0 51  4   0  0  9
----------------- ---- --- --- --- --- -- -- -- --- --- --- -- -- -- --- -- --
TEAM TOTALS       .281    5304    1490    32    794     991    63     48    98
                       152     823    289   215     568     63   135     15


NAME               ERA  W  L   PCT   G GS CG SH SV    IP   H   R  ER HR  BB  SO
E.Gagne           2.28  8  2  .800  41  0  0  0 17  59.1  46  16  15  5  17  86
J.Christiansen    3.49  0  1  .000  23  0  0  0  1  28.1  22  13  11  1  26  14
L.Ayala           3.64  4  2  .667  70  0  0  0  6 111.1 115  49  45 15  28  80
A.Alfonseca       4.20  7  5  .583  76  0  0  0  1  96.1 113  47  45  8  37  59
A.Burnett         4.49  6  8  .429  21 21  4  1  0 132.1 131  71  66 11  52 129
D.Burba           4.62  2  4  .333  64  0  0  0  3  97.1  98  55  50 11  37  76
J.Wright          4.65  4  6  .400  14 14  0  0  0  79.1  80  43  41  5  43  49
D.Hermanson       4.91 11  5  .688  24 23  1  0  0 141.0 144  81  77 24  53 106
J.Fogg            5.16 12  9  .571  27 27  2  0  0 151.2 172  96  87 24  41  79
U.Urbina          5.68  7  7  .500  59  0  0  0  7  77.2  77  50  49 14  43  74
B.Colon           6.13  4  5  .444  13 13  1  0  0  76.1  90  53  52 12  38  55
E.Milton          6.25  2  8  .200  17 17  1  1  0  95.0 115  74  66 23  49  69
J.Washburn        6.38  7  5  .583  20 20  2  0  0 110.0 139  84  78 24  34  66
R.Vogelsong       6.52  0  0  ----   4  0  0  0  0   9.2  11   8   7  0  10   8
J.Williams        7.05  6  5  .545  17 17  0  0  0  83.0 112  67  65 20  27  51
I.Valdez          ----  0  0  ----   0  0  0  0  0   0.0   0   0   0  0   0   0
J.Fassero         ----  0  0  ----   0  0  0  0  0   0.0   0   0   0  0   0   0
ALL NON-PITCHERS  ----  0  0  ----   0  0  0  0  0   0.0   0   0   0  0   0   0
Team                                          1                   -4
----------------- ---- -- -- ----- --- -- -- -- -- ----- --- --- --- -- --- ---
TEAM TOTALS       5.00    72       152    11    35      1465     750    535
                       80     .526    152     3   1348.2     807    197    1001

Primary Player Statistics For 2005 Skramalonians (SKR) Totals After 152 Games


NAME              BAVG  GM  AB   R   H 2B 3B HR RBI  BB  SO HB SH DP  SB CS  E
T.Womack          .349  95 281  40  98 11  1  6  46  29  31  2  0  4  15  2 10
J.Estrada         .342  55 190  28  65 16  0  4  25  14  36  5  0 12   0  0  5
P.Lo Duca         .338  99 314  38 106 19  2  7  40  26  25  5  0 14   1  1  2
O.Palmeiro        .333   6   6   2   2  0  0  0   2   2   1  0  0  0   0  0  0
M.Giles           .318  61 173  28  55 11  0  1  17  23  35  2  0  2   0  0  9
A.Ramirez         .307  62 251  29  77 14  0  7  45  21  28  3  0 15   0  0  3
J.Franco          .300 115 280  40  84 16  5  1  28  27  62  4  0  7   0  0  2
B.Clark           .294 113 343  50 101 19  4  3  34  44  52 10  1  3  14  1  3
D.Wright          .293  73 242  26  71 15  1  5  28   8  34  2  0  5   0  0  5
R.Freel           .286 138 518  84 148 19  8  2  32  69  97 17  6  9  46  4  9
G.Zaun            .278  56 162  23  45 18  0  2  16  22  32  3  0  6   0  0  4
D.Bautista        .270  78 211  31  57 11  0  6  27  20  36  1  0  8   0  1  2
J.Wilson          .265 147 634  56 168 32  8  7  97  10  84  2  1 26   1  0 14
R.Klesko          .263  59 179  26  47 16  1  3  23  28  30  0  0  2   0  1  4
M.Bradley         .263  65 240  29  63 18  0  5  28  29  56  3  2 11   4  1  4
E.Chavez          .252  77 282  37  71  6  5  2  32   8  20  0  1  3  17  0  1
A.Laroche         .229  61 223  26  51 17  1  5  26  12  53  1  0  2   0  0  3
A.Kearns          .226  55 115  22  26  4  3  6  18  24  39  0  0  1   0  0  3
T.Batista         .219  79 187  19  41  5  1 11  41   9  26  1  0  8   0  0  2
R.Chavez          .182   8  11   1   2  0  0  0   0   0   3  0  0  0   0  0  0
J.McEwing         .139  17  36   3   5  0  0  1   3   1  15  0  0  2   0  0  0
P.Reese           .121  39  91   4  11  2  0  2   7   7  28  0  0  4   3  1  2
T.Goodwin         .000  16   9   1   0  0  0  0   0   0   7  0  0  0   1  0  0
R.Fick            ----   0   0   0   0  0  0  0   0   0   0  0  0  0   0  0  0
ALL PITCHERS      .129 152 334  32  43  9  0  4  25  10 117  0 42  2   0  0 12
----------------- ---- --- --- --- --- -- -- -- --- --- --- -- -- -- --- -- --
TEAM TOTALS       .271    5312    1437    40    640     947    53    102    99
                       152     675    278    90     443     61   146     12


NAME               ERA  W  L   PCT   G GS CG SH SV    IP   H   R  ER HR  BB  SO
S.Torres          1.71  6  3  .667  60  0  0  0  3 100.0  80  21  19  5  22  83
T.Hoffman         1.76  6  1  .857  32  0  0  0 13  41.0  26   9   8  1   8  40
C.Fossum          1.80  1  0 1.000   1  1  0  0  0   5.0   2   1   1  1   4   5
J.Schmidt         2.85 16 10  .615  32 32  6  3  0 233.2 176  81  74 18  82 263
K.Calero          2.98  1  1  .500  33  0  0  0  1  48.1  27  17  16  6  10  49
A.Leiter          3.40  6  2  .750  14 14  0  0  0  87.1  81  37  33  5  41  64
G.Mota            3.41  5  4  .556  64  0  0  0  5  92.1  73  38  35  9  32  91
C.Zambrano        3.56 18  9  .667  32 32  8  2  0 227.2 215  98  90 22  85 194
S.Kline           4.24  2  2  .500  44  0  0  0  2  34.0  32  17  16  2  10  23
S.Sparks          4.28  2  3  .400  23  4  0  0  1  48.1  55  30  23  8  15  22
M.Hampton         4.62  5 11  .313  30 30  1  0  0 169.1 202  94  87 14  65  81
C.Cordero         4.83  4  2  .667  31  0  0  0 10  41.0  40  22  22  6  27  33
D.Tankersley      5.46  1  2  .333  15  2  1  0  0  29.2  40  20  18  4  11  24
K.Wells           5.89  8 11  .421  25 25  0  0  0 133.0 169  95  87 16  82 104
C.Vargas          6.20  2  8  .200  28 12  0  0  0  85.2  99  60  59 18  44  75
ALL NON-PITCHERS  ----  0  0  ----   0  0  0  0  0   0.0   0   0   0  0   0   0
Team                                          2                   +0
----------------- ---- -- -- ----- --- -- -- -- -- ----- --- --- --- -- --- ---
TEAM TOTALS       3.84    69       152    16    35      1317     588    538
                       83     .546    152     7   1376.1     640    135    1151

Primary Player Statistics For 2005 Slattery Incarn (SLA) Totals After 152 Games


NAME              BAVG  GM  AB   R   H 2B 3B HR RBI  BB  SO HB SH DP  SB CS  E
B.Abreu           .320 152 556  98 178 47  0 26 123 125 112  6  0  9  44 13  3
J.Mabry           .316 131 250  30  79 17  0 10  38  29  70  1  2  3   0  0  5
J.Rollins         .281 152 640  90 180 37  5 10  65  53  83  1 17  4  29 10  7
D.Roberts         .281 106 352  71  99 11  4  3  25  47  47  5 10 11  47 19  2
S.Hillenbrand     .278 124 446  42 124 26  0  8  47  23  52 10  0  9   3  0 19
H.Choi            .252 121 341  49  86 16  2 14  47  62  86  3  0  5   2  0 11
G.Bennett         .250  28  60   6  15  3  0  0   3   3   6  0  0  3   0  0  0
R.Hidalgo         .250  37 116  16  29  6  0  7  15  11  33  1  0  4   0  3  1
J.Kent            .242 148 559  72 135 29 13 17  77  53 100  1  0 24   6  1  8
C.Counsell        .241 103 199  25  48  6  1  1  13  26  43  2  5  1   9  2  0
S.Sosa            .233 149 562  83 131 22  1 41 106  69 153  4  0 16   0  0  4
B.Molina          .230 106 339  33  78  7  0 12  43  24  44  1  0  8   0  0  5
R.Vazquez         .227  55  44   5  10  2  0  0   3   7  12  0  0  1   0  0  1
S.Podsednik       .213  48 160  20  34  7  0  2  12  10  18  2  6  1  16  4  1
T.Zeile           .186  56  59   5  11  2  0  2   6  10  20  0  0  0   0  0  1
H.Blanco          .153  61 157  13  24  2  0  4  10  14  38  1  0  2   0  0  4
M.Izturis         .152  48  46   8   7  2  0  2   7   5   7  0  0  0   0  5  0
S.Halter          ----   0   0   0   0  0  0  0   0   0   0  0  0  0   0  0  0
ALL PITCHERS      .101 152 327  19  33  3  0  0   9   9 133  0 31  4   0  0 17
----------------- ---- --- --- --- --- -- -- -- --- --- --- -- -- -- --- -- --
TEAM TOTALS       .250    5213    1301    26    649    1057    71    156    89
                       152     685    245   159     580     38   105     57


NAME               ERA  W  L   PCT   G GS CG SH SV    IP   H   R  ER HR  BB  SO
A.Simpson         2.70  1  0 1.000   6  0  0  0  0   6.2   5   2   2  0   2   1
A.Benitez         2.84  4  4  .500  49  0  0  0 33  69.2  43  25  22  5  32  69
B.Tomko           3.51  6  4  .600  15 15  2  2  0  95.0  74  38  37  5  40  49
D.Dreifort        3.55  4  4  .500  58  0  0  0  0  78.2  65  33  31  4  53  88
S.Reed            3.66  6  8  .429  75  0  0  0  0  93.1 102  44  38 17  18  69
J.Kennedy         3.93 12  6  .667  29 29  1  0  0 171.2 171  82  75 14  51 115
A.Cook            4.19  1  3  .250   8  8  0  0  0  43.0  40  20  20  5  10  12
K.Mercker         4.63  2  6  .250  57  0  0  0  0  70.0  55  39  36  7  48  55
R.Ortiz           4.67  7 12  .368  33 33  1  1  0 183.0 185 102  95 22  99 130
K.Gryboski        4.80  1  3  .250  64  0  0  0  2  75.0  83  42  40  4  26  43
C.Silva           4.89  6 13  .316  25 25  1  1  0 138.0 175  82  75 18  28  46
M.Clement         4.91  7 10  .412  28 28  3  0  0 170.1 158 103  93 31  62 182
R.Wolf            5.06  3  5  .375  14 14  0  0  0  78.1  82  48  44 11  31  56
D.Sanchez         5.35  7  7  .500  72  0  0  0  1 101.0 125  62  60 10  26  64
S.Chacon          ----  0  0  ----   0  0  0  0  0   0.0   0   0   0  0   0   0
P.Munro           ----  0  0  ----   0  0  0  0  0   0.0   0   0   0  0   0   0
ALL NON-PITCHERS  ----  0  0  ----   0  0  0  0  0   0.0   0   0   0  0   0   0
Team                                          1                   -2
----------------- ---- -- -- ----- --- -- -- -- -- ----- --- --- --- -- --- ---
TEAM TOTALS       4.36    85       152     8    36      1363     666    526
                       67     .441    152     5   1373.2     722    153     979

Primary Player Statistics For 2005 Tresspassers (TRE) Totals After 152 Games


NAME              BAVG  GM  AB   R   H 2B 3B HR RBI  BB  SO HB SH DP  SB CS  E
A.Ramirez         .324  75 293  45  95 16  0 23  55  30  41  1  0 10   0  0  6
D.Wright          .313  47  48   5  15  4  1  1   6   3  10  0  0  3   0  0  0
A.Laroche         .310  39 145  22  45 16  0  7  23  15  29  0  0  1   1  0  6
M.Giles           .309  50 178  27  55 14  0  3  14  20  31  5  3  3   5  5 12
J.Spivey          .299  90 157  29  47 11  0  7  26  27  33  7  1  2   4  2  6
T.Greene          .299  58 147  15  44 16  0  2  19   8  22  0  0  7   0  0  0
D.Mohr            .297  69 155  25  46 12  0  7  26  26  39  1  0  4   0  0  1
M.Cairo           .287 117 328  48  94 11  3  8  35   9  31 11  6  7  10  3  9
E.Chavez          .279  65 233  19  65 10  2  0  24   7  14  0  2  3   9  3  0
S.Podsednik       .278  27  36   7  10  2  0  0   3   2   7  0  1  1   4  1  1
L.Berkman         .275  50 189  26  52 10  0  7  18  29  28  5  0  2   1  3  0
D.Eckstein        .268 152 626  74 168 30  1  1  39  53  58  8  5  8  18  9  7
R.Sanders         .264 131 420  47 111 20  4 25  82  25 120  3  1 13  15  4  6
S.Green           .263 146 555  81 146 32  0 33  87  62 124  9  0 21   6  2  3
B.Hill            .253  96 249  22  63 10  0  0  19  23  46 13  0  8   0  0  4
K.Robinson        .250  68  80   7  20  1  0  0   2   5  11  0  1  0   6  4  0
M.Redmond         .248  92 250  21  62 18  1  0  18  14  18  5  0  8   3  1  0
P.Reese           .243  38  37   5   9  1  0  0   2   2  12  0  1  0   0  0  1
N.Johnson         .237  84 207  28  49 10  0 10  26  32  45  3  0 11   2  2  0
R.Klesko          .226  71 239  30  54 21  1  4  22  48  33  0  1  9   1  1  0
C.Johnson         .218  68 193  14  42 12  0  3  19  21  59  0  0  4   1  1  3
M.Bradley         .175  25  97   9  17  1  0  1   7   6  31  1  0  1   1  1  1
N.Green           ----   2   0   0   0  0  0  0   0   0   0  0  0  0   0  0  0
R.Fick            ----   0   0   0   0  0  0  0   0   0   0  0  0  0   0  0  0
ALL PITCHERS      .131 152 298  19  39  6  0  1  21  12 114  0 35  7   0  0 10
----------------- ---- --- --- --- --- -- -- -- --- --- --- -- -- -- --- -- --
TEAM TOTALS       .261    5160    1348    13    593     956    57     87    76
                       152     625    284   143     479     72   133     42


NAME               ERA  W  L   PCT   G GS CG SH SV    IP   H   R  ER HR  BB  SO
R.Seanez          1.97  6  1  .857  36  0  0  0  0  50.1  29  13  11  3  16  48
T.Harikkala       2.66  2  1  .667  45  0  0  0  1  47.1  37  16  14  8  21  25
M.Remlinger       2.83  2  2  .500  33  0  0  0  3  35.0  27  14  11  1  14  34
T.Ohka            2.90  2  3  .400   6  6  2  1  0  40.1  44  15  13  2   6  16
K.Wood            3.41  8  7  .533  25 25  1  0  0 155.2 137  63  59 15  66 149
T.Hoffman         3.52  2  5  .286  25  0  0  0 10  23.0  26   9   9  3  10  23
J.Witasick        4.44  1  2  .333  57  0  0  0  2  50.2  47  26  25  6  27  50
A.Pettitte        4.76  2  8  .200  16 16  0  0  0  87.0  89  50  46 10  37  71
J.Jennings        5.00 11  9  .550  29 28  2  0  0 183.2 204 107 102 24 104 116
P.Wilson          5.04 10 11  .476  28 28  4  0  0 187.1 213 112 105 31  60 111
N.Lowry           5.53  1  2  .333  53  2  0  0  2  83.0  93  52  51 12  31  62
A.Leiter          5.56  4  8  .333  17 16  0  0  0  90.2  86  56  56 11  56  52
J.Beckett         6.03  6 13  .316  25 25  0  0  0 137.1 149  96  92 15  62 131
K.Gregg           6.43  2  6  .250  60  0  0  0  4  85.1 108  64  61 12  34  88
R.King            7.23  0  2  .000  43  0  0  0  1  23.2  24  19  19  1  23  10
C.Cordero         7.53  0  2  .000  17  0  0  0  6  14.1  18  14  12  4  15  12
C.Fossum          7.67  0  3  .000   6  6  0  0  0  29.1  38  31  25  5  19  26
K.Farnsworth     11.86  1  7  .125  51  0  0  0  1  22.0  37  29  29  8  13  28
ALL NON-PITCHERS  ----  0  0  ----   0  0  0  0  0   0.0   0   0   0  0   0   0
Team                                          7                   -4
----------------- ---- -- -- ----- --- -- -- -- -- ----- --- --- --- -- --- ---
TEAM TOTALS       4.92    92       152     9    30      1406     736    614
                       60     .395    152     8   1346.0     786    171    1052
