Primary Player Statistics For 2006 Avery Tards (AVC) Totals After 152 Games


NAME              BAVG  GM  AB   R   H 2B 3B HR RBI  BB  SO HB SH DP  SB CS  E
W.Aybar           .337  56  89  24  30  9  0  1  16  29  16  0  0  0   2  0  3
D.Lee             .333 149 609 139 203 48  2 50 116  68 106  4  0 23   8  1  4
A.Cintron         .333  48  57  11  19  3  1  3   8   4   9  1  0  1   0  1  1
D.Navarro         .332  66 190  30  63 13  0  7  35  22  19  0  0  3   0  0  0
M.Jacobs          .325  67  77  17  25  6  0 12  28  19  22  2  0  1   0  0  0
L.Walker          .315  90 343  66 108 24  3 20  59  27  74 11  0  7   1  0  2
C.Barmes          .310  49  58   9  18  3  0  2  11   3  11  2  0  1   0  0  2
G.Jenkins         .303 138 498  76 151 35  2 14  54  52 127 26  0 15   0  0  6
K.Griffey Jr      .302 128 523  92 158 36  0 34 113  46 103  2  0 11   0  0  4
M.Alou            .296  48 115  21  34  6  1  6  19  14  11  0  0  4   1  0  6
M.Grudzielanek    .292  72 274  22  80 11  0  2  21  14  45  6  1 10   1  0  5
B.Hawpe           .273   4  11   0   3  0  0  0   0   1   2  0  0  0   0  0  0
R.Furcal          .266 143 598  76 159 31 11 12  56  59  79  0  3 16  44 16 11
J.Michaels        .259  89 321  49  83 16  0  2  28  34  54  5  2  2   1  2  2
R.Weeks           .250   7  12   0   3  0  0  0   0   2   1  0  0  1   0  0  0
M.Lieberthal      .247  97 344  30  85 25  0  9  59  21  26  8  0 10   0  0  5
M.Loretta         .236  70 263  30  62 11  1  0  25  19  22  1  3 12   5  2  6
T.Glaus           .230 145 525  88 121 22  0 38 111  90 159  8  0 13   3  1 13
J.Repko           .189  54  53   6  10  4  0  0   5   3  17  0  0  1   1  0  0
M.Lowell          .167  16  18   1   3  2  0  0   2   1   1  0  0  0   0  0  1
M.Redmond         .100  10  20   0   2  0  0  0   1   1   4  0  0  1   0  0  0
D.Ardoin          .053   7  19   1   1  0  0  0   0   2   8  0  0  2   0  0  0
ALL PITCHERS      .201 152 358  31  72 10  1  1  21  13 120  0 48  6   0  0  8
----------------- ---- --- --- --- --- -- -- -- --- --- --- -- -- -- --- -- --
TEAM TOTALS       .278    5375    1493    22    788    1036    57     67    79
                       152     819    315   213     544     76   140     23


NAME               ERA  W  L   PCT   G GS CG SH SV    IP   H   R  ER HR  BB  SO
T.Jones           2.18  8  3  .727  66  0  0  0 34  86.2  83  25  21  2  15  83
D.Wheeler         2.18  2  2  .500  22  0  0  0  1  33.0  23   9   8  2   6  30
J.Padilla         2.34  4  2  .667  27  0  0  0  3  34.2  24  10   9  0  13  13
Z.Duke            2.42  3  1  .750  10 10  1  1  0  63.1  48  18  17  3  21  57
B.Hennessey       2.56  6  1  .857   8  8  1  1  0  59.2  49  19  17  4  24  36
B.Colon           3.51 19  7  .731  31 31  6  3  0 215.1 201  93  84 28  41 149
C.Hensley         3.57  4  1  .800  24  0  0  0  2  35.1  38  14  14  0  18  24
S.Eyre            3.75  5  4  .556  64  0  0  0  5  86.1  70  38  36  3  35  90
B.Boyer           3.86  1  1  .500  36  0  0  0  1  39.2  36  18  17  3  14  37
D.Haren           3.89 13  4  .765  27 27  1  1  0 178.1 187  80  77 14  47 145
R.Dempster        4.00  7  6  .538  58  6  0  0  2  99.0  95  47  44  6  59  97
J.Smoltz          4.06  5  4  .556  16 16  5  2  0 106.1 103  57  48 12  38  71
C.Capuano         4.08 12  8  .600  32 32  1  1  0 198.1 176 102  90 29  90 151
R.Villone         4.50  0  2  .000  18  0  0  0  0  20.0  15  10  10  2  13  23
M.Prior           6.06  3  7  .300  11 11  2  1  0  68.1  71  47  46 15  32  72
R.Wolf            6.41  3  4  .429  11 11  0  0  0  60.1  68  44  43 16  20  53
R.Ortiz           ----  0  0  ----   0  0  0  0  0   0.0   0   0   0  0   0   0
ALL NON-PITCHERS  ----  0  0  ----   0  0  0  0  0   0.0   0   0   0  0   0   0
Team                                          4                   +0
----------------- ---- -- -- ----- --- -- -- -- -- ----- --- --- --- -- --- ---
TEAM TOTALS       3.78    57       152    17    48      1287     581    486
                       95     .625    152    14   1384.2     631    139    1131

Primary Player Statistics For 2006 B-Rads (CO2) Totals After 152 Games


NAME              BAVG  GM  AB   R   H 2B 3B HR RBI  BB  SO HB SH DP  SB CS  E
O.Palmeiro        .308  91 234  35  72 27  1  4  28  14  31  6  4  5   1  2  1
A.Pujols          .296  88 355  54 105 22  1 24  68  35  52  5  0 12   2  2  9
B.Clark           .291 149 526  69 153 27  0  8  45  53  39 13  2 13  10  9  1
M.Cameron         .286  70 203  50  58 19  2  9  30  26  52  8  0  3  12  1  4
J.Vidro           .283 110 350  40  99 26  3  8  56  34  37  0  1 10   0  0 10
A.Gonzalez        .277 127 372  53 103 20  0 19  54  23  98  7  0 10   3  1 20
J.Franco          .270  94 163  22  44 10  1 10  28  18  35  0  0  7   2  0  1
R.Hernandez       .267 115 401  49 107 27  1 13  55  45  54  0  0 18   1  1  5
R.Clayton         .266  79 222  19  59 10  2  2  30  22  54  0  3 13   3  1  5
J.Cruz Jr         .260 115 285  48  74 18  2 13  35  54  85  0  0 10   1  0  2
C.Sullivan        .257 125 417  56 107 11  5  5  27  35 102  5  6  9   9  3  6
N.Green           .252  89 218  25  55 11  2  2  24  25  66 14 11  5   3  1  7
J.Randa           .248 150 585  66 145 42  1 16  67  44  98  4  0 13   0  0 15
M.Piazza          .241  63 170  18  41 10  0  3  19  19  32  3  0  4   1  0  3
M.Lamb            .233  51 103  13  24  5  1  6  19  12  28  1  0  4   0  0  2
C.Guzman          .185  22  27   3   5  2  1  2   7   3   7  0  1  0   0  0  0
E.Chavez          .170  42 135  10  23  4  1  0   5   8  23  0  6  1   0  1  2
J.Thome           .159  39  88  12  14  1  0  1  10  21  38  2  0  5   0  0  1
J.Cruz            .048   8  21   1   1  0  0  0   1   1  12  1  0  0   0  0  1
B.McCann          .000   3   2   0   0  0  0  0   0   0   0  0  0  0   0  0  0
K.Hill            .000   2   4   0   0  0  0  0   0   0   2  0  0  0   0  0  0
ALL PITCHERS      .128 152 312  11  40  6  1  0  18  11 122  0 48  1   0  0 14
----------------- ---- --- --- --- --- -- -- -- --- --- --- -- -- -- --- -- --
TEAM TOTALS       .256    5193    1329    25    626    1067    82     48   109
                       152     654    298   145     503     69   143     22


NAME               ERA  W  L   PCT   G GS CG SH SV    IP   H   R  ER HR  BB  SO
T.Armas Jr        1.25  2  0 1.000   4  4  0  0  0  21.2  12   3   3  2   5  12
R.Vogelsong       2.88  7  3  .700  73  0  0  0  4 103.0  82  37  33  6  55  56
D.Cortes          3.36  5  6  .455  62  0  0  0 12  83.0  76  33  31 10  28  55
J.Isringhausen    3.47  2  4  .333  38  0  0  0 22  46.2  39  18  18  0  21  40
C.Hammond         3.90  9  5  .643  61  0  0  0  3  92.1  77  45  40 19  21  53
T.Hudson          4.15 10 10  .500  32 30  2  0  0 204.0 202 108  94 21  84 121
J.Lackey          4.27  9 14  .391  36 36  1  0  0 217.1 229 124 103 17  89 201
O.Perez           4.50  6  6  .500  20 20  0  0  0 112.0 120  60  56 16  22  73
V.Padilla         4.66  9  9  .500  26 26  2  1  0 146.2 148  78  76 18  68  98
J.Fassero         4.74  8  6  .571  59  9  0  0  1  93.0 120  50  49 12  38  56
J.Jennings        5.00  3 10  .231  23 22  1  0  0 129.2 148  84  72 19  54  86
N.Bump            5.17  0  1  .000  33  0  0  0  1  47.0  49  30  27  7  25  27
P.Astacio         5.35  2  6  .250  34  5  0  0  1  74.0  93  46  44 11  33  38
R.Bottalico       ----  0  0  ----   0  0  0  0  0   0.0   0   0   0  0   0   0
J.Francis         ----  0  0  ----   0  0  0  0  0   0.0   0   0   0  0   0   0
ALL NON-PITCHERS  ----  0  0  ----   0  0  0  0  0   0.0   0   0   0  0   0   0
Team                                          2                   -1
----------------- ---- -- -- ----- --- -- -- -- -- ----- --- --- --- -- --- ---
TEAM TOTALS       4.24    80       152     6    44      1395     645    543
                       72     .474    152     3   1370.1     716    158     916

Primary Player Statistics For 2006 Beer & Bretzels (FLE) Totals After 152 Games


NAME              BAVG  GM  AB   R   H 2B 3B HR RBI  BB  SO HB SH DP  SB CS  E
C.Woodward        .351  94 154  22  54 10  0  3  14   8  43  2  0  1   0  0  1
M.Grudzielanek    .293  67 280  22  82 17  1  3  26  14  48  4  1  9  13  3  1
B.Molina          .280 110 372  32 104 19  0 10  41  27  48  0  1 11   0  0  4
C.Delgado         .279  93 365  51 102 20  3 17  57  30  93 10  0 12   0  0  5
C.Figgins         .279  76 323  44  90  7  4  2  16  26  56  0  5  2  44  8  7
J.Gerut           .272  82  81   9  22  3  0  1   2   8   7  0  0  6   4  0  0
M.Lowell          .266  75 289  32  77 27  1  5  24  19  45  1  0  8   1  0  1
N.Garciaparra     .265  70  98   6  26  4  0  4  17   4  14  0  0  3   0  0  1
M.Alou            .259  66 251  31  65  7  0  6  31  31  23  5  0  9   0  0  4
M.Izturis         .250  20  40   6  10  2  1  0   2   4   1  0  0  1   5  1  0
J.Cirillo         .244  40  41   2  10  3  0  0   5   5   4  0  0  1   1  0  0
G.Anderson        .241 145 572  60 138 31  2 20  66  27  84  0  0 22   1  1  3
C.Izturis         .236  88 297  18  70 10  1  1  17  11  49  2  0  7   7  4 10
O.Robles          .235  51 162   9  38  7  0  1   8  20  15  2  0  4   0  0  2
C.Biggio          .233  80 288  35  67 13  0 14  37  12  54 11  0  7   1  1  7
M.Loretta         .232  39  82   4  19  2  0  0   5   9   9  3  1  3   0  0  0
B.Hawpe           .221  54 195  23  43  7  2  5  15  24  58  0  0  3   0  1  1
C.Beltran         .219 142 521  52 114 32  0 15  51  55 102  5  1 15   9  1  4
P.Feliz           .206  59 223  24  46  6  1  8  22  15  46  0  0 10   0  0  2
J.Werth           .197  73 122   9  24  2  0  3   9  17  41  0  0  2   1  0  1
L.Terrero         .184  41  49   9   9  3  0  2   6   3  15  2  0  1   1  0  0
C.Snyder          .101  65 169  13  17  3  0  3   9  19  43  5  0  6   0  0  2
J.Carroll         ----   0   0   0   0  0  0  0   0   0   0  0  0  0   0  0  0
L.Bigbie          ----   0   0   0   0  0  0  0   0   0   0  0  0  0   0  0  0
J.Valentin        ----   0   0   0   0  0  0  0   0   0   0  0  0  0   0  0  0
R.Mondesi         ----   0   0   0   0  0  0  0   0   0   0  0  0  0   0  0  0
ALL PITCHERS      .116 152 275  14  32  4  0  0  10  10  91  0 34  4   1  0 15
----------------- ---- --- --- --- --- -- -- -- --- --- --- -- -- -- --- -- --
TEAM TOTALS       .240    5249    1259    16    490     989    43     89    71
                       152     527    239   123     398     52   147     20


NAME               ERA  W  L   PCT   G GS CG SH SV    IP   H   R  ER HR  BB  SO
B.Hennessey       3.00  0  0  ----   1  1  0  0  0   9.0   5   3   3  0   6   6
J.Smoltz          3.28  5  6  .455  15 15  2  0  0 109.2 108  43  40  6  21  98
A.Otsuka          3.48  5  5  .500  67  0  0  0  2  95.2  89  43  37  3  39  77
U.Urbina          3.52  3  7  .300  75  0  0  0 18  94.2  65  40  37 17  42 113
J.Washburn        3.96  7 14  .333  29 29  3  2  0 182.0 216  91  80 18  67 105
J.Mesa            4.50  1  0 1.000   4  0  0  0  1   6.0   8   4   3  2   1   4
K.Wells           4.79  1  5  .167  12 12  0  0  0  73.1  69  44  39 12  36  59
D.Kolb            4.94  1  2  .333  43  0  0  0  0  54.2  55  30  30  5  25  37
T.Coffey          5.40  0  0  ----   5  0  0  0  0   5.0   8   3   3  0   3   4
L.Cormier         5.69  2  4  .333  42  0  0  0  0  61.2  66  41  39 10  34  54
A.Burnett         5.71  4  9  .308  18 18  1  1  0 104.0 133  74  66  9  43 103
B.Backe           6.02  5 17  .227  29 29  0  0  0 154.0 187 106 103 23  72 105
R.Ortiz           6.15  1  9  .100  15 15  0  0  0  82.0 117  65  56 16  18  39
V.Santos          6.68  4 15  .211  83  5  0  0  0 161.2 218 122 120 33  69  94
J.Fogg            6.69  4 12  .250  29 28  0  0  0 141.1 189 111 105 31  38  81
A.Benitez         7.13  2  2  .500  30  0  0  0  1  35.1  41  29  28 10  24  38
ALL NON-PITCHERS  ----  0  0  ----   0  0  0  0  0   0.0   0   0   0  0   0   0
Team                                          2                   -2
----------------- ---- -- -- ----- --- -- -- -- -- ----- --- --- --- -- --- ---
TEAM TOTALS       5.17   107       152     6    22      1574     787    538
                       45     .296    152     5   1370.0     849    195    1017

Primary Player Statistics For 2006 Co Operators (COO) Totals After 152 Games


NAME              BAVG  GM  AB   R   H 2B 3B HR RBI  BB  SO HB SH DP  SB CS  E
M.Cabrera         .345  60 232  41  80 15  0 14  46  26  47  2  0  7   1  0  5
B.McCann          .313  18  48   9  15  2  0  3   9   4   6  1  0  3   0  0  1
A.Pujols          .305  64 256  39  78  6  1 12  37  29  28  3  0  6   4  1  3
A.Kennedy         .294  92 326  52  96 26  0  1  34  28  40  8  3  3  18  2  2
B.Giles           .292 152 568  93 166 48  4 16  84 115  70  1  0 11   7  2  6
J.Valentin        .290  90 238  34  69 12  0 10  37  21  40  0  0  4   0  0  3
V.Diaz            .286  29  28   3   8  3  0  2   3   0   8  0  0  2   0  0  0
R.Winn            .285 144 551  91 157 51  5 13  69  31  81  5 10 15  29 11  0
B.Hall            .275 129 462  66 127 37 10 11  50  27 104  0  0 23  13  5 13
J.Bay             .263 152 577  84 152 34  5 27  95  87 154  3  0 10   6  2  5
C.Duffy           .256  95  82  15  21  4  1  0   8  11  21  1  0  2   2  0  1
M.Cameron         .254  36  71  14  18  6  0  4  13  10  13  0  0  0   1  1  2
L.Overbay         .254  85 284  39  72 18  0  7  39  56  57  1  0 11   0  0  7
J.Hardy           .252  59 119  12  30  9  1  1  19  11  14  0  8  2   0  0  4
A.Everett         .247 111 364  38  90 22  0  7  38  17  80  7  0  4  20  9 12
D.Easley          .240  89 287  41  69 19  2 10  42  22  50  2  0 10   1  0  7
J.Larue           .240  97 329  29  79 20  0 10  34  31  89 13  3  9   0  0  4
R.Shealy          .190  68  58   2  11  2  0  0   4  15  15  0  0  0   0  0  0
S.Rolen           .171  40  35   5   6  1  0  1   2   9   8  1  0  0   1  0  0
E.Chavez          .000   2   1   0   0  0  0  0   0   0   0  0  0  0   0  0  0
J.Thome           ----   0   0   0   0  0  0  0   0   0   0  0  0  0   0  0  0
ALL PITCHERS      .187 152 332  19  62 13  1  0  28   5 115  0 30  0   0  0  4
----------------- ---- --- --- --- --- -- -- -- --- --- --- -- -- -- --- -- --
TEAM TOTALS       .268    5248    1406    30    691    1040    54    103    79
                       152     726    348   149     555     48   122     33


NAME               ERA  W  L   PCT   G GS CG SH SV    IP   H   R  ER HR  BB  SO
A.Heilman         1.34  5  0 1.000  21  8  0  0  5  67.1  43  12  10  4  15  49
J.Mecir           2.28  3  1  .750  23  0  0  0  0  27.2  31   7   7  1   8  34
H.Carrasco        2.59  9  6  .600  67  0  0  0  2  97.1  70  30  28  9  46  86
J.Accardo         2.66  1  0 1.000  27  0  0  0  2  20.1  18   7   6  1   3  11
B.Wagner          2.67  7  4  .636  64  0  0  0 31  87.2  68  29  26  9  15  78
D.Turnbow         2.70  1  1  .500  23  0  0  0  0  30.0  18  12   9  5  20  34
J.Tavarez         3.40  0  1  .000  36  0  0  0  1  42.1  36  18  16  0  14  31
B.Myers           3.99  9 11  .450  31 31  0  0  0 191.2 167  91  85 21  60 183
L.Ayala           4.00  2  1  .667  40  0  0  0  1  45.0  51  24  20  7   6  24
N.Lowry           4.09 12  6  .667  32 32  2  2  0 196.0 197  94  89 22  69 153
J.Isringhausen    4.18  3  1  .750  20  0  0  0  0  23.2  23  11  11  2  12  23
K.Millwood        4.27 10  9  .526  28 28  0  0  0 156.0 163  78  74 18  51 123
B.Webb            4.91 10 15  .400  30 30  3  1  0 183.1 215 104 100 15  46 116
O.Perez           5.44  0  4  .000   9  9  0  0  0  44.2  44  29  27 11  30  44
J.Vargas          5.45  6  7  .462  32 11  0  0  0  77.2  78  50  47  5  33  61
R.Springer        6.62  0  4  .000  38  0  0  0  0  34.0  46  25  25  7  14  27
T.Armas Jr        7.36  0  2  .000   3  3  0  0  0  14.2  15  12  12  4   3  10
F.Osoria          9.00  0  1  .000  23  0  0  0  0  19.0  34  22  19  3   5   9
ALL NON-PITCHERS  ----  0  0  ----   0  0  0  0  0   0.0   0   0   0  0   0   0
Team                                          7                   -1
----------------- ---- -- -- ----- --- -- -- -- -- ----- --- --- --- -- --- ---
TEAM TOTALS       4.04    74       152     5    42      1317     610    450
                       78     .513    152    10   1358.1     655    144    1096

Primary Player Statistics For 2006 Dou's Crew (DOU) Totals After 152 Games


NAME              BAVG  GM  AB   R   H 2B 3B HR RBI  BB  SO HB SH DP  SB CS  E
J.Francoeur       .341  63 167  32  57 12  3 10  28   6  42  3  0  5   2  0  0
C.Kotchman        .336  42 110  18  37  6  0 11  22  11   9  0  1  0   1  0  4
J.Estrada         .329  94 353  29 116 42  0  7  55   9  41  4  0  8   0  0  2
M.Redmond         .310  65 126  10  39  8  0  1  20   7  19  4  0  1   0  0  0
M.Bradley         .288  85 285  45  82 13  1 10  38  28  56  6  0  6   2  1  2
O.Vizquel         .280  51 186  19  52  6  1  0  16  13  14  1  1  6  11  4  1
K.Greene          .269  78 294  29  79 15  1 13  47  18  58  5  1 10   0  0 14
R.Durham          .257 141 576  77 148 45  0 14  50  81  73 11  0 15   6  1 12
C.Wilson          .256 111 211  39  54 14  1  6  18  34  64  9  0  1   0  1  0
A.Dunn            .255 147 534 105 136 42  0 41  99  93 172 12  0  7   0  2 24
J.Drew            .255  80 275  56  70  6  1 23  50  46  50  6  0  5   1  0  5
E.Alfonzo         .245 110 343  30  84 17  0  3  27  41  28  3  0  8   3  1 10
D.Ardoin          .244  36  90   3  22  3  0  2   8   5  36  8  1  5   0  2  0
H.Cota            .240  24  50   4  12  2  0  2   5   1  16  3  0  2   0  0  0
W.Pena            .234  99 278  36  65 14  0 14  37  18  88  1  0  5   1  1  5
R.Klesko          .233 128 477  80 111 22  2 27  62  84 105  0  0  9   2  1  3
D.Cruz            .209  80 211  14  44  8  0  4  19   8  38  0  1  6   0  0  5
D.Bell            .205  83 263  29  54 14  0  8  37  19  24  2  0  5   0  0  6
D.Mohr            .143  39  77  14  11  2  0  6  12   5  22  0  0  3   0  0  0
A.Laroche         .037  22  27   0   1  0  0  0   0   1   8  0  0  3   0  0  0
C.Baerga          ----   0   0   0   0  0  0  0   0   0   0  0  0  0   0  0  0
ALL PITCHERS      .137 152 335  22  46  5  1  1  15   9 132  0 38  6   1  0 12
----------------- ---- --- --- --- --- -- -- -- --- --- --- -- -- -- --- -- --
TEAM TOTALS       .251    5268    1320    11    665    1095    43     30   105
                       152     691    296   203     537     78   116     14


NAME               ERA  W  L   PCT   G GS CG SH SV    IP   H   R  ER HR  BB  SO
D.Wheeler         2.01  3  1  .750  42  0  0  0  5  58.1  40  14  13  4  13  41
J.Eischen         2.21  4  3  .571  44  0  0  0  3  40.2  50  12  10  1  19  29
J.Lieber          2.69  4  4  .500  12 12  2  0  0  80.1  66  26  24  6  16  70
R.Clemens         3.51  9  6  .600  20 20  5  1  0 148.2 124  63  58 12  54 141
M.Gonzalez        3.67  1  2  .333  66  0  0  0  5  54.0  43  24  22  2  45  59
M.Morris          3.85 12  8  .600  28 27  3  2  0 175.1 177  80  75 21  40  97
C.Qualls          4.12  3  5  .375  43  0  0  0  2  67.2  60  33  31  8  24  54
B.Looper          4.38  3  3  .500  76  0  0  0  7  63.2  81  36  31  9  30  28
R.Cormier         4.86  1  3  .250  15  0  0  0  1  16.2  16   9   9  2   9  13
B.Kim             5.27  2 12  .143  19 19  0  0  0 109.1 135  68  64 12  63  73
C.Lidle           5.33  5 14  .263  27 27  0  0  0 136.2 164  84  81 21  29  77
G.Maddux          5.43 12 13  .480  37 37  2  0  0 228.2 276 147 138 34  48 128
R.Villone         5.70  0  2  .000  35  0  0  0  4  47.1  47  36  30  9  24  52
J.Thomson         6.24  1  3  .250  10 10  0  0  0  49.0  71  35  34  4  15  31
S.Mitre           6.70  3 10  .231  62  0  0  0  4  90.0 121  72  67 14  45  62
H.Bell            ----  0  0  ----   0  0  0  0  0   0.0   0   0   0  0   0   0
ALL NON-PITCHERS  ----  0  0  ----   0  0  0  0  0   0.0   0   0   0  0   0   0
Team                                          2                   +0
----------------- ---- -- -- ----- --- -- -- -- -- ----- --- --- --- -- --- ---
TEAM TOTALS       4.53    89       152    12    31      1471     687    474
                       63     .414    152     5   1366.1     739    159     955

Primary Player Statistics For 2006 Evenson Odd Dau (EVE) Totals After 152 Games


NAME              BAVG  GM  AB   R   H 2B 3B HR RBI  BB  SO HB SH DP  SB CS  E
J.Reyes           .316 152 632  88 200 26 21  7  64  20  64  1  2  4  50  8 11
M.Sweeney         .294  72 248  40  73 16  0  4  21  33  67  0  0  6   3  2  7
C.Utley           .283 134 445  72 126 29  2 25  77  59  90  1  0  9  17  1 14
D.Roberts         .278 116 424  63 118 27  8  6  50  45  71  0  0 12  29  3  2
B.Eldred          .273  22  22   4   6  0  0  4   7   0  10  0  0  2   0  0  0
L.Berkman         .272 122 423  66 115 29  1 25  71  68  76  8  0 17   3  0  4
R.Sanders         .268 110 339  58  91 16  1 24  57  32  74  3  0  6   6  5  3
C.Lee             .247 149 523  61 129 35  0 17  74  65  86  1  0  5   8  1  8
L.Niekro          .244  92 209  19  51 13  4  6  24  15  34  1  0 15   0  0  2
R.Barajas         .240 130 430  50 103 27  0 23  76  30  70  6  0 13   0  0 12
T.Pratt           .237  77 198  22  47  7  0  7  24  21  49  1  0  3   0  0  1
M.Anderson        .232  30  69   5  16  1  0  1   8   3  13  0  0  2   1  0  2
J.Spivey          .231  80 173  32  40 11  2  3   8  22  58  1  0  3   5  1  1
K.Stinnett        .231  37  26   4   6  1  0  3   8   1  11  2  0  1   0  0  0
T.Wigginton       .229  86 175  25  40  8  1  8  21  15  33  2  0  3   0  0  7
W.Betemit         .207  87 271  21  56 11  2  3  23  16  74  0  0  6   0  1 11
E.Encarnacion     .197  74 198  16  39 12  0  2  13  10  73  4  0  5   0  1  8
E.Bruntlett       .191  53 131  16  25  6  1  1  10  10  28  4  0  9   6  1  3
ALL PITCHERS      .134 152 298  14  40  4  0  0  15   9 105  0 22  8   0  0  2
----------------- ---- --- --- --- --- -- -- -- --- --- --- -- -- -- --- -- --
TEAM TOTALS       .252    5234    1321    43    651    1086    24    128    98
                       152     676    279   169     474     35   129     24


NAME               ERA  W  L   PCT   G GS CG SH SV    IP   H   R  ER HR  BB  SO
A.Reyes           2.39  5  4  .556  55  0  0  0 28  52.2  33  16  14  7  21  58
J.Foster          2.67  2  2  .500  25  0  0  0  2  27.0  24   8   8  1  14  16
C.Carpenter       3.08 16 11  .593  36 35  0  0  0 225.0 202  87  77 21  63 195
S.Shields         3.54  4  5  .444  63  0  0  0  9 101.2  79  45  40  3  47 115
R.Hernandez       3.95  6  6  .500  73  0  0  0  2  84.1  80  45  37  9  38  73
D.Davis           4.00 11  9  .550  35 35  0  0  0 223.0 204 109  99 31  80 193
G.Majewski        4.02  2  6  .250  75  0  0  0  1 100.2 102  47  45  2  40  49
M.Koplove         4.97  2  2  .500  56  0  0  0  1  76.0  83  43  42  8  33  43
C.Park            5.26  7  8  .467  23 20  0  0  0 106.0 102  63  62  9  56  77
M.Redman          5.77  7 10  .412  28 28  0  0  0 145.0 160  96  93 19  66  95
B.Tomko           5.80 10 11  .476  34 34  0  0  0 170.2 219 114 110 21  50 108
K.Gregg           6.30  4  2  .667  36  0  0  0  0  60.0  72  44  42  9  28  44
J.Halama          ----  0  0  ----   0  0  0  0  0   0.0   0   0   0  0   0   0
K.Correia         ----  0  0  ----   0  0  0  0  0   0.0   0   0   0  0   0   0
ALL NON-PITCHERS  ----  0  0  ----   0  0  0  0  0   0.0   0   0   0  0   0   0
Team                                          7                   +0
----------------- ---- -- -- ----- --- -- -- -- -- ----- --- --- --- -- --- ---
TEAM TOTALS       4.39    76       152     0    43      1360     669    536
                       76     .500    152     7   1372.0     717    140    1066

Primary Player Statistics For 2006 Hocking Kongs (HOC) Totals After 152 Games


NAME              BAVG  GM  AB   R   H 2B 3B HR RBI  BB  SO HB SH DP  SB CS  E
P.Polanco         .352  74 310  53 109 22  1  5  18  32  17  7  0  5   6  3  3
R.Mackowiak       .341  40  41   7  14  4  0  1   4   2   8  0  0  0   1  1  0
L.Gonzalez        .333  29  87  11  29 10  0  3  11   2  14  0  0  2   0  0  1
G.Zaun            .299  31  67  10  20  3  2  0   1  12   7  0  0  3   2  1  1
F.Sanchez         .295 149 651  75 192 36  5  7  62  27  54  6  7  8   4  3 22
B.Ausmus          .290  44 131  18  38  7  0  2  16  12  15  2  1  5   1  0  0
P.Burrell         .271 106 376  54 102 22  0 15  48  91 108  2  0  8   0  0  4
L.Overbay         .265  40  34   5   9  1  1  1   3   6   7  0  0  2   0  1  0
A.Pierzynski      .264 108 367  38  97 18  0 16  45  18  62 11  1 14   0  0  1
T.Clark           .262  61 187  19  49 12  0  7  21  19  60  0  0  3   0  0  1
A.Ramirez         .261  80 310  31  81 17  0 11  49  21  49  6  0 13   0  1 10
S.Hillenbrand     .259  76 336  30  87 18  0  7  30   7  55 11  0 16   1  1  4
C.Moeller         .250  30  48   4  12  3  0  0   2   0   8  0  0  0   0  0  1
H.Luna            .245  70 102  17  25  6  1  1   3   5  19  2  0  2   8  4  3
G.Atkins          .241  60 232  23  56  7  0  1  14  28  29  1  0  6   0  0  9
D.Mientkiewicz    .232  69 181  16  42 12  0  9  29  11  29  2  0 12   0  0  5
J.Castillo        .232  65 203  17  47  8  1  4  21  23  41  0  0  6   3  1  5
J.Burnitz         .230 152 604  51 139 24  5 18  69  48 101  0  0 23  11  3  2
C.Patterson       .223 128 367  39  82 14  1  7  33  17  91  0  0  6   5  5  5
J.Payton          .223  97 229  22  51  9  2  7  24  16  28  0  0  7   0  0  0
J.Encarnacion     .213  45 188  19  40  9  0  6  30  13  37  2  0  5   1  0  0
L.Gonzalez        .173  56  52   8   9  1  0  2   4   8   8  2  0  1   0  1  0
R.Martinez        .091  18  22   2   2  1  0  0   1   1   0  0  0  1   0  0  1
W.Valdez          ----   0   0   0   0  0  0  0   0   0   0  0  0  0   0  0  0
O.Quintanilla     ----   0   0   0   0  0  0  0   0   0   0  0  0  0   0  0  0
ALL PITCHERS      .148 152 298  19  44  9  0  2  19  17 112  0 40  1   0  0 10
----------------- ---- --- --- --- --- -- -- -- --- --- --- -- -- -- --- -- --
TEAM TOTALS       .254    5423    1376    19    557     959    49     43    88
                       152     588    273   132     436     54   149     25


NAME               ERA  W  L   PCT   G GS CG SH SV    IP   H   R  ER HR  BB  SO
D.Turnbow         1.46  5  2  .714  37  0  0  0 15  55.1  39  13   9  2  25  50
J.Rauch           2.70  2  1  .667  23  0  0  0  2  40.0  32  12  12  4   9  23
E.Loaiza          3.14  5  6  .455  19 19  3  2  0 129.0 117  46  45 10  34  96
J.Tavarez         3.32  3  2  .600  39  0  0  0  2  57.0  52  22  21  4  16  47
D.Weathers        3.53  3  5  .375  66  0  0  0  8  99.1  82  42  39  9  50  82
J.Suppan          3.90 11 14  .440  40 29  1  0  0 205.1 204  94  89 25  76 120
T.Stauffer        3.91  0  1  .000   3  3  1  0  0  23.0  18  10  10  2  10   9
J.Schmidt         3.93  3  5  .375  11 11  0  0  0  68.2  59  36  30  6  33  70
K.Wood            3.94  2  5  .286  44  2  0  0  0  77.2  78  39  34 16  47  96
M.Carvajal        4.19  6  9  .400  60  0  0  0  1  81.2  76  42  38  9  42  77
B.Moehler         4.64  3  9  .250  25 23  0  0  0 130.0 169  70  67 15  31  69
R.Seanez          5.18  4  6  .400  57  0  0  0  5  92.0 106  60  53 16  29 106
V.Zambrano        5.76  4 13  .235  30 30  0  0  0 159.1 169 109 102 16 104  99
B.Lawrence        6.02  4 17  .190  33 32  0  0  0 169.0 213 118 113 20  59  94
R.Drese           8.44  1  1  .500   3  3  0  0  0  16.0  22  15  15  2   6   5
J.Accardo         ----  0  0  ----   0  0  0  0  0   0.0   0   0   0  0   0   0
ALL NON-PITCHERS  ----  0  0  ----   0  0  0  0  0   0.0   0   0   0  0   0   0
Team                                          3                   +0
----------------- ---- -- -- ----- --- -- -- -- -- ----- --- --- --- -- --- ---
TEAM TOTALS       4.34    96       152     5    33      1436     677    571
                       56     .368    152     5   1403.1     728    156    1043

Primary Player Statistics For 2006 Johnny Be Goods (FEJ) Totals After 152 Games


NAME              BAVG  GM  AB   R   H 2B 3B HR RBI  BB  SO HB SH DP  SB CS  E
T.Greene          .400   6   5   2   2  0  0  1   2   2   2  0  0  1   0  0  0
J.Guillen         .351  44 168  29  59 10  1 10  33  15  26  5  0  9   0  0  3
M.Murton          .336  41 122  20  41  5  4  6  20   9  22  0  0  1   2  0  0
K.Lofton          .325  97 348  57 113 12  9  2  23  39  39  2  0  2  23  4  5
A.Perez           .305  73 259  36  79 13  6  2  30  18  69  6  0  9  11  1 10
J.Vizcaino        .303  27  33   2  10  2  0  0   0   1   7  0  0  0   0  0  1
W.Helms           .297  67 172  22  51 12  5  4  25  14  27  1  0  4   1  0  3
J.Kent            .291  45 179  33  52 14  0 13  30  17  31  4  0  6   2  0  7
A.Jones           .289 144 530  99 153 18  4 53 136  68 112 18  0 14   3  0  2
E.Garabito        .283  69  99  12  28  2  0  1  10   8  13  5  2  2   7  0  3
J.Rodriguez       .277  54 137  22  38  7  0  4  14  14  44  3  0  0   1  0  0
N.Perez           .270 150 574  51 155 36  1  9  47  28  54  1 12 24   7  1  9
R.Castro          .270  68 163  23  44 18  0  7  23  18  37  0  0  2   1  1  2
R.Sexson          .245 143 531  94 130 34  0 42 103  90 164  4  0 14   0  0  6
R.Freel           .234 112 354  62  83 15  1  5  25  48  50  7  2  9  39 11 10
D.McPherson       .232  73 194  26  45 15  0  6  23  23  56  0  0  8   0  0  7
B.Johnson         .227  37  22  10   5  1  0  2   6   8   7  0  0  1   0  0  0
P.Wilson          .221  89 290  34  64  7  2 10  32  29  89  5  0  7   0  2  4
R.Doumit          .220  38 132  10  29 10  0  3  17   5  31  8  0  2   0  0  5
S.Burroughs       .196  38  97   8  19  1  0  1   8   7  21  2  0  3   0  0  1
J.Closser         .173  80 243  15  42  9  2  3  24  30  51  0  0  8   1  0  6
M.Tucker          .154  73 175  16  27  5  0  3  19  23  32  2  1  8   2  0  0
ALL PITCHERS      .135 152 348  18  47  8  1  0  12  11 139  0 51  5   0  0  5
----------------- ---- --- --- --- --- -- -- -- --- --- --- -- -- -- --- -- --
TEAM TOTALS       .254    5175    1316    36    662    1123    68    100    89
                       152     701    254   187     525     73   139     20


NAME               ERA  W  L   PCT   G GS CG SH SV    IP   H   R  ER HR  BB  SO
R.Helling         1.87  4  1  .800  52  0  0  0  4  43.1  29   9   9  0  17  35
B.Shackelford     2.42  3  0 1.000  35  0  0  0  3  22.1  11   6   6  2   5  21
P.Martinez        2.77 16 10  .615  32 32 11  5  0 237.0 179  81  73 20  53 229
D.Willis          2.98 14 14  .500  34 33  7  2  0 248.0 212  93  82 14  71 159
J.Valverde        3.02  2  5  .286  54  0  0  0 26  56.2  47  21  19  5  19  70
M.Wise            3.27  8  3  .727  53  0  0  0  4  74.1  54  33  27 13  18  64
J.Patterson       3.68 12 13  .480  30 30  4  1  0 205.2 183  96  84 25  68 200
B.Penny           4.24 11  5  .688  29 29  3  0  0 184.2 198  90  87 25  39 122
C.Eldred          4.95  3  1  .750  31  0  0  0  1  40.0  46  26  22  3  24  29
E.Santana         5.35  8  6  .571  18 18  2  0  0 111.0 127  69  66 13  39  75
K.Davies          5.44  4  4  .500  10 10  0  0  0  51.1  62  33  31  5  24  24
G.Geary           5.85  0  1  .000  38  0  0  0  0  52.1  57  34  34  6  24  39
G.Carrara         6.06  1  0 1.000  20  0  0  0  2  32.2  41  23  22  5  25  24
R.White           9.93  0  3  .000  17  0  0  0  0  22.2  40  27  25  4   9  17
S.Munter          ----  0  0  ----   0  0  0  0  0   0.0   0   0   0  0   0   0
ALL NON-PITCHERS  ----  0  0  ----   0  0  0  0  0   0.0   0   0   0  0   0   0
Team                                          1                   +0
----------------- ---- -- -- ----- --- -- -- -- -- ----- --- --- --- -- --- ---
TEAM TOTALS       3.82    66       152    27    40      1286     587    435
                       86     .566    152     9   1382.0     641    140    1108

Primary Player Statistics For 2006 Lowoncash (CAS) Totals After 152 Games


NAME              BAVG  GM  AB   R   H 2B 3B HR RBI  BB  SO HB SH DP  SB CS  E
T.Hollandsworth   .375  10   8   1   3  1  0  1   2   0   1  0  0  0   0  0  0
R.Ledee           .351  42  37   8  13  2  0  2   5   5   7  1  0  0   0  0  0
J.Piedra          .317  83  82  13  26  8  2  3   8   7  10  1  0  1   4  3  0
T.Helton          .289 146 512  81 148 52  4 17  74  89  88 10  0 14   1  2  9
J.Carroll         .279  31  43   5  12  1  0  0   4   6   7  0  0  0   1  0  0
C.Floyd           .279 150 570  96 159 20  7 35  88  50 104 14  0 15   8  2  1
J.Pierre          .273 152 652  78 178 15 22  1  55  27  55 11  9  4  55 20  2
F.Lopez           .266 149 541  72 144 31  7 14  67  50 109  0  2 17  11  1 27
R.Fick            .250  42  44   2  11  1  0  0   5   4   5  1  0  1   0  0  1
J.Wilson          .246 151 625  67 154 26  9 13  71  25  47  5  8  9   6  0  9
M.Ensberg         .243 148 544  83 132 23  1 25  71  82 124 10  1 11   7  6 18
Y.Molina          .236  47 110   5  26  5  0  1  14   9  10  0  0  2   0  0  2
J.Macias          .235  52  51   4  12  2  0  0   4   2  11  0  0  0   0  0  2
B.Wilkerson       .224 152 523  49 117 40  3  6  75  68 152  6  3 13   4  9  6
M.Matheny         .202 127 411  41  83 26  0 11  54  16  79  6  0 11   0  0  1
J.Davanon         .200  43  30  10   6  3  0  0   1   6   9  0  0  0   6  2  0
J.Cirillo         .143  19  21   4   3  1  0  0   1   4   5  0  0  0   2  0  0
ALL PITCHERS      .122 152 343  21  42  6  1  1  20  17 117  0 27  2   0  0  5
----------------- ---- --- --- --- --- -- -- -- --- --- --- -- -- -- --- -- --
TEAM TOTALS       .247    5147    1269    56    619     940    50    105    83
                       152     640    263   130     467     65   100     45


NAME               ERA  W  L   PCT   G GS CG SH SV    IP   H   R  ER HR  BB  SO
J.Grabow          1.87  2  1  .667  34  0  0  0  0  43.1  29  11   9  5  20  31
B.Lidge           1.87  6  3  .667  63  0  0  0 47  77.0  56  21  16  3  28  97
B.Donnelly        2.24  6  2  .750  51  0  0  0  2  68.1  55  18  17  7  23  57
A.Burnett         2.73  9  1  .900  15 15  2  1  0 105.2  87  34  32  6  34  94
S.Estes           2.89  3  0 1.000   4  4  0  0  0  28.0  26  11   9  5   5  20
P.Byrd            2.98 12  6  .667  30 30  6  3  0 199.1 202  71  66 18  26 108
J.Marquis         3.56 17  8  .680  31 31  3  0  0 204.2 183  84  81 32  58  80
E.Dessens         3.76 11  3  .786  50  0  0  0  3  79.0  68  34  33  8  28  49
D.Lowe            4.15 11 14  .440  36 36  1  0  0 225.1 214 109 104 23  77 140
B.Halsey          4.23  8  9  .471  27 20  1  0  0 129.2 151  65  61 16  40  73
C.Reitsma         4.30  0  4  .000  50  0  0  0  2  60.2  86  33  29  3  13  40
C.Vargas          4.33  2  4  .333  40  1  0  0  1  79.0  77  39  38 12  23  51
D.Williams        8.15  1  9  .100  16 15  1  0  0  74.0  87  69  67 20  31  47
Y.Brazoban        ----  0  0  ----   0  0  0  0  0   0.0   0   0   0  0   0   0
G.Mota            ----  0  0  ----   0  0  0  0  0   0.0   0   0   0  0   0   0
J.Mesa            ----  0  0  ----   0  0  0  0  0   0.0   0   0   0  0   0   0
K.Wells           ----  0  0  ----   0  0  0  0  0   0.0   0   0   0  0   0   0
ALL NON-PITCHERS  ----  0  0  ----   0  0  0  0  0   0.0   0   0   0  0   0   0
Team                                          9                   +0
----------------- ---- -- -- ----- --- -- -- -- -- ----- --- --- --- -- --- ---
TEAM TOTALS       3.68    64       152    14    55      1321     562    406
                       88     .579    152    13   1374.0     599    158     887

Primary Player Statistics For 2006 Morgen Grinders (MOR) Totals After 152 Games


NAME              BAVG  GM  AB   R   H 2B 3B HR RBI  BB  SO HB SH DP  SB CS  E
P.Polanco         .346  64 272  44  94 18  0  8  27  32  19  5  0  1   3  3  3
A.Nunez           .318  92 258  30  82 11  1  3  31  22  50  0 15  3   0  0  2
S.Green           .299 119 428  65 128 34  2 13  54  39  86  8  0 10   9  1  0
C.Tracy           .297 135 522  71 155 33  3 27  97  26  76  3  0 15   3  0  2
M.Barrett         .296 148 521  65 154 48  1 12  65  57  82  7  0 11   0  0 12
C.Jones           .293 116 379  66 111 35  0 17  53  66  63  0  0 16   2  0  3
M.Byrd            .286  57 133  19  38 10  0  0  18  12  35  2  2  0   0  0  1
J.Castillo        .272  69 206  29  56 11  2  7  29  14  30  0  0  8   1  0  6
A.Gonzalez        .259 146 555  58 144 41  0  7  64  22  96  5  0 17   5  3 13
J.Edmonds         .252 140 520  90 131 33  4 34  82  94 161  3  0 11   3  1  4
T.Clark           .241  53 187  31  45 14  1 12  44  19  64  1  0  5   0  0  1
S.Hillenbrand     .234  56 167  21  39  9  0  8  23   5  25 13  0  7   1  0  2
E.Young           .228  69 123  21  28  5  0  0   4  15  17  0  3  4   9  0  2
D.Erstad          .226  82 137  13  31  5  1  2   9  14  35  0  1  3   2  2  0
A.Kearns          .212 122 378  54  80 22  2 12  45  44 111  6  0 15   0  0  2
L.Harris          .196  53  56   5  11  6  0  0   5   5  11  2  0  2   0  0  1
T.Linden          .170  34  53   4   9  1  0  2   3   3  22  0  0  1   0  0  0
M.Treanor         .154  58  39   1   6  1  0  0   2   1  10  0  0  4   0  0  1
R.Chavez          .000  25  17   1   0  0  0  0   0   1   5  0  0  1   0  0  2
ALL PITCHERS      .162 152 308  18  50  5  2  1  20  14 123  0 35  4   0  0  7
----------------- ---- --- --- --- --- -- -- -- --- --- --- -- -- -- --- -- --
TEAM TOTALS       .265    5259    1392    19    675    1121    56     38    64
                       152     706    342   165     505     55   138     10


NAME               ERA  W  L   PCT   G GS CG SH SV    IP   H   R  ER HR  BB  SO
B.Medders         2.08  2  3  .400  25  0  0  0  1  30.1  16   8   7  4  12  34
B.Thompson        2.29  2  3  .400  54  0  0  0  1  78.2  67  22  20  6  18  47
A.Fultz           2.34  6  1  .857  76  0  0  0  2  96.1  67  27  25  7  32  66
K.Escobar         2.52  1  1  .500  59  0  0  0 38  60.2  44  19  17  5  14  62
Z.Duke            2.86  1  1  .500   5  5  0  0  0  28.1  22  11   9  1   9  20
J.Witasick        3.28  6  2  .750  72  0  0  0  2  82.1  60  34  30  4  45  84
J.Vazquez         3.68 17 11  .607  38 38  4  2  0 235.0 236 101  96 34  49 193
M.Mulder          3.72 18  7  .720  36 35  2  2  0 222.1 196  95  92 17  91 127
B.Meadows         3.78  2  2  .500  14  0  0  0  0  16.2  16   8   7  1   5  10
M.Prior           3.93  7  5  .583  19 19  0  0  0 107.2 101  49  47 11  44 115
J.Williams        3.96  6  5  .545  77  4  0  0  1 102.1 109  50  45 18  37  50
S.Kim             4.15  2  1  .667  20  5  0  0  0  43.1  45  21  20  4  11  29
K.Benson          4.45 12 11  .522  32 32  1  1  0 172.0 157  88  85 28  53  95
G.Rusch           5.84  4  7  .364  18 14  0  0  0  74.0  98  50  48 13  38  45
T.Walker          7.17  2  4  .333  24  0  0  0  1  21.1  27  17  17  5   6  18
D.Houlton         ----  0  0  ----   0  0  0  0  0   0.0   0   0   0  0   0   0
ALL NON-PITCHERS  ----  0  0  ----   0  0  0  0  0   0.0   0   0   0  0   0   0
Team                                          9                   +0
----------------- ---- -- -- ----- --- -- -- -- -- ----- --- --- --- -- --- ---
TEAM TOTALS       3.71    64       152     7    46      1261     565    464
                       88     .579    152    14   1371.1     600    158     995

Primary Player Statistics For 2006 Rivercrypts (SEG) Totals After 152 Games


NAME              BAVG  GM  AB   R   H 2B 3B HR RBI  BB  SO HB SH DP  SB CS  E
E.Diaz            .333  10  21   1   7  2  0  0   5   0   0  1  0  2   0  0  0
K.Johnson         .317  58  63   9  20  5  1  1   5   8   9  0  0  4   0  2  0
M.Cabrera         .287  88 324  41  93 23  1 12  38  40  64  1  0  6   5  1  5
R.Cedeno          .286  20  35   3  10  1  0  1   6   1   6  0  0  1   1  0  0
X.Nady            .270 122 337  27  91 13  4  8  38  13  82  8  0  2   7  3  8
B.Schneider       .266 120 394  36 105 24  2  7  50  24  48  2  2 17   1  1  7
R.Howard          .260 105 362  50  94 27  0 23  52  31 116  1  0  7   0  0  3
J.Lane            .256 134 511  68 131 31  4 25  74  26  98  6  0 20   9  3  8
S.Rolen           .248  48 165  25  41 10  2  4  17  24  23  0  0  3   2  2 13
O.Cabrera         .248 152 636  71 158 31  4  9  51  39  84  0  4 12  29  9  5
S.Taguchi         .241  94 257  25  62  9  3  5  23  18  49  0  1  8   7  3  0
M.Olivo           .236  53 140  13  33  5  3  5  15   4  30  3  0  6   2  0  1
J.Rivera          .235 118 388  35  91 15  2 20  52  43  59  0  0 15   0  1  2
R.Aurilia         .232 133 512  52 119 22  2  9  31  30  68  0  5 10   5  3 10
R.Langerhans      .228 108 373  33  85 16  3  5  42  37  98  7  0  7   0  0  1
C.Burke           .196  34  56   9  11  5  0  1   5   3   7  3  1  2   3  2  2
J.Mabry           .191  47  68   5  13  4  1  0   5   5  20  0  1  3   0  0  0
D.Jackson         .173  88 156  23  27  2  0  2   7   9  30  2  0  8   7  1  2
B.Jordan          .149  28  47   5   7  2  1  0   4   4  11  3  0  0   0  0  1
ALL PITCHERS      .131 152 314  17  41  4  0  0   4  13 119  0 36  2   0  0  6
----------------- ---- --- --- --- --- -- -- -- --- --- --- -- -- -- --- -- --
TEAM TOTALS       .240    5159    1239    33    524    1021    50     78    74
                       152     548    251   137     372     37   135     31


NAME               ERA  W  L   PCT   G GS CG SH SV    IP   H   R  ER HR  BB  SO
R.Springer        1.48  1  0 1.000  19  0  0  0  1  24.1  17   4   4  1   8  23
R.Novoa           2.20  0  1  .000  14  0  0  0  0  16.1  13   4   4  0   9  12
F.Rodriguez       2.47  6  5  .545  60  0  0  0 36  76.2  54  22  21  6  47 101
A.Heilman         2.49  0  0  ----  27  1  0  0  3  43.1  41  14  12  1  12  38
R.Tejeda          2.64  5  3  .625  62  0  0  0  0  85.1  55  26  25  5  36  69
J.Weaver          3.06 12 15  .444  32 31  4  1  0 226.2 198  82  77 31  40 160
T.Ohka            3.11  9 13  .409  30 30  1  0  0 179.1 150  69  62 14  52  88
B.Fuentes         3.31  7  7  .500  69  0  0  0  5  92.1  58  37  34  5  52 111
D.Wells           3.46  8  8  .500  30 30  2  0  0 187.1 189  80  72 13  25 108
B.Claussen        3.55 10  5  .667  23 23  0  0  0 126.2 127  52  50 15  38  73
W.Ohman           4.08  1  1  .500  23  0  0  0  1  17.2  13  10   8  2  13  13
H.Ramirez         4.46 10 13  .435  31 31  2  0  0 205.2 210 106 102 23  90  80
M.Belisle         4.84  5  7  .417  57  6  0  0  0  96.2 112  54  52 11  33  64
R.Wagner          ----  0  0  ----   0  0  0  0  0   0.0   0   0   0  0   0   0
J.Peralta         ----  0  0  ----   0  0  0  0  0   0.0   0   0   0  0   0   0
ALL NON-PITCHERS  ----  0  0  ----   0  0  0  0  0   0.0   0   0   0  0   0   0
Team                                          8                   +0
----------------- ---- -- -- ----- --- -- -- -- -- ----- --- --- --- -- --- ---
TEAM TOTALS       3.41    78       152     9    46      1237     523    455
                       74     .487    152     9   1378.1     560    127     940

Primary Player Statistics For 2006 Skramalonians (SKR) Totals After 152 Games


NAME              BAVG  GM  AB   R   H 2B 3B HR RBI  BB  SO HB SH DP  SB CS  E
L.Gonzalez        .393  43 135  19  53 14  0  3  21   5  17  1  0  5   0  0  1
M.Holliday        .350  26 100  15  35  3  1  5  15   3  17  3  0  5   2  2  0
M.Cairo           .313  28  67   6  21  4  0  0  11   3   3  0  3  1   1  1  4
J.Conine          .313 109 368  45 115 17  2  5  48  32  76  1  0  8   0  0  5
A.Ramirez         .311  57 228  47  71 13  0 21  56  18  37  3  0  2   0  0  6
P.Orr             .310  49 168  19  52 11  2  0  23   6  30  1  0  0   7  1  4
S.Casey           .306 126 458  63 140 20  1 10  58  59  49  7  0 14   4  0  1
G.Atkins          .306  25  36   1  11  3  0  0   6   6   5  0  0  3   0  0  0
O.Vizquel         .298  97 382  54 114 21  2  4  47  40  36  3 11  4  25  3  4
R.Martinez        .294  24  68   5  20  1  0  0   4   5  11  0  0  3   0  0  4
T.Walker          .293  74 140  21  41  7  2  4  13   9  17  0  1  2   0  1  4
L.Castillo        .291 117 450  62 131 20  2  4  42  64  42  0  5  8  17  4  7
J.Ellison         .286 102 259  24  74 13  1  0  29  14  27  3  2  7  12  3  4
K.Greene          .268  27  97  11  26  7  0  3  12   3  19  3  0  2   1  0  3
P.Lo Duca         .267 129 449  42 120 29  3  4  54  38  38  2  2 12   1  2  3
A.Sanchez         .265  89 181  21  48  8  0  0  13  11  38  0  0  7   6  2  1
W.Taveras         .260 141 569  65 148 12  5  3  42  16 100  7 22  8  27  5  1
O.Saenz           .257  89 241  34  62 23  0 11  28  26  57  1  0 11   0  0  3
R.Branyan         .255 109 216  27  55 18  0  6  29  37  76  0  0  7   0  0  3
L.Gonzalez        .249  55 201  23  50 17  0  6  25  16  32  4  0  8   0  1  0
G.Zaun            .174  32  92  12  16  5  0  4  11   9  16  0  0  2   0  1  2
B.Ausmus          .154  42  52   4   8  0  0  0   3   1   9  1  2  1   1  0  4
M.Grissom         .000   4   3   0   0  0  0  0   0   0   1  0  0  0   0  0  0
ALL PITCHERS      .119 152 327  16  39  5  0  0  18  10 129  0 40  3   0  0 19
----------------- ---- --- --- --- --- -- -- -- --- --- --- -- -- -- --- -- --
TEAM TOTALS       .274    5287    1450    21    608     882    88    104    83
                       152     636    271    93     431     40   123     26


NAME               ERA  W  L   PCT   G GS CG SH SV    IP   H   R  ER HR  BB  SO
R.Cormier         0.00  0  0  ----   1  0  0  0  0   1.0   1   0   0  0   1   0
C.Qualls          0.34  0  1  .000  16  0  0  0  3  26.2  11   1   1  1   4  27
K.Farnsworth      1.66  1  1  .500  16  0  0  0  7  21.2  18   5   4  0  12  32
R.Flores          2.15  1  1  .500  38  0  0  0  7  46.0  44  12  11  4  14  48
A.Eaton           2.30  1  0 1.000   5  5  0  0  0  27.1  26  10   7  3   8  19
C.Zambrano        2.57 19  5  .792  30 30  6  2  0 228.0 157  67  65 18  79 204
B.Sheets          2.70  4  9  .308  19 19  0  0  0 120.0 103  41  36 10  13 113
M.Hampton         3.10  7  1  .875  11 11  1  1  0  69.2  66  28  24  6  15  28
R.Clemens         3.27  5  3  .625  11 11  1  1  0  82.2  76  32  30  6  25  73
J.Santana         4.05  0  5  .000  44  0  0  0 13  46.2  42  24  21  6  22  58
M.Wuertz          4.06  6  4  .600  53  0  0  0  7  75.1  58  34  34  8  45  87
J.Lieber          4.20  9  8  .529  24 24  2  1  0 141.1 161  68  66 16  33 101
J.Sosa            4.32  9 12  .429  44 20  2  1  2 146.0 128  72  70 13  65 110
E.Loaiza          4.54  4  6  .400  14 14  2  0  0  81.1  95  42  41  6  27  71
J.Schmidt         4.56  5  7  .417  18 18  2  1  0 104.2  88  56  53 10  65 107
R.Madson          4.83  3  6  .333  72  0  0  0  3  95.0 126  58  51 17  25  96
J.Lehr            5.35  1  3  .250  29  0  0  0  0  35.1  31  27  21  4  26  24
R.King            7.23  1  4  .200  40  0  0  0  1  18.2  21  16  15  4  11  13
E.Milton          ----  0  0  ----   0  0  0  0  0   0.0   0   0   0  0   0   0
P.Quantrill       ----  0  0  ----   0  0  0  0  0   0.0   0   0   0  0   0   0
ALL NON-PITCHERS  ----  0  0  ----   0  0  0  0  0   0.0   0   0   0  0   0   0
Team                                          4                   +0
----------------- ---- -- -- ----- --- -- -- -- -- ----- --- --- --- -- --- ---
TEAM TOTALS       3.62    76       152    16    43      1252     550    490
                       76     .500    152    11   1367.1     593    132    1211

Primary Player Statistics For 2006 Slattery Incarn (SLA) Totals After 152 Games


NAME              BAVG  GM  AB   R   H 2B 3B HR RBI  BB  SO HB SH DP  SB CS  E
J.Snow            .354  94  82   7  29  6  0  0   8   6  13  2  0  2   0  0  0
C.Figgins         .349  76 295  59 103 13  8 11  54  31  40  0  8  2  64 11  5
M.Edwards         .333   3   3   0   1  1  0  0   0   0   0  0  0  0   0  0  1
S.Podsednik       .290 150 594  87 172 29  0  0  39  46  94  2  6  6 110 33  5
J.Kent            .276 107 369  55 102 19  0 12  49  61  71  2  0  8  10  0 12
B.Abreu           .264 152 561  83 148 48  2  9  72  89 148  3  0 10  40 10  2
J.Rollins         .256 152 624  72 160 35  8 14  88  27  95  2  0 11  43 16 12
J.Bagwell         .256  55  39   9  10  2  0  1   3  12   4  0  0  0   0  0  0
D.Ross            .255  51 106  12  27  9  1  3  17   9  35  0  0  2   0  0  1
S.Finley          .254  74  71   8  18  3  1  3   9   4  16  1  1  0   0  2  3
V.Castilla        .253  64 162  17  41 15  0  1  19  16  35  4  0  9   1  0  4
J.Guillen         .245 107 404  44  99 14  1 11  52  25  76 16  0 17   3  2  4
C.Counsell        .224 150 562  70 126 28  4  8  53  59  96  9  1  9  33 15 11
H.Choi            .222 101 207  23  46 10  3  6  18  22  65  3  1  2   2  2  0
P.Feliz           .219  40 114  10  25  5  0  4   8   8  24  0  0  6   0  0  3
S.Burroughs       .209  40  43   2   9  2  0  0   4   3   8  1  0  0   1  1  1
J.Phillips        .205  91 259  21  53  8  0  9  38  20  32  4  0  9   0  0  0
H.Blanco          .196  92 184  19  36  4  0  3  17  10  28  0  1  7   0  0  2
P.Wilson          .186  38 129  12  24  6  0  6  19  16  43  3  0  4   2  1  0
A.Miles           ----   0   0   0   0  0  0  0   0   0   0  0  0  0   0  0  0
D.Relaford        ----   0   0   0   0  0  0  0   0   0   0  0  0  0   0  0  0
ALL PITCHERS      .136 152 308  19  42  8  0  1  12  12 115  0 41  1   0  0  6
----------------- ---- --- --- --- --- -- -- -- --- --- --- -- -- -- --- -- --
TEAM TOTALS       .248    5116    1271    28    579    1038    59    309    72
                       152     629    265   102     476     52   105     93


NAME               ERA  W  L   PCT   G GS CG SH SV    IP   H   R  ER HR  BB  SO
S.Munter          2.55  2  1  .667  31  0  0  0  1  35.1  42  13  10  2   9  15
A.Cook            3.06  7  3  .700  13 13  0  0  0  82.1  87  30  28  8  13  24
T.Glavine         3.38 11 11  .500  35 35  4  1  0 215.2 197  82  81 21  68  96
J.Beckett         3.56  9  7  .563  29 29  2  1  0 184.1 162  74  73 15  52 179
R.Oswalt          3.64  8 19  .296  37 37  2  1  0 237.1 245 102  96 23  64 185
L.Hawkins         3.79  5 11  .313  66  0  0  0  3  73.2  67  33  31 11  29  48
S.Chacon          3.82  9  5  .643  21 21  2  1  0 129.2 117  61  55 13  58  75
G.Carrara         4.08  5  3  .625  41  0  0  0  1  53.0  54  25  24  2  31  41
K.Ishii           4.08  5  3  .625  60  5  1  0  1 103.2 100  51  47 15  67  55
T.Hoffman         4.18  4  6  .400  58  0  0  0 33  71.0  73  35  33  9  27  79
D.Sanchez         4.24  4  3  .571  79  0  0  0  1  97.2 100  47  46  7  39  89
R.White           5.14  0  1  .000  10  0  0  0  0  14.0  19   8   8  1   5   9
J.Seo             6.30  2  8  .200  12 12  0  0  0  64.1  73  47  45 14  15  48
W.Williams        ----  0  0  ----   0  0  0  0  0   0.0   0   0   0  0   0   0
E.Santana         ----  0  0  ----   0  0  0  0  0   0.0   0   0   0  0   0   0
ALL NON-PITCHERS  ----  0  0  ----   0  0  0  0  0   0.0   0   0   0  0   0   0
Team                                          5                   -3
----------------- ---- -- -- ----- --- -- -- -- -- ----- --- --- --- -- --- ---
TEAM TOTALS       3.79    81       152    11    40      1336     574    477
                       71     .467    152     9   1362.0     608    141     943

Primary Player Statistics For 2006 Tresspassers (TRE) Totals After 152 Games


NAME              BAVG  GM  AB   R   H 2B 3B HR RBI  BB  SO HB SH DP  SB CS  E
N.McLouth         .500   2   2   0   1  1  0  0   1   0   1  0  0  0   0  0  0
J.Francoeur       .333  28  99  16  33 10  0  5  16   6  21  3  0  2   2  0  0
A.Laroche         .318  63 132  25  42 13  0  6  32  13  22  0  0  8   0  0  2
V.Guerrero        .316 152 629  98 199 26  0 38 107  40  75  5  0 23  15  6  5
C.Delgado         .310  54 187  34  58 16  1  9  23  28  48  6  0  7   0  0  5
R.Church          .309  96 181  33  56 10  2  8  29  15  48  6  0  3   3  0  1
J.Hairston Jr     .286  62  98  15  28  7  0  2  20   8  16  3  4  4   0  0  0
M.Giles           .280 147 593  77 166 43  8 14  78  54 112  2  6 14  12  2  6
M.Holliday        .278  94 349  43  97 11  7  7  50  33  70  4  0  9   6  3  2
D.Eckstein        .276 152 608  96 168 24  8  6  48  71  56 16 11  6  17  5 11
N.Johnson         .270 113 267  34  72 17  1  7  31  52  72  7  0  5   1  8  6
J.Encarnacion     .265 104 388  29 103 19  1  9  47  23  88  6  2 11   6  2  6
C.Izturis         .263  33  19   1   5  1  0  0   3   1   1  0  0  1   0  1  1
G.Bennett         .257  49 105  12  27  5  0  0   9  13  16  1  0  4   0  0  5
D.Wright          .255 145 550  94 140 22  1 24  81  64 120  9  0 17  15  1 15
D.Miller          .244 127 398  36  97 23  1  5  35  27  94  4  0 12   0  0  5
M.Izturis         .238  25  21   3   5  0  0  0   4   2   2  0  0  0   1  1  0
P.Burrell         .199  42 151  19  30  6  0  5  28  27  48  2  0  6   0  0  1
J.Molina          .196  61 107  12  21  4  0  2   6   7  16  3  0  2   2  0  3
O.Robles          ----   0   0   0   0  0  0  0   0   0   0  0  0  0   0  0  0
J.Drew            ----   0   0   0   0  0  0  0   0   0   0  0  0  0   0  0  0
ALL PITCHERS      .142 152 360  27  51  6  0  3  21  13 131  0 41  4   0  0 11
----------------- ---- --- --- --- --- -- -- -- --- --- --- -- -- -- --- -- --
TEAM TOTALS       .267    5244    1399    30    669    1057    64     80    85
                       152     704    264   150     497     77   138     29


NAME               ERA  W  L   PCT   G GS CG SH SV    IP   H   R  ER HR  BB  SO
K.Farnsworth      2.11  6  2  .750  43  0  0  0  1  42.2  24  11  10  3  22  53
C.Cordero         2.27  6  2  .750  59  0  0  0 32  71.1  59  19  18  8  18  53
S.Schmoll         2.81  0  0  ----  15  0  0  0  1  16.0  16   6   5  1   5  16
J.Peavy           2.93 15  7  .682  32 32  6  4  0 218.1 181  79  71 20  57 226
B.Sheets          3.25  3  2  .600   8  8  0  0  0  52.2  50  24  19  8   7  48
A.Pettitte        3.55 17  7  .708  34 34  7  1  0 233.1 226  99  92 29  43 167
S.Torres          3.58  6  4  .600  54  0  0  0  1  70.1  62  28  28  5  23  35
M.Dejean          3.63  3  3  .500  52  0  0  0  1  62.0  58  26  25  6  32  61
L.Hernandez       3.70 14 10  .583  33 31  4  1  0 209.0 206  93  86 23  51 142
A.Harang          4.09 13 10  .565  33 33  5  1  0 215.2 206 102  98 24  50 181
S.Linebrink       4.18  7  3  .700  63  0  0  0  1  75.1  78  40  35  8  27  75
K.Mercker         4.82  0  0  ----  23  0  0  0  6   9.1  12   5   5  0   3   3
A.Eaton           5.31  5  6  .455  14 14  0  0  0  78.0  93  53  46 11  40  60
E.Yan             6.07  1  0 1.000  24  0  0  0  1  29.2  36  24  20  5  17  26
T.Wellemeyer      ----  0  0  ----   0  0  0  0  0   0.0   0   0   0  0   0   0
W.Obermueller     ----  0  0  ----   0  0  0  0  0   0.0   0   0   0  0   0   0
T.Worrell         ----  0  0  ----   0  0  0  0  0   0.0   0   0   0  0   0   0
ALL NON-PITCHERS  ----  0  0  ----   0  0  0  0  0   0.0   0   0   0  0   0   0
Team                                          5                   -1
----------------- ---- -- -- ----- --- -- -- -- -- ----- --- --- --- -- --- ---
TEAM TOTALS       3.62    56       152    22    44      1307     557    395
                       96     .632    152    12   1383.2     609    151    1146
