
Primary Player Statistics For 2008 B-Rads (CO2) Totals After 150 Games


NAME              BAVG  GM  AB   R   H 2B 3B HR RBI  BB  SO HB SH DP  SB CS  E
H.Kendrick        .334 111 377  38 126 28  1  3  47   7  83  3  0 12   1  0  4
D.Wright          .331 150 589 105 195 43  6 24  70  90 121  8  0 24  32  3 16
M.Alou            .331  88 236  38  78 17  1 11  28  16  14  1  0 10   0  0  1
B.Hawpe           .289 137 439  68 127 26  2 27  95  68 119  1  0 13   0  0  1
B.Bonds           .265 114 328  80  87 17  0 31  65  95  57  6  0 15   0  1  3
M.Bradley         .264 102 220  34  58 13  3 14  46  28  38  2  0  5   1  1  1
A.Ojeda           .261  85  69  18  18  2  2  1   8  16   6  0  0  0   1  0  0
M.Barrett         .252  81 250  23  63 20  1  5  26  14  48  0  0 11   2  0  6
R.Howard          .240 147 537  85 129 29  1 38  90  69 201  6  0 12   2  0  7
T.Tulowitzki      .232 148 633  78 147 23  5 20  56  46 161  8  6 18   0  2  6
C.Young           .223 139 516  55 115 28  3 25  73  41 123  7  0 14  16  4  6
T.Abreu           .217  66 189  17  41 16  0  3  17   8  25  4  0  7   0  0  6
N.Garciaparra     .213  82  61   6  13  0  0  1   7   1  12  0  0  0   0  0  1
R.Barajas         .190  48 105  16  20  2  0  6  15  27  33  2  0  2   0  0  1
C.Quentin         .190  62  42   6   8  3  0  0   5   4  11  4  0  1   1  0  0
M.Montero         .140  79 200  14  28  6  0  6  13  22  35  5  0  9   0  0 11
A.Laroche         ----   0   0   0   0  0  0  0   0   0   0  0  0  0   0  0  0
ALL PITCHERS      .267 150 345  31  92 10  0  0  20   9  92  0 24  4   0  0 10
----------------- ---- --- --- --- --- -- -- -- --- --- --- -- -- -- --- -- --
TEAM TOTALS       .262    5136    1345    25    681    1179    30     56    80
                       150     712    283   215     561     57   157     11


NAME               ERA  W  L   PCT   G GS CG SH SV    IP   H   R  ER HR  BB  SO
J.Cruz            3.33  6  1  .857  61  0  0  0  8  73.0  56  29  27 11  32  92
P.Feliciano       3.38  5  2  .714  51  0  0  0 23  48.0  42  22  18  3  17  42
D.Brocail         3.48  5  2  .714  50  0  0  0  0  85.1  80  34  33  9  28  47
C.Billingsley     3.90  8  7  .533  28 28  0  0  0 152.1 147  74  66 16  71 130
S.Proctor         4.33  4  7  .364  64  0  0  0  0  97.2  97  49  47 13  51  66
J.Beimel          4.57  4  4  .500  77  0  0  0  4  63.0  71  35  32  2  27  25
L.Hawkins         4.81  2  2  .500  38  0  0  0  4  43.0  49  25  23  6  20  20
A.Cook            4.91 10  7  .588  25 25  0  0  0 143.0 166  90  78  7  33  57
K.Escobar         4.91 14 14  .500  32 31  5  2  0 199.2 229 117 109 22  71 172
U.Jimenez         5.06  0  2  .000   3  3  0  0  0  16.0  12  10   9  2   7   8
O.Perez           5.17  7 10  .412  28 28  1  1  0 170.2 152 105  98 27  88 129
B.Zito            5.86  8 18  .308  35 35  2  1  0 199.2 231 139 130 44  90 125
G.Mota            6.81  0  1  .000  29  0  0  0  0  39.2  52  31  30  8   8  36
R.Wolf            ----  0  0  ----   0  0  0  0  0   0.0   0   0   0  0   0   0
J.Sanchez         ----  0  0  ----   0  0  0  0  0   0.0   0   0   0  0   0   0
ALL NON-PITCHERS  ----  0  0  ----   0  0  0  0  0   0.0   0   0   0  0   0   0
Team                                          2                   +0
----------------- ---- -- -- ----- --- -- -- -- -- ----- --- --- --- -- --- ---
TEAM TOTALS       4.73    77       150     8    39      1384     700    543
                       73     .487    150     6   1331.0     760    170     949
Primary Player Statistics For 2008 Co Operators (COO) Totals After 149 Games


NAME              BAVG  GM  AB   R   H 2B 3B HR RBI  BB  SO HB SH DP  SB CS  E
D.Easley          .325  81 228  36  74 10  0 14  37  18  43  4  0  2   0  0  4
B.Giles           .325  58 228  35  74 15  1  8  27  23  28  2  0  0   2  6  2
C.Beltran         .299 145 569 102 170 44  4 41 119  52 107  2  0 10  28  8  6
C.Utley           .296 145 557 105 165 51  7 23  88  60 106 27  0  6  10  3 13
J.Loney           .294 115 360  48 106 10  6 15  61  30  50  3  0  8   0  0  5
L.Milledge        .292  60 168  28  49  6  3 10  26  12  36  6  0  7   6  3  1
D.Ortmeier        .273  54 143  14  39  5  1  7  16   6  45  0  0  2   2  2  4
T.Clark           .267  30  30   3   8  2  0  2   3   5   8  0  0  1   0  0  0
M.Izturis         .263  34  76   8  20  2  1  1   9  12  10  0  0  3   2  0  1
S.Victorino       .263  52 175  25  46  8  1  3  15  13  33  4  0  3  14  8  2
A.Ethier          .253 124 380  49  96 21  3 13  60  32  59  2  0 12   0  0  0
M.Reynolds        .252 113 361  38  91 19  3  9  35  46 131  8  0  3   0  0 11
S.Drew            .250  17  16   2   4  1  0  0   0   2   4  0  0  0   0  0  0
S.Hairston        .249  87 201  27  50 20  1  6  31  18  42  4  0  5   3  0  2
R.Martin          .245  54 208  28  51 10  2  1  21  23  45  3  0  2  12  8  5
J.Rollins         .237 149 636  94 151 43 18 15  66  31  90  5  0 17  48 12  5
E.Aybar           .234  22  64   7  15  3  1  0   3   7   9  1  0  4   3  1  6
C.Snyder          .227  63 176  22  40  8  0  5  20  17  39  5  0  7   0  0  1
C.Gomez           .222  60  36   9   8  1  0  0   1   2   9  3  1  0  11  1  1
Y.Torrealba       .207  72 203  18  42  9  0  1  20  12  30  3  0  8   4  0  4
J.Conine          .203  28  64   5  13  2  0  1   3   4  11  0  0  1   0  0  0
ALL PITCHERS      .184 149 331  37  61 22  1  5  28  14  86  0 29  1   0  0  8
----------------- ---- --- --- --- --- -- -- -- --- --- --- -- -- -- --- -- --
TEAM TOTALS       .264    5210    1373    53    689    1021    30    145    81
                       149     740    312   180     439     82   102     52


NAME               ERA  W  L   PCT   G GS CG SH SV    IP   H   R  ER HR  BB  SO
F.Rodriguez       1.27  1  0 1.000  30  0  0  0 21  35.1  20   6   5  1  20  49
D.Oliver          1.74  2  0 1.000  53  0  0  0  1  62.0  47  12  12  3  17  36
T.Saito           2.12  2  0 1.000  26  0  0  0 18  29.2  14   7   7  2  10  36
B.Webb            3.30  4  3  .571  13 13  2  0  0  87.1  77  35  32  4  28  71
J.Weaver*         3.50  9  7  .563  25 24  0  0  0 144.0 140  66  56 16  46  99
J.Romero          3.56  2  2  .500  30  0  0  0  0  30.1  26  15  12  1  19  19
J.Francis         3.67 21  6  .778  35 35  2  0  0 221.0 196  95  90 21  81 167
B.Myers           3.69  1  3  .250  36  5  1  0  5  53.2  42  23  22  6  26  60
J.Lackey          3.90 18  9  .667  34 33  4  1  0 228.1 220 104  99 24  63 170
T.Buchholz        4.09  4  9  .308  52  6  0  0  1  94.2 107  45  43  9  30  48
M.Owings          4.25 15  6  .714  34 22  0  0  0 150.1 158  72  71 23  54  92
B.Lyon            4.26  5  4  .556  68  0  0  0  1  63.1  62  30  30  4  21  33
V.Chulk           4.91  2  5  .286  58  0  0  0  1  51.1  71  34  28  4  23  33
D.Slaten          5.79  0  1  .000  21  0  0  0  0   9.1  12   6   6  3   4   7
E.Santana         6.26  0  1  .000  12  1  0  0  0  23.0  31  17  16  3  14  15
J.Saunders        7.38  0  4  .000  10 10  0  0  0  50.0  80  43  41 10  21  40
J.Smith           8.20  2  1  .667  30  0  0  0  0  26.1  33  25  24  7  15  31
ALL NON-PITCHERS  ----  0  0  ----   0  0  0  0  0   0.0   0   0   0  0   0   0
Team                                          6                   -2
----------------- ---- -- -- ----- --- -- -- -- -- ----- --- --- --- -- --- ---
TEAM TOTALS       3.92    61       149     9    48      1336     592    492
                       88     .591    149     7   1360.0     635    141    1006

Primary Player Statistics For 2008 Dou's Crew (DOU) Totals After 146 Games


NAME              BAVG  GM  AB   R   H 2B 3B HR RBI  BB  SO HB SH DP  SB CS  E
V.Guerrero        .337 136 528  94 178 36  1 32 102  57  68  6  0 12   5  3  8
R.Winn            .329  77  73  13  24  7  1  2  12   7  12  2  0  3   3  1  2
M.Kemp            .325  98 274  49  89 10  5 11  40  29  75  0  0  5  19  7  5
C.Kotchman        .304 131 494  61 150 36  4 11  63  51  54  3  0 23   4  5  7
J.Pierre          .294 102 119  22  35  4  3  0  10   4   6  0  3  3  24  4  0
G.Atkins          .272 146 536  72 146 24  0 24  85  70 103  3  0 26   4  0 20
K.Greene          .271 141 528  71 143 45  5 28  84  31 115  4  0 21   0  0  6
A.Nunez           .252  42 119  13  30  2  1  0   8   6  15  1  2  2   1  1  1
E.Chavez          .250   4   4   0   1  0  0  0   0   0   0  0  0  0   0  1  0
B.Molina          .246 121 451  52 111  8  1 19  69  13  58  5  0 11   0  0  7
C.Delgado         .245  56  94  10  23  9  0  2  12   6  21  2  0  2   0  0  3
G.Blum            .241  56 108  10  26  8  0  4   8   9  20  0  0  1   0  0  1
G.Matthews Jr     .235 119 353  50  83 15  2  9  26  36  67  2  0  8  15  7  5
O.Vizquel         .227  43  44   6  10  0  1  0   5   2   6  0  1  1   0  1  2
P.Lo Duca         .225  30  89   7  20  1  0  0   6   7   6  1  0  2   0  0  2
P.Burrell         .214 143 482  80 103 22  0 30  74 113 143  6  0 18   0  0 13
K.Matsui          .207 104 411  43  85 16  4  3  30  32  90  0 12  4  37  7  2
C.Coste           .000   3   2   0   0  0  0  0   0   0   1  0  0  0   0  0  0
ALL PITCHERS      .198 146 293  28  58 14  1  2  16  12 104  2 41  1   1  0  1
----------------- ---- --- --- --- --- -- -- -- --- --- --- -- -- -- --- -- --
TEAM TOTALS       .263    5002    1315    29    650     964    59    113    85
                       146     681    257   177     485     37   143     37


NAME               ERA  W  L   PCT   G GS CG SH SV    IP   H   R  ER HR  BB  SO
J.Affeldt         2.34  2  3  .400  51  0  0  0  0  57.2  47  16  15  4  16  40
J.Valverde        2.83  4  6  .400  53  0  0  0 27  57.1  45  26  18  8  36  57
B.Hennessey       3.51  2  3  .400  59  0  0  0  1  74.1  66  31  29  9  28  49
B.Penny           3.68 16 12  .571  36 35  2  1  0 222.1 238 101  91 10  77 159
T.Pena            3.76  3  1  .750  77  0  0  0  2  88.2  68  40  37 11  41  71
O.Hernandez       4.29  6  4  .600  16 16  0  0  0  92.1  83  47  44 17  34  83
J.Moyer           4.30  3  2  .600   5  5  1  1  0  29.1  39  15  14  3   8  26
T.Glavine         4.36  7 15  .318  33 33  1  1  0 183.2 186 101  89 25  69  81
B.Fuentes         4.65  5  2  .714  54  0  0  0  6  60.0  55  32  31 11  27  42
K.Kendrick        4.79  8  8  .500  23 23  0  0  0 120.1 131  70  64 16  35  53
J.Hampson         5.40  1  3  .250  50  0  0  0  1  55.0  66  33  33  3  22  21
M.Cain            5.76  7 16  .304  35 34  1  1  0 201.2 223 140 129 30 107 177
C.Bootcheck       8.74  3  4  .429  32  0  0  0  2  45.1  65  46  44  7  23  30
B.Tomko          10.05  0  0  ----  11  0  0  0  0  14.1  23  18  16  3  11  13
ALL NON-PITCHERS  ----  0  0  ----   0  0  0  0  0   0.0   0   0   0  0   0   0
Team                                          3                   -2
----------------- ---- -- -- ----- --- -- -- -- -- ----- --- --- --- -- --- ---
TEAM TOTALS       4.51    79       146     5    39      1335     652    534
                       67     .459    146     7   1302.1     716    157     902

Primary Player Statistics For 2008 Rivercrypts (SEG) Totals After 145 Games


NAME              BAVG  GM  AB   R   H 2B 3B HR RBI  BB  SO HB SH DP  SB CS  E
F.Lewis           .353  85 173  31  61  7  5  4  17  20  43  2  0  6   3  1  2
L.Castillo        .288 101 146  17  42  5  2  0  17  13   7  0  0  0   5  1  3
K.Frandsen        .267  48  45   3  12  0  1  1   8   4   7  0  0  2   0  1  1
G.Anderson        .261 112 422  36 110 19  4 15  49  24  54  0  0  8   0  0  0
A.Gonzalez        .259 128 382  38  99 25  3 16  55  33  82  3  0  6   0  0  7
K.Kouzmanoff      .257  60 179  22  46 11  0 10  27  10  33  1  0  6   0  0  6
J.Reyes           .256 145 602  80 154 22 12  8  52  50  83  0  9  5  67 25  6
T.Iguchi          .249 126 358  31  89  9  3  3  27  48  79  4  0  4   6  2  1
J.Bard            .244 109 365  45  89 18  3  4  22  36  69  0  0 10   0  0  5
D.Roberts         .236  52 106  18  25  7  2  0  13  15  19  0  1  1  15  4  0
M.Cameron         .235 142 507  62 119 23  8 15  44  47 150  4  1 10  18  4  1
S.Victorino       .230  79 304  34  70 11  1  7  39  12  45  8  3  2  23  4  0
M.Napoli          .230  59 148  16  34  8  1  4  21  23  49  4  0  6   1  0  6
B.Giles           .209  37 139  10  29  2  0  3  17  25  18  0  0  4   0  0  3
N.Schierholtz     .206  23  34   5   7  1  0  0   3   0   8  0  0  0   2  0  0
T.Clark           .201  62 194  27  39  6  0 17  44  19  45  0  0  7   0  0  1
P.Feliz           .176 128 426  28  75 15  1 12  31  26  52  0  0 12   1  0  7
M.Bourn           ----   0   0   0   0  0  0  0   0   0   0  0  0  0   0  0  0
J.Upton           ----   0   0   0   0  0  0  0   0   0   0  0  0  0   0  0  0
ALL PITCHERS      .141 145 305  22  43  6  2  1  19  16  88  1 33  2   0  0 16
----------------- ---- --- --- --- --- -- -- -- --- --- --- -- -- -- --- -- --
TEAM TOTALS       .236    4835    1143    48    505     931    47    141    65
                       145     525    195   120     421     27    91     42


NAME               ERA  W  L   PCT   G GS CG SH SV    IP   H   R  ER HR  BB  SO
B.Wagner          2.35  5  2  .714  44  0  0  0 23  57.1  37  16  15  4  24  59
J.Lieber          2.45  5  2  .714  45  4  0  0  1  84.1  73  25  23  1  27  59
F.Rodriguez       2.66  2  0 1.000  14  0  0  0  6  23.2  13   7   7  1   8  34
J.Peavy           2.83 15  8  .652  33 33  6  1  0 238.1 175  78  75 17  80 252
T.Saito           3.10  0  3  .000  21  0  0  0 13  20.1  15   7   7  5   5  23
C.Hamels          3.47 12 10  .545  26 26  2  0  0 168.2 150  68  65 21  60 151
D.Lowe            3.56 10 11  .476  31 31  4  2  0 202.1 179  87  80 22  67 137
W.Ledezma         3.94  5  1  .833  36  0  0  0  0  61.2  57  28  27  6  20  37
N.Lowry           4.07  6  9  .400  22 22  0  0  0 135.0 128  64  61 14  75  67
K.Lohse           4.10  6 13  .316  29 29  1  1  0 167.0 192  84  76 18  66  93
B.Wickman         4.24  0  3  .000  23  0  0  0  0  23.1  20  13  11  2  17   7
S.Shields         5.58  0  5  .000  43  0  0  0  0  50.0  46  33  31  8  36  48
A.Heilman         6.14  5  6  .455  49  0  0  0  2  51.1  65  40  35 10  19  27
K.Cameron         8.78  0  1  .000   8  0  0  0  0  13.1  16  13  13  2  10   8
M.Pelfrey         ----  0  0  ----   0  0  0  0  0   0.0   0   0   0  0   0   0
ALL NON-PITCHERS  ----  0  0  ----   0  0  0  0  0   0.0   0   0   0  0   0   0
Team                                          8                   +0
----------------- ---- -- -- ----- --- -- -- -- -- ----- --- --- --- -- --- ---
TEAM TOTALS       3.65    74       145    13    45      1166     526    514
                       71     .490    145    12   1296.2     563    131    1002

Primary Player Statistics For 2008 Skramalonians (SKR) Totals After 150 Games


NAME              BAVG  GM  AB   R   H 2B 3B HR RBI  BB  SO HB SH DP  SB CS  E
M.Sweeney         .500   2   2   0   1  0  0  0   2   0   0  0  0  0   0  0  0
S.Green           .331 107 354  43 117 25  2  6  49  24  29  7  0 19   8  2  3
M.Holliday        .319 150 583  95 186 40  4 37 106  59 114  8  0 13   7  1  0
K.Morales         .301  73  93  12  28  5  0  5  14   5  17  3  0  2   0  0  2
G.Dobbs           .301  63 193  27  58 14  0  7  30  17  42  0  0  7   0  0  7
R.Gotay           .290  74 124  16  36  8  0  2  16  10  25  1  0  1   7  1  3
B.Clark           .288  61  52   9  15  2  1  0   5  10   7  0  0  3   0  0  0
A.Rowand          .282 150 589  87 166 41  0 22  95  52 117 25  0 17   2  0  3
T.Helton          .276  56 214  35  59 12  1  4  32  36  27  1  0 11   1  0  0
O.Cabrera         .272 150 617  81 168 27  0  6  51  54  81  8  9 18  15  5 13
G.Rodriguez       .263  25  76   9  20  5  0  1  16  13   8  0  0  5   0  0  3
C.Jackson         .261  80 253  38  66 22  1  9  42  38  32  2  2  8   1  3  7
O.Hudson          .256 144 531  75 136 23  7  8  41  62 101  2  4 12   4  2  7
R.Spilborghs      .251  83 215  33  54  7  2 11  33  34  30  3  0  3   2  0  1
R.Castro          .239  58 134  19  32  4  0 13  26  13  41  0  0  3   0  0  6
J.Cirillo         .233  59 176  27  41 13  1  3  21  20  19  0  0 10   0  0  2
C.Tracy           .227  93 229  29  52 18  1  4  18  39  38  0  0  4   0  0  9
C.Ruiz            .215 109 303  27  65 30  1  4  40  32  53  8  0 13   3  1  1
R.Klesko          .207  29  58   7  12  4  1  1   7   8  21  0  0  2   0  0  0
ALL PITCHERS      .081 150 285  15  23  2  0  0  12  17 112  1 28  1   0  0  8
----------------- ---- --- --- --- --- -- -- -- --- --- --- -- -- -- --- -- --
TEAM TOTALS       .263    5081    1335    22    656     914    43     50    75
                       150     684    302   143     543     69   152     15


NAME               ERA  W  L   PCT   G GS CG SH SV    IP   H   R  ER HR  BB  SO
H.Bell            2.58  6  3  .667  55  0  0  0  8  90.2  82  27  26  4  32 100
R.Johnson         3.04  6  1  .857   9  9  0  0  0  56.1  54  19  19 10  14  60
R.Seanez          3.12  3  1  .750  47  0  0  0  3  75.0  68  27  26  4  36  71
M.Corpas          3.24  2  4  .333  65  0  0  0 32  80.2  64  31  29 11  16  52
C.Young           3.52  9  9  .500  29 29  0  0  0 173.2 123  73  68 15  70 171
C.Meredith        3.57  3  0 1.000  30  0  0  0  2  45.1  57  20  18  5   5  25
J.Broxton         3.59  4  5  .444  61  0  0  0  3  82.2  73  33  33 10  27 104
K.Correia         3.61  9  2  .818  16 16  0  0  0  94.2  81  39  38 13  30  80
D.Moseley         3.63  5  5  .500  38  8  0  0  3  94.1  85  39  38  7  35  41
J.Hirsh           4.40  7  8  .467  21 21  0  0  0 116.2  96  62  57 23  47  80
M.Hendrickson     4.57  7  7  .500  21 21  0  0  0 112.1 124  59  57 20  27  85
E.Gonzalez        5.14  6  5  .545  22 16  0  0  0 105.0 119  64  60 21  43  49
D.Davis           5.75  9 16  .360  30 30  0  0  0 167.1 187 109 107 32  65 130
G.Geary           6.09  3  5  .375  29  0  0  0  0  44.1  58  38  30  5  22  22
ALL NON-PITCHERS  ----  0  0  ----   0  0  0  0  0   0.0   0   0   0  0   0   0
Team                                         11                   +0
----------------- ---- -- -- ----- --- -- -- -- -- ----- --- --- --- -- --- ---
TEAM TOTALS       4.07    71       150     0    51      1271     606    469
                       79     .527    150    11   1339.0     640    180    1070

Primary Player Statistics For 2008 Tresspassers (TRE) Totals After 150 Games


NAME              BAVG  GM  AB   R   H 2B 3B HR RBI  BB  SO HB SH DP  SB CS  E
C.Figgins         .330 141 455  79 150 20  5  3  45  64  74  0  3  5  78 32 20
J.Werth           .319  93 210  28  67 12  4  4  29  47  62  1  0  3   3  0  1
T.Helton          .309  94 343  59 106 27  2 12  55  71  49  3  0  7   2  0  2
C.Snyder          .287  36 115  13  33  7  0  2  11  14  23  0  0  0   0  0  1
W.Taveras         .281 126 406  53 114 12  2  4  44  25  55  6  3  4  66 27  5
J.Kent            .270 136 489  57 132 28  1 21  82  67  69  5  0 14   1  3 16
R.Aurilia         .269  40  67  10  18  4  0  0   6   9   6  0  0  2   0  0  2
R.Furcal          .260 146 549  56 143 20  6  7  62  29  73  0  3 13  41  9 20
E.Byrnes          .252 148 556  68 140 19  7 16  70  37  89  7  1 13  53 18  3
R.Martin          .251  94 347  52  87 22  3 10  59  44  78  8  0 17  17  4  4
M.Anderson        .250  72 100  16  25  4  0  3  18  16  24  0  0  5   8  4  2
M.Izturis         .245  56 110  13  27  5  0  3  17  13  16  0  0  3   1  0  1
R.Willits         .244 110 353  55  86 18  1  1  32  52  79  5 12  2  31  8  1
R.Davis           .222 100 189  28  42  9  1  1  18  15  29  4  0  0  21  7  1
J.Mathis          .214  16  14   2   3  0  0  2   3   0   6  1  1  0   0  0  0
J.Carroll         .211  74 109  14  23  2  0  1  11  20  15  2  0  1   4  7  8
C.Jackson         .209  48 182  21  38  9  0  4  21  22  24  0  0  4   0  1  4
A.Callaspo        .200  10  10   0   2  0  0  0   0   0   3  0  0  1   0  0  0
C.Iannetta        .175  35 103  13  18  3  2  1   8  11  32  1  0  1   0  0  0
ALL PITCHERS      .111 150 305  12  34 10  0  2  19  14 123  1 25  1   3  1  4
----------------- ---- --- --- --- --- -- -- -- --- --- --- -- -- -- --- -- --
TEAM TOTALS       .257    5012    1288    34    610     929    48    329    95
                       150     649    231    97     570     44    96    121


NAME               ERA  W  L   PCT   G GS CG SH SV    IP   H   R  ER HR  BB  SO
S.Schoeneweis     3.10  0  1  .000  52  0  0  0  2  20.1  25   9   7  1  14  11
B.Webb            3.40 12  5  .706  21 21  5  1  0 153.1 137  64  58 11  52 135
J.Maine           3.42 10  9  .526  31 31  4  4  0 195.0 154  85  74 25  93 190
T.Gordon          3.50  0  2  .000  36  0  0  0  1  36.0  39  15  14  4   9  24
J.Germano         3.54  6  7  .462  40 14  0  0  2 117.0 112  48  46  9  38  71
J.Speier          3.60  6  1  .857  50  0  0  0  2  55.0  43  23  22  7  18  53
M.Herges          3.86  0  3  .000  49  0  0  0  1  53.2  45  27  23  8  15  33
T.Lincecum        3.88  8 10  .444  24 24  0  0  0 148.1 124  66  64 22  60 155
G.Maddux          4.41 10 13  .435  31 31  1  1  0 191.2 227 103  94 20  23  99
J.Romero          4.62  2  2  .500  26  0  0  0  1  25.1  22  16  13  2  21  17
T.Hoffman         4.78  4  7  .364  48  0  0  0 19  43.1  50  30  23  2  19  25
J.Sosa            5.01  2  2  .500  34  2  0  0  1  50.1  58  30  28  5  20  28
J.Saunders        5.11  0  3  .000   4  4  0  0  0  24.2  29  15  14  3   6  18
Y.Petit           5.29  1  0 1.000  11  0  0  0  0  17.0  15  10  10  6   6  15
R.Madson          5.40  2  5  .286  48  0  0  0  6  56.2  60  36  34  7  30  43
J.Fogg            5.44  4 12  .250  23 23  0  0  0 127.1 156  89  77 18  31  80
J.Taschner        7.24  0  1  .000  13  0  0  0  0  13.2  11  11  11  3  12  12
ALL NON-PITCHERS  ----  0  0  ----   0  0  0  0  0   0.0   0   0   0  0   0   0
Team                                          7                   -1
----------------- ---- -- -- ----- --- -- -- -- -- ----- --- --- --- -- --- ---
TEAM TOTALS       4.14    83       150    10    35      1307     611    467
                       67     .447    150    13   1328.2     677    153    1009
