
Primary Player Statistics For 2009 Avery Tards (AVC) Totals After 152 Games


NAME              BAVG  GM  AB   R   H 2B 3B HR RBI  BB  SO HB SH DP  SB CS  E
M.Holliday        .315 148 558  88 176 36  3 16  77  81 122  5  0  8  33  6  3
J.Anderson        .308  48 107  23  33  4  4  4  14   4  19  2  0  1  14  6  0
B.Schneider       .291  92 285  32  83 16  0  8  27  22  41  1  0  3   0  0  0
H.Kendrick        .285  87 302  36  86 21  1  2  29  15  46  9  0  9  20  1  3
J.Reyes           .283 152 630  87 178 35 20 10  60  51  75  0  9 19  83 22 17
D.Wright          .266  54 203  26  54 13  0  8  36  30  46  4  0  3   2  0  7
C.Blake           .257 129 436  42 112 28  0 18  76  31 117 20  0 16   3  1 10
R.Spilborghs      .255  89 200  27  51  7  2  1  17  30  49  2  1  3  10  3  2
J.Carroll         .253  94 296  35  75 10  7  0  23  31  69 10  4  2   6  2  4
R.Langerhans      .250  63 116  23  29  5  5  2  16  27  32  1  2  0   5  0  0
T.Hunter          .247 147 570  82 141 23  3 20  92  49 141  6  0 13  34  6  0
D.Murphy          .241  99  83  11  20  3  0  1   9  15  24  1  0  2   0  0  0
F.Lewis           .231  92 337  46  78 23  5  5  30  27  90  0  0  8  26  6  2
N.Garciaparra     .225  49 120  16  27  9  0  6  19  11  11  1  0 11   0  2  0
R.Barajas         .211  79 199  11  42 13  0  2  15  11  39  2  0  9   0  0  4
K.Kouzmanoff      .208  70 245  16  51 10  2  5  22  11  64  9  0  7   0  0  2
M.Reynolds        .190  43 137  21  26  9  1  9  32  18  55  1  0  3   3  0  8
M.Montero         .189  47 106   7  20  2  0  1   8   9  35  2  0  3   0  0  1
ALL PITCHERS      .147 152 313  20  46  7  1  0  16  15 128  0 39  0   0  0 11
----------------- ---- --- --- --- --- -- -- -- --- --- --- -- -- -- --- -- --
TEAM TOTALS       .253    5243    1328    54    618    1203    55    239    74
                       152     649    274   118     488     76   120     55


NAME               ERA  W  L   PCT   G GS CG SH SV    IP   H   R  ER HR  BB  SO
R.Troncoso        0.39  2  0 1.000  19  0  0  0  0  23.1  11   1   1  1  15  21
T.Saito           2.00  3  1  .750  21  0  0  0 12  27.0  18   6   6  1  11  42
Y.Petit           2.11  5  0 1.000  26  3  0  0  0  55.1  37  13  13  5  24  46
J.Hampson         2.20  0  2  .000  34  0  0  0  0  28.2  28   7   7  0   5  19
R.Speier          2.21  1  0 1.000  36  0  0  0  3  53.0  49  16  13  2  17  29
W.Ohman           3.43  3  2  .600  44  0  0  0  6  60.1  56  23  23  0  17  45
M.Hendrickson     3.47  6  5  .545  32 11  3  0  1 114.0 107  46  44 12  38  66
J.Campillo        3.55 10  5  .667  25 25  0  0  0 131.2 115  63  52 18  36  92
C.Hamels          3.59 12 14  .462  34 34  5  0  0 235.1 244 100  94 28  47 187
T.Hoffman         3.86  4  2  .667  38  0  0  0 13  37.1  31  16  16  7   9  36
J.Hanrahan        3.95  6  7  .462  59  0  0  0 10  68.1  66  31  30  8  30  75
M.Cain            4.32 14 12  .538  34 34  2  1  0 222.2 211 116 107 21  89 210
J.Lannan          4.65  7  7  .500  23 23  0  0  0 131.2 122  74  68 17  64  92
B.Myers           5.15  5  8  .385  22 22  0  0  0 117.0 119  72  67 18  36  96
M.Lindstrom       7.16  4  3  .571  38  0  0  0  2  44.0  62  37  35  2  20  25
J.Smith           7.35  0  2  .000  40  0  0  0  0  45.1  66  40  37  4  30  27
ALL NON-PITCHERS  ----  0  0  ----   0  0  0  0  0   0.0   0   0   0  0   0   0
Team                                          8                   -1
----------------- ---- -- -- ----- --- -- -- -- -- ----- --- --- --- -- --- ---
TEAM TOTALS       3.95    70       152    10    47      1342     612    488
                       82     .539    152     9   1395.0     661    144    1108

Primary Player Statistics For 2009 B-Rads (CO2) Totals After 153 Games


NAME              BAVG  GM  AB   R   H 2B 3B HR RBI  BB  SO HB SH DP  SB CS  E
T.Helton          .356  70  59  15  21  7  0  1   9  10   7  0  0  1   0  0  0
C.Headley         .337  63  95  14  32  6  1  4  14   9  25  2  0  2   3  0  2
C.Barmes          .305 102 351  49 107 26  2  8  58  19  67  1  1  9  12  1 12
M.Bradley         .287 113 362  61 104 29  1 10  40  79  95  6  0  8   7  2 18
K.Johnson         .287 150 572  76 164 43  4  9  70  54 122  1  7  4  28 10 15
O.Infante         .286  59 168  28  48 14  0  5  21  11  17  2  0  3   0  0  6
R.Martin          .279 145 569  75 159 27  0  9  60  77 109  7  0 11  28 10 11
M.Teixeira        .278 153 590 102 164 28  0 28  93  92  99  8  0 30   2  6 10
H.Ramirez         .273 153 604  96 165 25  5 33 102  92 165 13  0  7  52 17 17
L.Rodriguez       .271  61 118   9  32  8  0  0  14  10   7  0  2  4   1  0  2
P.Lo Duca         .265  20  49   6  13  2  0  0   3   5   1  0  0  4   1  0  0
J.Francoeur       .257  80 206  29  53 13  1  7  42  10  53  2  0  6   0  0  0
C.Young           .245 153 575  79 141 46  5 24  83  57 185  0 11 14  18  6  3
P.Feliz           .237  68  59   4  14  0  0  0   3   5  13  0  0  3   0  0  0
C.Quentin         .230 128 421  72  97 18  0 26  73  59 103 21  0 15   1  1  5
E.Chavez          .211  87 123  12  26  4  1  1  13  12   7  0  1  3   3  1  0
ALL PITCHERS      .130 153 332  24  43  2  0  0  16  14 147  0 45  3   0  0 12
----------------- ---- --- --- --- --- -- -- -- --- --- --- -- -- -- --- -- --
TEAM TOTALS       .263    5253    1383    20    714    1222    67    156   113
                       153     751    298   165     615     63   127     54


NAME               ERA  W  L   PCT   G GS CG SH SV    IP   H   R  ER HR  BB  SO
J.Grilli          2.12  2  2  .500  13  0  0  0  0  17.0  12   5   4  1   9  17
J.Colome          2.13  4  2  .667  50  0  0  0  0  71.2  49  22  17  3  39  57
S.Romo            2.50  4  2  .667  31  0  0  0  3  36.0  26  11  10  6  12  35
C.Qualls          3.17  7  4  .636  61  0  0  0 32  59.2  60  29  21  2  21  64
C.Park            3.44  5  3  .625  61  0  0  0  1  99.1  93  40  38  6  42  84
J.Sanchez         3.52 10 13  .435  28 28  0  0  0 156.0 133  73  61 15  79 149
R.Pinto           3.65  0  0  ----  21  0  0  0  0  24.2  16  12  10  0  23  22
T.Hudson          3.82  3  2  .600   9  9  1  0  0  61.1  52  28  26  7  21  46
C.Billingsley     3.88 14 10  .583  31 31  4  0  0 211.0 196 107  91 29  86 216
G.Geary           3.98  2  3  .400  14  0  0  0  0  20.1  26   9   9  2  11  17
U.Jimenez         4.23  8 10  .444  33 32  0  0  0 197.2 181 118  93 24 105 193
J.Cruz            4.24  2  0 1.000  41  0  0  0  1  46.2  42  24  22  7  31  66
A.Cook            4.69  9 10  .474  27 27  4  1  0 194.0 216 104 101 21  50  73
L.Hawkins         5.80  1  3  .250  46  0  0  0  1  35.2  44  23  23  4  10  32
O.Perez           6.55  7 11  .389  27 26  0  0  0 144.1 167 115 105 22  86 157
T.Glavine         ----  0  0  ----   0  0  0  0  0   0.0   0   0   0  0   0   0
B.Penny           ----  0  0  ----   0  0  0  0  0   0.0   0   0   0  0   0   0
B.Sadler          ----  0  0  ----   0  0  0  0  0   0.0   0   0   0  0   0   0
G.Mock            ----  0  0  ----   0  0  0  0  0   0.0   0   0   0  0   0   0
ALL NON-PITCHERS  ----  0  0  ----   0  0  0  0  0   0.0   0   0   0  0   0   0
Team                                          4                   -4
----------------- ---- -- -- ----- --- -- -- -- -- ----- --- --- --- -- --- ---
TEAM TOTALS       4.10    75       153     9    38      1313     627    625
                       78     .510    153     5   1375.1     720    149    1228
Primary Player Statistics For 2009 Co Operators (COO) Totals After 152 Games


NAME              BAVG  GM  AB   R   H 2B 3B HR RBI  BB  SO HB SH DP  SB CS  E
A.Pagan           .369  48  84  10  31  4  1  0   9  29  17  0  0  1   8  0  3
W.Taveras         .345  36  58   9  20  2  0  0   2   3  10  1  0  0  12  4  0
B.McCann          .305 144 502  71 153 43  2 36 100  50  75  3  0 13   3  0 11
D.Young           .300  28  30   5   9  0  0  3  12   5   4  1  0  0   1  0  0
J.Gerut           .291 112 296  49  86 13  3 14  39  14  36  0  0  4   0  0  0
R.Belliard        .277 102 260  43  72 14  0 14  33  39  67  3  0  2   1  0 10
M.Izturis         .270 105 252  26  68 10  3  4  24  36  19  1  0 12  13  4  4
F.Tatis           .269 104 290  34  78 16  0  8  34  23  58  2  0 16   0  0  1
A.Ethier          .257 136 413  60 106 26  2 14  56  40  78  3  0 17   0  0  0
J.Loney           .252 120 377  45  95 21  3  9  43  21  53  1  0 14   1  1  8
C.Figgins         .252  99 322  45  81  7  1  0  13  43  73  0  3  7  37 15  4
J.Baker           .242  71 211  27  51 15  0  8  32  19  60  1  0  7   3  0  2
S.Holm            .239  32  67   9  16  7  0  1   7  10  12  2  0  1   0  0  3
J.Willingham      .237  80 186  30  44 10  1 10  35  18  41 10  0  0   0  0  1
E.Aybar           .235  99 272  19  64 10  1  2  25  12  46  2  1  6   4  1 11
S.Victorino       .235 147 579  56 136 26  5 12  41  40  77  7  0 13  42 28  0
C.Utley           .228 152 580  78 132 34  1 24  81  48 110 36  0  9   7  1 13
E.Bruntlett       .175  47  57   3  10  1  0  0   2   3  12  1  0  3   0  1  2
ALL PITCHERS      .090 152 299  11  27  7  0  0  10  20 130  0 43  2   0  0  7
----------------- ---- --- --- --- --- -- -- -- --- --- --- -- -- -- --- -- --
TEAM TOTALS       .249    5135    1279    23    598     978    47    132    80
                       152     630    266   159     473     74   127     55


NAME               ERA  W  L   PCT   G GS CG SH SV    IP   H   R  ER HR  BB  SO
A.Miller          2.47  1  3  .250  20  4  1  1  1  43.2  34  14  12  2  21  35
K.Gregg           2.70  6  6  .500  60  0  0  0 32  70.0  46  23  21  6  39  74
D.Oliver          2.88  3  6  .333  57  0  0  0  1  75.0  70  29  24 10  19  44
T.Buchholz        2.95  8  2  .800  54  0  0  0  7  64.0  44  22  21  9  34  55
B.Webb            3.12 18  9  .667  34 34  5  3  0 245.0 222  95  85 18  64 226
M.Scherzer        3.18  2  2  .500  45  3  0  0  0  56.2  50  21  20  7  22  66
M.Corpas          3.67  2  4  .333  61  0  0  0  3  81.0  95  35  33  7  19  43
T.Pena            3.72  0  0  ----  54  0  0  0  0  55.2  60  23  23  1  10  45
E.Santana         4.21 13 11  .542  34 34  2  1  0 215.2 216 106 101 33  65 203
C.Kershaw         4.39  8  9  .471  21 21  0  0  0 112.2 119  62  55 10  50  99
J.Johnson         4.45  5  5  .500  16 16  0  0  0  89.0  77  46  44 12  29  91
J.Happ            4.70  0  1  .000  26  0  0  0  0  38.1  38  21  20  8  20  27
J.Bennett         5.75  6  9  .400  29 17  0  0  0 101.2 117  70  65 15  49  69
B.Zito            7.31  4  9  .308  23 23  0  0  0 117.0 154 103  95 20  85  91
ALL NON-PITCHERS  ----  0  0  ----   0  0  0  0  0   0.0   0   0   0  0   0   0
Team                                          6                   +0
----------------- ---- -- -- ----- --- -- -- -- -- ----- --- --- --- -- --- ---
TEAM TOTALS       4.08    76       152     8    44      1342     619    526
                       76     .500    152    11   1365.1     670    158    1168

Primary Player Statistics For 2009 Dou's Crew (DOU) Totals After 152 Games


NAME              BAVG  GM  AB   R   H 2B 3B HR RBI  BB  SO HB SH DP  SB CS  E
O.Vizquel         .367  49  30   8  11  3  0  0   6   2   4  0  0  0   5  0  0
R.Castro          .317  25  41   7  13  2  0  4   8   6   9  0  0  2   0  0  3
Y.Escobar         .295 143 502  44 148 27  2  4  53  46  74  6  1 14   4  6 22
M.Ramirez         .289 152 598 110 173 38  1 34 106  65 145  8  0 21   1  0  5
C.Beltran         .289  54 201  37  58 13  3  6  24  32  28  0  0  5  12  2  2
R.Winn            .286 148 623  95 178 39  4 15  62  65 100  0  0  6  32  7  2
E.Burriss         .280  82 200  34  56  6  1  0  13  12  28  4 10  8  29  3  6
N.Schierholtz     .266  73  79  11  21 12  0  1   8   2  16  2  0  0   0  0  0
K.Matsui          .266 102 403  56 107 27  1  5  54  29  54  0 11  6  23 10 14
C.Delgado         .256 152 586  85 150 27  4 43 124  54 131 11  0 10   0  1 11
M.Kemp            .247  98 392  40  97 21  2  4  35  24 108  0  0  6  35  6  1
S.Hairston        .241  42  58  11  14  6  0  2  10   9  18  0  1  1   1  0  0
G.Atkins          .235 152 584  54 137 15  1 22  80  30 103  4  0 21   0  0 13
J.Upton           .222  37  36   6   8  1  0  0   4   3  12  0  0  1   0  1  0
C.Coste           .212  81 179  27  38 11  0  5  21  15  35  5  1  7   0  0  4
N.Johnson         .212 116  99  14  21  4  0  4  13  17  20  3  0  4   0  0  1
W.Harris          .200  32  30   8   6  1  0  1   3   6   6  0  0  0   3  1  0
J.Mathis          .182 107 302  23  55  8  0  5  23  12 111  4  1  1   2  2 10
W.Helms           .129  45  31   4   4  0  0  0   0   1  12  0  0  2   0  0  0
ALL PITCHERS      .119 152 269  17  32  5  0  2  12  22  99  0 34  4   0  0 17
----------------- ---- --- --- --- --- -- -- -- --- --- --- -- -- -- --- -- --
TEAM TOTALS       .253    5243    1327    19    659    1113    59    147   111
                       152     691    266   157     452     47   119     39


NAME               ERA  W  L   PCT   G GS CG SH SV    IP   H   R  ER HR  BB  SO
J.Valverde        1.76  6  3  .667  79  0  0  0  1  61.1  48  13  12  6  18  62
B.Carlyle         1.78  1  1  .500  23  0  0  0  1  25.1  18   9   5  3   8  25
B.Fuentes         2.54  4  3  .571  64  0  0  0 38  63.2  52  19  18  5  31  76
J.Blanton         2.82 12  8  .600  32 29  0  0  0 166.0 159  58  52 17  46 121
D.Davis           3.43 11  7  .611  27 26  0  0  0 139.0 128  59  53 12  61 103
J.Moyer           3.58 13  7  .650  32 30  0  0  0 173.1 170  76  69 19  49 103
K.Yabu            3.67  5  2  .714  53  0  0  0  4  68.2  69  32  28  5  30  29
C.Young           3.76  2  3  .400   6  6  1  0  0  40.2  29  19  17  5  24  38
J.Peavy           4.02  7 12  .368  29 29  0  0  0 176.2 165  85  79 24  83 170
R.Seanez          4.43  0  3  .000  43  0  0  0  2  44.2  41  26  22  3  27  30
C.Durbin          4.60  0  3  .000  96  0  0  0  4  86.0 102  44  44  7  36  63
S.Olsen           4.87 10 10  .500  32 32  0  0  0 172.0 169 102  93 25  61  89
A.Rhodes          4.95  4  0 1.000  20  0  0  0  1  20.0  30  12  11  0  12  25
J.Affeldt         5.04  5  3  .625  46  0  0  0  0  55.1  59  33  31  5  34  59
M.Acosta          6.02  1  2  .333  41  0  0  0  0  46.1  59  41  31 10  31  39
J.Beimel          6.23  1  3  .250  53  0  0  0  1  47.2  59  33  33  3  39  28
J.Garland         ----  0  0  ----   0  0  0  0  0   0.0   0   0   0  0   0   0
ALL NON-PITCHERS  ----  0  0  ----   0  0  0  0  0   0.0   0   0   0  0   0   0
Team                                          4                   -1
----------------- ---- -- -- ----- --- -- -- -- -- ----- --- --- --- -- --- ---
TEAM TOTALS       3.87    70       152     1    52      1357     597    590
                       82     .539    152     4   1386.2     661    149    1060

Primary Player Statistics For 2009 Morgen Grinders (MOR) Totals After 152 Games


NAME              BAVG  GM  AB   R   H 2B 3B HR RBI  BB  SO HB SH DP  SB CS  E
M.Kemp            .333  54 216  30  72 17  1  8  31  16  51  0  0  5  15  3  2
S.Drew            .312 152 632  83 197 53 10  8  74  26 110  0  0 14   2  3 13
V.Guerrero        .310  94 378  49 117 17  3 12  54  22  63  3  0 16   1  3  3
D.Wright          .304  98 375  43 114 31  2 15  54  53  61  0  0 12   9  0  5
B.Molina          .257 143 552  50 142 34  0 10  66  24  43  7  0 25   2  0  9
G.Blanco          .257 139 455  84 117 16  3  1  37  77 106 11  9  2  11  2  1
T.Helton          .257  33 105   9  27  5  0  1   5  12  19  0  0  3   0  0  1
C.Kotchman        .252 133 477  49 120 26  1 10  52  29  43  3  0 19   0  2  1
J.Pierre          .248  87 137  17  34  1  2  0   9   8   5  0  2  0  28  5  1
M.Reynolds        .243  52 189  24  46 10  1  9  30  19  67  1  0  3   4  0 12
B.Wood            .235  18  17   1   4  0  0  1   1   0   6  0  0  1   0  0  1
J.Rivera          .227  88 273  26  62  7  0 12  30  14  35  0  0  7   1  1  6
D.Easley          .226  95 168   7  38  7  1  1  10   9  20  4  0  3   0  0  3
C.Beltran         .225  98 360  42  81 17  3  9  37  50  69  0  0 10  12  5  1
D.Eckstein        .217 111 350  37  76 13  1  0  28  25  32 13  3  6   1  0  0
S.Rodriguez       .202  46 114   9  23  5  1  1  12  14  37  0  0  2   1  0  1
C.Ruiz            .192  31  52   3  10  3  0  0   1   7  13  1  0  0   0  1  0
A.Amezaga         .192  88 120  13  23  4  0  0   7   8  25  1  2  5   4  1  0
J.Bard            .000  13  14   0   0  0  0  0   0   0   5  0  0  0   0  0  0
K.Greene          ----   0   0   0   0  0  0  0   0   0   0  0  0  0   0  0  0
ALL PITCHERS      .138 152 297  18  41  8  0  0  11   7 101  0 55  3   0  0 13
----------------- ---- --- --- --- --- -- -- -- --- --- --- -- -- -- --- -- --
TEAM TOTALS       .254    5281    1344    29    549     911    71     91    73
                       152     594    274    98     420     44   136     26


NAME               ERA  W  L   PCT   G GS CG SH SV    IP   H   R  ER HR  BB  SO
G.Geary           1.69  3  0 1.000  37  0  0  0  2  48.0  29   9   9  2  20  32
T.Glavine         1.93  0  0  ----   4  3  0  0  1  18.2  19   5   4  3   5   9
A.Rhodes          2.70  0  1  .000  30  0  0  0  4  16.2  18   5   5  0   3  20
T.Saito           3.12  0  0  ----  14  0  0  0  4  17.1  17   7   6  1   5  27
T.Hudson          3.29  5  4  .556  12 12  1  0  0  87.2  70  35  32 10  32  50
M.Gonzalez        3.38  2  3  .400  36  0  0  0 15  37.1  28  14  14  7  10  53
C.Young           3.86  1  3  .250   7  7  0  0  0  44.1  30  21  19  4  18  40
J.Weaver          3.93  7 16  .304  29 29  1  1  0 187.2 171  87  82 26  46 166
D.Waechter        4.17  4  1  .800  52  0  0  0  1  69.0  73  38  32  5  34  57
M.Owings          4.28  5  9  .357  30 14  0  0  5 113.2 117  61  54  8  47  96
G.Maddux          4.28  9 12  .429  30 29  4  3  0 201.2 197  97  96 28  25 103
J.Smith           4.35  2  1  .667  16  0  0  0  0  20.2  22  10  10  2  12  11
J.Affeldt         4.50  1  1  .500  23  0  0  0  0  30.0  28  15  15  3  11  35
J.Grilli          4.56  3  5  .375  42  0  0  0  1  53.1  46  28  27  5  29  41
T.Redding         5.16 11 11  .500  30 30  0  0  0 164.0 179  99  94 31  59 100
J.Francis         5.43  8  8  .500  23 21  0  0  0 116.0 122  72  70 18  31  74
B.Carlyle         6.10  1  4  .200  31  0  0  0  0  38.1  32  26  26  7  25  41
B.Wilson          6.34  1  4  .200  53  0  0  0  3  61.0  71  43  43  4  33  62
J.Garland         7.17  0  5  .000   7  7  1  0  0  37.2  61  34  30 10  16  26
R.Troncoso        9.53  0  1  .000  12  0  0  0  0  17.0  28  18  18  2   8  21
ALL NON-PITCHERS  ----  0  0  ----   0  0  0  0  0   0.0   0   0   0  0   0   0
Team                                          6                   -3
----------------- ---- -- -- ----- --- -- -- -- -- ----- --- --- --- -- --- ---
TEAM TOTALS       4.45    89       152     7    36      1358     683    469
                       63     .414    152    10   1380.0     724    176    1064

Primary Player Statistics For 2009 Rivercrypts (SEG) Totals After 152 Games


NAME              BAVG  GM  AB   R   H 2B 3B HR RBI  BB  SO HB SH DP  SB CS  E
C.Jones           .389 125 463  87 180 30  2 18  82  84  69  0  0  9   4  0 16
E.Velez           .375  28   8   3   3  1  0  0   2   0   1  0  0  0   8  2  0
V.Guerrero        .355  42 155  26  55 10  3  9  27  11  27  3  0  6   2  0  2
W.Venable         .333   4   3   0   1  0  0  0   1   0   1  0  0  0   0  0  0
C.Guzman          .299 145 588  95 176 43 11  9  59  34  71  6  7  7   6  5 20
C.Tracy           .289  46  45   5  13  6  0  2   5   2  11  0  0  0   0  0  1
B.Giles           .287 134 470  85 135 27  4 10  51  66  58  1  0  6   2  2  1
B.Dewitt          .286  54 105  19  30  3  1  3  13   9  14  4  0  5   2  0  4
E.Gonzalez        .282  69 131  17  37  4  0  4  13  11  40  1  0  4   0  0  4
A.Gonzalez        .279 152 599  94 167 30  1 38 129  53 130  5  0 32   0  0  9
M.Napoli          .265  98 238  46  63  8  2 23  59  40  79  9  0  3   5  0  3
E.Byrnes          .259  18  27   4   7  1  1  0   3   0   5  0  0  2   1  0  0
D.Uggla           .255 145 533 100 136 37  0 36  99  79 194 12  2 12   4  5 15
J.Hermida         .246 139 499  48 123 16  5 11  57  49 141 13  0 12   4  2  7
G.Matthews Jr     .238  60 189  30  45  9  3  6  24   9  46  1  0  2   2  0  2
M.Treanor         .228  40 101   9  23  2  0  3  14  10  35  2  1  1   0  0  5
N.Hundley         .212  66 212  13  45  6  1  5  25   8  68  0  1  6   0  0  4
M.Cameron         .208 124 442  58  92 20  0 21  61  64 146  4  0 13  11  6  0
I.Stewart         .205  18  44   5   9  3  1  2   3   5   7  0  0  1   1  0  0
E.Dukes           .000   6   5   0   0  0  0  0   0   0   1  0  0  0   0  0  0
ALL PITCHERS      .135 152 348  20  47  6  0  0   8  11 105  3 46  2   0  0 10
----------------- ---- --- --- --- --- -- -- -- --- --- --- -- -- -- --- -- --
TEAM TOTALS       .266    5205    1387    35    735    1249    57     52   103
                       152     764    262   200     545     64   123     22


NAME               ERA  W  L   PCT   G GS CG SH SV    IP   H   R  ER HR  BB  SO
D.Sanchez         2.70  2  0 1.000  31  0  0  0  0  46.2  41  16  14  4  13  35
B.Wagner          3.06  8  5  .615  37  0  0  0  3  53.0  37  18  18  7  19  51
J.Rauch           3.12  2  0 1.000  33  0  0  0  0  49.0  46  18  17  6  11  41
H.Bell            3.27  6  4  .600  39  0  0  0 10  44.0  28  19  16  3  19  40
H.Kuroda          3.31  7  6  .538  21 21  2  1  0 138.2 111  58  51  9  36  83
S.Rivera          3.51  6  1  .857  33  0  0  0  1  48.2  48  24  19  3  17  38
S.Shields         3.57  0  6  .000  34  0  0  0  9  45.1  45  23  18  8  19  49
J.Santana         3.72 15 13  .536  34 34  6  3  0 239.2 240 108  99 24  61 214
K.Lohse           3.76 14 10  .583  30 30  3  2  0 196.1 188  88  82 25  53 127
D.Lowe            3.84 13  9  .591  34 34  6  1  0 220.1 214 103  94 18  60 146
M.Pelfrey         4.75 10  7  .588  33 33  1  0  0 206.2 228 113 109 20  68 122
F.Rodriguez       4.79  2  6  .250  56  0  0  0 25  67.2  61  42  36  5  43  66
G.Rusch           6.00  0  0  ----   4  0  0  0  0   6.0   7   4   4  1   3   1
ALL NON-PITCHERS  ----  0  0  ----   0  0  0  0  0   0.0   0   0   0  0   0   0
Team                                          3                   +0
----------------- ---- -- -- ----- --- -- -- -- -- ----- --- --- --- -- --- ---
TEAM TOTALS       3.81    67       152    18    48      1294     577    422
                       85     .559    152    10   1362.0     634    133    1013

Primary Player Statistics For 2009 Skramalonians (SKR) Totals After 152 Games


NAME              BAVG  GM  AB   R   H 2B 3B HR RBI  BB  SO HB SH DP  SB CS  E
M.Jacobs          .291  79  79  16  23  5  0  6  16   2  19  0  0  2   1  0  0
O.Hudson          .290 111 389  53 113 32  2  1  23  42  60  1  0 11   2  3  7
J.Baker           .284  93 208  28  59 16  0  5  32  29  53  2  2  9   0  0  6
C.Ross            .270 125 434  63 117 24  4 19  67  34 101 15  0  7   6  1  1
J.Flores          .268  95 313  34  84 18  0 12  45  16  75  2  0 12   0  0  4
G.Anderson        .263  61 175  16  46  4  2  1  21  11  23  0  0  4   2  0  0
J.Cantu           .261 152 601  92 157 42  0 32  90  49 116  9  0 19   7  1 23
R.Church          .260 107 342  34  89 11  3  8  27  28  78  6  0  8   1  3  1
A.Ojeda           .257  78 191  19  49 12  0  0   8  23  27  6  0  2   0  0  3
M.Prado           .255  87 239  29  61 15  6  1  24  28  39  0  0  6   0  0 10
R.Zimmerman       .250  34  88  11  22  2  0  1   6   3  13  1  0  7   0  0  1
R.Howard          .242 142 534  85 129 21  3 43 106  56 183  1  0 18   0  1 12
A.Rowand          .232 145 539  64 125 29  0 10  47  49 136 13  0 15   2  7  0
T.Tulowitzki      .231 103 338  30  78 19  1  6  33  37  62  2  0 11   0  3 10
W.Nieves          .231  12  26   1   6  1  0  0   3   4   6  0  0  1   0  0  0
O.Quintanilla     .226  52 124  14  28 17  1  0  11   6  26  0  2  6   0  0  4
A.Gonzalez        .222  15  45   4  10  5  0  1   4   2   2  0  0  4   0  0  0
G.Dobbs           .212  69 189  16  40 13  0  2  18  11  35  1  0  6   2  1  3
R.Willits         ----   0   0   0   0  0  0  0   0   0   0  0  0  0   0  0  0
ALL PITCHERS      .109 152 313  12  34  7  0  0  14  15 128  0 32  0   0  0 12
----------------- ---- --- --- --- --- -- -- -- --- --- --- -- -- -- --- -- --
TEAM TOTALS       .246    5167    1270    22    595    1182    36     23    97
                       152     621    293   148     445     59   148     20


NAME               ERA  W  L   PCT   G GS CG SH SV    IP   H   R  ER HR  BB  SO
A.Sanchez         1.85  3  0 1.000   3  3  1  0  0  24.1  21   7   5  3   9  25
C.Hensley         2.08  2  0 1.000  12  0  0  0  1  17.1   9   4   4  0  10  13
R.Nolasco         2.96  8 10  .444  23 23  5  2  0 158.0 116  58  52 19  28 132
C.Wade            2.97  2  2  .500  41  0  0  0  1  57.2  45  20  19  6   9  34
J.Nelson          3.09  3  2  .600  52  0  0  0  4  64.0  45  26  22  5  24  64
J.Maine           3.35  2  4  .333   9  9  0  0  0  53.2  37  21  20  1  35  46
C.Baek            3.49 10  6  .625  30 21  0  0  1 136.2 129  59  53 16  44  85
J.Lackey          3.60 10 11  .476  27 27  3  1  0 175.0 161  79  70 20  55 146
J.Arredondo       3.62  2  2  .500  37  0  0  0  2  64.2  51  26  26  7  32  53
W.Ledezma         3.66  2  5  .286  40  2  0  0  0  59.0  53  30  24 10  37  54
M.Adams           3.69  2  2  .500  47  0  0  0  3  75.2  56  33  31 11  30  89
C.Volstad         3.77  4  4  .500  13 13  2  1  0  88.1  84  40  37  6  28  49
R.Johnson         3.77  7 13  .350  29 29  4  2  0 183.2 168  78  77 23  53 164
J.Broxton         4.60  2 11  .154  63  0  0  0 13  74.1  67  44  38  4  47 100
D.O'Day           6.00  0  0  ----   2  0  0  0  1   3.0   4   2   2  0   0   1
M.Hampton         7.25  5  9  .357  18 17  2  0  0  85.2 121  73  69 12  24  34
O.Perez           7.82  2  5  .286   8  8  0  0  0  38.0  62  33  33 11  12  27
ALL NON-PITCHERS  ----  0  0  ----   0  0  0  0  0   0.0   0   0   0  0   0   0
Team                                          4                   -2
----------------- ---- -- -- ----- --- -- -- -- -- ----- --- --- --- -- --- ---
TEAM TOTALS       3.84    86       152    17    26      1229     580    477
                       66     .434    152    10   1359.0     633    154    1116

Primary Player Statistics For 2009 Tresspassers (TRE) Totals After 153 Games


NAME              BAVG  GM  AB   R   H 2B 3B HR RBI  BB  SO HB SH DP  SB CS  E
P.Sandoval        .374  96 147  21  55 14  0  7  28   9  17  2  0  9   0  0  3
R.Furcal          .347  78 147  29  51  9  6  4  21  28  16  2  0  2  12  3  2
A.Callaspo        .309  75 188  28  58  7  3  0  21  24  17  0  0  5   1  1  1
J.Werth           .297 129 438  65 130 20  4 29  87  48 125  5  0  7  13  7  0
A.Hernandez       .291  30  86   5  25  4  0  0   5   7  11  0  0  2   0  0  5
C.Iannetta        .283 106 322  51  91 18  1 10  34  60  87 16  0  7   0  0  2
S.Smith           .277  54 112  15  31 11  0  4  20  16  32  0  0  2   4  0  1
R.Zimmerman       .274  83 266  29  73 15  0  4  29  17  48  4  0  8   1  3  8
R.Aurilia         .270  92 263  29  71 16  0  9  28  20  40  0  0  2   0  1  6
J.Rollins         .269 131 510  94 137 37 10  8  53  62  52  7  1  7  40 16  9
A.Dunn            .251 127 390  76  98 18  0 36  85  81 100  7  0  8   3  1  2
P.Burrell         .249  90 249  35  62 20  0 12  36  49  71  0  0  7   0  0  0
L.Castillo        .246  91 305  47  75 10  0  0  23  46  46  2  2  8  22  5  5
C.Jackson         .238 134 496  57 118 22  7  6  53  69  78  8  0 11   6  1  8
B.Hawpe           .229 138 524  63 120 28  6 19  72  53 156  0  0 12   4  4  5
L.Milledge        .228  86 193  27  44  5  1  6  26  12  32  0  4  5  12  3  0
C.Snyder          .215  79 237  34  51 12  0  9  40  22  71  3  1  5   0  0  0
G.Dobbs           .083  16  36   1   3  1  0  1   6   2  12  1  0  0   0  0  0
Y.Torrealba       ----   0   0   0   0  0  0  0   0   0   0  0  0  0   0  0  0
ALL PITCHERS      .136 153 331  16  45 16  1  0  24  17 116  0 53  1   0  0  5
----------------- ---- --- --- --- --- -- -- -- --- --- --- -- -- -- --- -- --
TEAM TOTALS       .255    5240    1338    39    691    1127    61    118    62
                       153     722    283   164     642     57   108     45


NAME               ERA  W  L   PCT   G GS CG SH SV    IP   H   R  ER HR  BB  SO
H.Kuo             3.12  8  1  .889  55  2  0  0  0  83.2  58  32  29  3  35  89
T.Lincecum        3.57 16 10  .615  33 33  8  0  0 236.2 220 110  94 16  76 273
R.Madson          3.65  2  5  .286  62  0  0  0  5  79.0  83  33  32  5  23  66
J.Jurrjens        4.02 12  8  .600  29 29  4  1  0 185.2 205  84  83 12  61 126
R.Nolasco         4.07  3  3  .500   9  9  3  0  0  66.1  71  31  30 10  15  55
D.Haren           4.40 12 11  .522  33 33  9  2  0 233.0 238 121 114 36  53 230
S.Shell           4.41  6  5  .545  42  0  0  0  2  49.0  38  25  24  7  25  39
D.O'Day           4.54  0  2  .000  30  0  0  0  1  41.2  44  21  21  0  12  25
J.Maine           4.77  3  6  .333  15 15  0  0  0  83.0  87  48  44 15  33  85
J.De La Rosa      4.85  2  1  .667  20  2  0  0  0  42.2  49  25  23  5  18  39
C.Hensley         5.01  0  1  .000  31  0  0  0  1  32.1  27  18  18  1  28  18
J.Saunders        5.02  8 12  .400  27 27  2  1  0 161.1 190  92  90 22  49  92
B.Lidge           5.44  2  5  .286  52  0  0  0 22  43.0  47  29  26  2  29  51
C.Wade            6.43  0  1  .000  14  0  0  0  3  14.0  14  10  10  4   6   7
P.Martinez        7.59  1  2  .333   3  3  0  0  0  10.2  21  17   9  3   6  12
J.Romero         10.35  2  3  .400  54  0  0  0  1  20.0  29  23  23  5  14  21
ALL NON-PITCHERS  ----  0  0  ----   0  0  0  0  0   0.0   0   0   0  0   0   0
Team                                          4                   -2
----------------- ---- -- -- ----- --- -- -- -- -- ----- --- --- --- -- --- ---
TEAM TOTALS       4.35    76       153    26    35      1421     668    483
                       77     .503    153     8   1382.0     719    146    1228
