Primary Player Statistics For 2010 Avery Tards (AVC) Totals After 152 Games


NAME              BAVG  GM  AB   R   H 2B 3B HR RBI  BB  SO HB SH DP  SB CS  E
Y.Torrealba       .348  59 184  28  64 12  2  1  35  19  34  0  2  3   2  1  1
J.Pierre          .342  81 155  24  53  2  6  0  14   8  15  1  3  3  21  1  0
H.Kendrick        .332  76 220  35  73  8  3  3  20  19  31  5  0 11   8  4  1
B.Abreu           .324 149 571 103 185 43  2 13  70 121 119  1  0  6  45 21  6
J.Hermida         .316  56  57   8  18  2  0  2   6   2   8  1  0  1   0  1  0
M.Holliday        .310 152 619 111 192 34  9 28 113  61 116 11  0 31  18 11  1
T.Hunter          .302 125 470  80 142 20  2 27  77  53 107  4  0 18  30  8  1
C.Blake           .300 134 483  65 145 22 11 15  69  64 142 12  0 19   3  6  8
M.Montero         .289 114 447  58 129 27  0 17  68  30  92  1  0 11   3  4  9
D.Eckstein        .273 104 326  33  89 17  0  0  40  30  42 12  1  5   2  2  1
J.Cantu           .252  84 306  47  77 19  0 12  40  32  52  0  0 13   3  1  8
K.Morales         .236  67 275  37  65 22  0 16  46  17  72  2  0  8   1  5  4
J.Rollins         .227 152 604  63 137 24  3  9  58  38  78  2  2 11  30  7  6
E.Burriss         .222  41  27   7   6  3  0  0   1   1   7  0  0  1   8  1  1
K.Blanks          .221  91  95  15  21  8  0  5  17  12  43  6  0  3   2  0  0
P.Feliz           .168  57 113   5  19  5  0  0   6   2  24  1  0  3   0  0  2
A.Cora            .125  13  16   3   2  0  0  0   0   0   2  0  0  1   1  0  0
F.Lewis           ----   0   0   0   0  0  0  0   0   0   0  0  0  0   0  0  0
J.Whitesell`      ----   0   0   0   0  0  0  0   0   0   0  0  0  0   0  0  0
E.Whiteside       ----   0   0   0   0  0  0  0   0   0   0  0  0  0   0  0  0
ALL PITCHERS      .111 152 325  18  36  3  0  3  19  12 118  0 49 10   1  0 17
----------------- ---- --- --- --- --- -- -- -- --- --- --- -- -- -- --- -- --
TEAM TOTALS       .275    5293    1453    38    699    1102    57    178    66
                       152     740    271   151     521     59   158     73


NAME               ERA  W  L   PCT   G GS CG SH SV    IP   H   R  ER HR  BB  SO
C.Qualls          2.49  3  2  .600  37  0  0  0  1  47.0  34  14  13  5   7  38
T.Hoffman         2.60  5  6  .455  47  0  0  0 16  55.1  44  19  16  1  23  58
M.Cain            3.45  7  7  .500  19 18  3  3  0 125.1  96  49  48 14  57 123
J.Zimmermann      3.49  8  5  .615  16 16  3  2  0 100.2  91  40  39 10  23 123
C.Billingsley     3.84  4  5  .444  14 14  4  1  0  96.0  99  42  41 10  28  90
M.Pelfrey         3.86  8  4  .667  23 22  0  0  0 130.2 145  59  56 15  52  82
S.Burnett         4.54  3  1  .750  29  0  0  0  0  35.2  28  19  18  3  17  28
K.Medlen          4.58  2  1  .667  29  0  0  0  2  39.1  33  24  20  5  27  48
K.Correia         4.76  3  8  .273  16 16  0  0  0 107.2 112  58  57 15  44  76
J.De La Rosa      4.98  9  8  .529  29 29  1  0  0 180.2 177 107 100 27  81 214
P.Feliciano       4.99  3  4  .429  56  0  0  0  0  57.2  58  33  32  7  23  55
Y.Petit           5.06  1  0 1.000   7  0  0  0  0  10.2  11   6   6  2   1  10
R.Johnson         5.80  4  6  .400  46 11  0  0  3 102.1 115  72  66 23  42  98
J.Hammel          5.87  6  5  .545  34  9  0  0  2  84.1 112  55  55 14  22  69
J.Blanton         6.19  5 11  .313  17 17  1  1  0 100.1 113  72  69 21  27  84
R.Madson          6.48  0  2  .000  27  0  0  0  2  33.1  44  26  24  8  16  35
F.Morales         7.50  0  4  .000  35  0  0  0  5  24.0  28  20  20  4  25  24
D.Cabrera`        7.88  0  1  .000   5  0  0  0  0   8.0   9   9   7  2   6   4
E.Vasquez         8.83  0  0  ----  12  0  0  0  0  17.1  21  18  17  5  10  20
P.Moylan         10.26  0  1  .000  19  0  0  0  0  16.2  36  20  19  1  11  12
A.Eaton`          ----  0  0  ----   0  0  0  0  0   0.0   0   0   0  0   0   0
ALL NON-PITCHERS  ----  0  0  ----   0  0  0  0  0   0.0   0   0   0  0   0   0
Team                                          2                   -1
----------------- ---- -- -- ----- --- -- -- -- -- ----- --- --- --- -- --- ---
TEAM TOTALS       4.73    81       152    12    31      1406     722    542
                       71     .467    152     9   1373.0     762    192    1291

Primary Player Statistics For 2010 B-Rads (CO2) Totals After 152 Games


NAME              BAVG  GM  AB   R   H 2B 3B HR RBI  BB  SO HB SH DP  SB CS  E
G.Norton`         .500   2   2   1   1  0  0  0   0   0   0  0  0  1   0  0  0
J.Flores          .381  35  84  14  32  5  4  3  13  14  27  0  0  0   0  0  0
H.Ramirez         .317  83 312  45  99 20  1 12  45  38  68  2  0 10  18  7 12
C.Coghlan         .313 101 400  61 125 22  6  6  43  35  78  2  0  5   5  1  6
R.Aurilia`        .308  14  13   1   4  0  0  0   3   2   3  0  0  1   0  0  0
T.Oeltjen         .304  17  23   3   7  0  0  2   5   0   4  0  0  0   2  0  0
O.Infante         .302  73 212  20  64  8  2  2  21  23  41  1  2  6   1  0  7
F.Lewis           .288  59 208  28  60 20  0  2  19  23  57  2  0  4   4  2  1
J.Francoeur       .287  52 188  21  54 16  0  6  31   7  33  2  0  6   0  0  0
K.Morales         .272  78 290  47  79 19  1 19  55  33  63  2  0  9   2  5  5
A.Callaspo        .272 124 382  50 104 22  2  2  27  38  46  0  0 11   0  2 11
N.Morgan          .270  67 267  30  72  5  5  1  14  14  50  8  3  0  38 16  3
R.Roberts         .269 115 283  42  76 10  1  9  47  27  51  1  0  3   7  0  2
J.Castro          .257  36 113   7  29  5  0  0   8   6  29  0  0  1   0  0  2
E.Alfonzo`        .250   1   4   2   1  0  0  0   2   0   0  0  0  0   0  0  0
W.Harris          .248 124 314  45  78 15  3  1  29  46  64  8  2  5  12  7  1
A.Hernandez       .243  45 136  12  33  3  2  0  13  12  23  0  0  6   5  0  7
O.Santos          .239  59 142  14  34  8  0  2  16   7  25  1  0  3   0  0  5
P.Bako            .235  12  17   1   4  1  0  1   1   1   3  1  0  1   0  0  0
W.Venable         .234 101 325  39  76 15  2 18  55  21  99  3  0  8   3  0  5
C.Ruiz            .227  40 110  12  25  8  0  5  17   9  21  4  0  4   0  0  2
J.Loney           .223  68 265  24  59 12  0  6  31  22  46  0  0 11   0  1  3
K.Kouzmanoff      .213 128 408  40  87 16  1 12  54  16 102 11  0 18   2  2  5
A.Torres          .212  27  85  12  18  2  1  5  11  10  18  0  0  2   1  0  1
W.Nieves          .207  84 232  23  48  9  0  0  14  19  50  4  0  9   0  1  4
G.Atkins          .185  34  54   5  10  2  0  1   7   3   7  0  0  0   0  0  1
A.Kearns          .100  14  20   5   2  1  0  0   0   5   8  2  0  0   0  0  0
J.Cantu           ----   0   0   0   0  0  0  0   0   0   0  0  0  0   0  0  0
ALL PITCHERS      .131 152 314  12  41 10  0  0  10  12 127  0 39  3   0  0 16
----------------- ---- --- --- --- --- -- -- -- --- --- --- -- -- -- --- -- --
TEAM TOTALS       .254    5203    1322    31    591    1143    46    100    99
                       152     616    254   115     443     54   127     44


NAME               ERA  W  L   PCT   G GS CG SH SV    IP   H   R  ER HR  BB  SO
P.Moylan          2.62  1  2  .333  41  0  0  0  0  34.1  26  15  10  2  16  33
M.Cain            2.70  3  2  .600   5  5  1  0  0  33.1  21  11  10  3  21  28
R.Soriano         2.74  4  7  .364  58  0  0  0 27  65.2  52  22  20  3  25  88
J.Santana         3.32  5  4  .556  14 14  3  1  0  97.2  82  40  36  9  30  89
C.Kershaw         3.40  5  6  .455  14 14  2  1  0  84.2  66  37  32  3  56 105
U.Jimenez         3.71  6  5  .545  19 19  2  2  0 126.0 116  57  52 11  61 121
A.Rhodes          3.93  0  1  .000  39  0  0  0  0  36.2  38  16  16  3  12  33
K.Correia         4.06  7  5  .583  14 14  4  1  0 102.0 104  47  46 11  34  82
C.Billingsley     4.06  8  6  .571  17 17  2  1  0 113.0 104  52  51 13  66 104
D.Oliver          4.20  0  4  .000  33  0  0  0  0  45.0  44  22  21  3  18  44
J.Miller          4.30  0  2  .000  56  0  0  0  0  60.2  58  29  29  9  33  47
H.Kuo             4.35  0  1  .000  32  0  0  0  0  31.0  33  17  15  3   6  33
J.Sanchez         4.85  7 14  .333  29 29  0  0  0 161.1 143  90  87 20 106 162
A.Sanchez         5.14  2  7  .222  17 16  0  0  0  84.0  88  52  48 11  43  62
S.Eyre            6.08  2  5  .286  53  0  0  0  0  26.2  31  20  18  4  29  21
K.Medlen          6.19  0  0  ----  25  0  0  0  2  36.1  53  30  25  6  14  37
R.Madson          7.69  1  6  .143  46  0  0  0  1  45.2  75  44  39  8  22  46
B.Myers           7.83  1  2  .333  34  0  0  0  1  54.0  64  47  47 22  21  43
D.Lowe            8.34  2  8  .200  11 10  0  0  0  49.2  75  48  46  6  20  27
J.Garland         9.95  2  9  .182  14 14  0  0  0  66.0 109  78  73 15  32  38
O.Perez           ----  0  0  ----   0  0  0  0  0   0.0   0   0   0  0   0   0
S.Olsen           ----  0  0  ----   0  0  0  0  0   0.0   0   0   0  0   0   0
L.Hernandez       ----  0  0  ----   0  0  0  0  0   0.0   0   0   0  0   0   0
ALL NON-PITCHERS  ----  0  0  ----   0  0  0  0  0   0.0   0   0   0  0   0   0
Team                                          4                   -4
----------------- ---- -- -- ----- --- -- -- -- -- ----- --- --- --- -- --- ---
TEAM TOTALS       4.77    96       152    14    31      1382     717    665
                       56     .368    152    10   1353.2     774    165    1243

Primary Player Statistics For 2010 Co Operators (COO) Totals After 152 Games


NAME              BAVG  GM  AB   R   H 2B 3B HR RBI  BB  SO HB SH DP  SB CS  E
A.Gonzalez        .357  43 126  33  45  6  1 20  46  21  19  0  0  6   1  0  3
O.Salazar         .350  57 143  23  50 13  0  9  35  20  17  0  0  8   0  0  3
E.Aybar           .346  95 312  40 108 15  5  0  40  31  25  3 10 11  10  7  8
J.Francoeur       .343  31 102  16  35 11  1  2  14   5  17  1  0  3   1  0  0
M.Diaz            .336  99 244  42  82 11  1  9  41  20  53  7  0  6   0  0  1
H.Ramirez         .320  65 256  41  82 12  0  5  37  21  54  5  0 10  10  1  4
A.Laroche         .317  91 293  39  93 30  0  8  38  22  76  0  0 11   0  0  1
B.McCann          .310 103 329  42 102 30  0 12  54  32  65  1  0  7   1  1  9
J.Castro          .308  10  13   1   4  0  0  0   0   1   1  0  0  0   0  0  2
C.Figgins         .289 136 433  72 125 16  3  3  32  83  78  1  8  6  55 18  8
C.Jones           .285  40 130  18  37  9  0  6  24  19  21  0  0  7   0  1  3
A.Ethier          .276 134 398  69 110 30  0 17  65  51  80 10  0 13   3  3  7
R.Paulino         .272  65 195  28  53  4  1  9  31  23  39  0  0  4   2  0  3
S.Victorino       .265 144 540  72 143 27  5  9  67  59  72  6  0  2  22 10  1
E.Bruntlett`      .263   8  19   2   5  2  0  0   2   0   4  0  0  0   0  0  0
A.Pagan           .252  78 226  24  57  9  7  0  20  20  45  0  0  2  16  7  0
C.Utley           .251 149 597 107 150 23  4 35  94  66 126 22  0  8  20  4 12
J.Maxwell         .242  63  91  20  22  5  0  6  17  13  36  0  0  3   6  0  0
F.Tatis           .228  81 232  27  53  6  2 10  31  10  49  4  0  9   2  0  2
C.Jackson`        .226  11  31   4   7  2  0  1   5   5   4  0  0  0   3  1  1
B.Ausmus          .200  86  70   7  14  2  0  0   5   6  15  2  3  1   0  0  1
C.Maybin          .189  45  95  12  18  4  1  2   9  12  32  0  1  3   0  0  0
ALL PITCHERS      .107 152 327  19  35  5  0  2  13   8 141  0 40  7   0  0  1
----------------- ---- --- --- --- --- -- -- -- --- --- --- -- -- -- --- -- --
TEAM TOTALS       .275    5202    1430    31    720    1069    62    152    70
                       152     758    272   165     548     62   127     53


NAME               ERA  W  L   PCT   G GS CG SH SV    IP   H   R  ER HR  BB  SO
M.Adams           0.76  2  0 1.000  31  0  0  0  0  35.2  18   3   3  2   9  47
J.Thatcher        1.76  4  1  .800  84  0  0  0  0  41.0  36   9   8  0   9  56
R.Pinto           2.04  3  0 1.000  55  0  0  0  2  61.2  30  16  14  2  39  51
L.Gregerson       2.63  2  0 1.000  18  0  0  0  4  13.2   8   4   4  1   5   8
J.Johnson         2.65 15  6  .714  30 30  4  1  0 204.0 167  65  60 15  53 170
B.Badenhop        2.78  5  3  .625  18 13  0  0  1  71.1  74  29  22  4  29  60
L.Nunez           2.88  5  1  .833  47  0  0  0  0  50.0  37  16  16  3  10  46
J.Happ            3.35 10  3  .769  26 26  1  0  0 161.0 145  62  60 18  66 101
C.Condrey         3.38  5  2  .714  58  0  0  0  1  40.0  44  15  15  4  10  25
L.Kensing`        3.38  0  1  .000   3  0  0  0  0   2.2   1   1   1  0   1   2
C.Park            3.44  4  3  .571  34  9  0  0  2  81.0  88  36  31 11  19  79
G.Sherrill        3.78  5  5  .500  59  0  0  0 35  47.2  49  25  20  8  16  40
U.Jimenez         4.04  3  5  .375  13 13  0  0  0  75.2  82  35  34  8  37  81
R.Belisario       4.33  4  4  .500  81  0  0  0  6  72.2  67  39  35  7  34  67
B.Medders         4.66  6  2  .750  50  0  0  0  2  58.0  60  32  30  7  20  53
K.Kawakami        4.73 15  7  .682  37 24  0  0  1 150.1 158  80  79 16  36 102
S.Kazmir          4.96  5  6  .455  20 20  0  0  0 105.1 128  64  58 19  38  98
C.Kershaw         5.87  4  6  .400  17 17  1  0  0  96.2 116  65  63  8  62 120
H.Kuo             ----  0  0  ----   0  0  0  0  0   0.0   0   0   0  0   0   0
ALL NON-PITCHERS  ----  0  0  ----   0  0  0  0  0   0.0   0   0   0  0   0   0
Team                                         11                   -1
----------------- ---- -- -- ----- --- -- -- -- -- ----- --- --- --- -- --- ---
TEAM TOTALS       3.63    55       152     6    54      1308     552    493
                       97     .638    152    12   1368.1     596    133    1206

Primary Player Statistics For 2010 Dou's Crew (DOU) Totals After 152 Games


NAME              BAVG  GM  AB   R   H 2B 3B HR RBI  BB  SO HB SH DP  SB CS  E
G.Sheffield       .329  51  76  11  25  2  2  3  11  12  15  0  0  1   0  0  0
D.Wright          .308 141 556  94 171 51  3  9  59  75 165  6  0  9  21  2 19
J.Upton           .301 139 575  86 173 22  6 37 133  35 156  3  0 16  15  3 15
G.Matthews Jr     .300  64  40   5  12  1  0  0   4   6  12  0  0  1   0  0  1
A.Rowand          .298  39  57  12  17  4  0  2   9   7  11  1  0  3   2  0  0
Y.Escobar         .291 143 550  71 160 29  6 14  58  63  88  8  1 15   2  7 15
M.Ramirez         .291 109 382  57 111 29  2 19  65  60 101  9  0 14   0  0  4
J.Cantu           .289  28  90  13  26  5  0  4  13  11  15  2  0  3   0  0  3
N.Morgan          .288  58 229  41  66  5  3  2  20  20  39  3  4  4  31 11  0
H.Blanco          .262  71 149  18  39 11  0  7  16  20  36  0  0  2   0  0  3
O.Santos          .261  45 157  23  41 11  0  4  18  10  33  1  0  6   0  0  1
C.Ruiz            .252  69 242  27  61 17  1  9  38  20  43  5  1  1   0  0  0
N.Johnson         .248 126 440  69 109 11  3  8  42  65  88 15  0 11   2  0  9
N.McLouth         .242 118 392  59  95 25  0 20  65  43  66  6  0  9  11  0  0
R.Belliard        .240  82 167  18  40  6  0  2  19   9  43  0  0  9   1  0  2
C.Barmes          .230 140 508  57 117 25  1 22  67  41 117  9  2 20  14  2 13
S.Smith           .226 100 195  18  44  9  2  3  25  18  52  0  0  7   0  0  1
J.Loney           .183  43  82   4  15  2  0  0   8   5  17  0  0  0   1  0  0
J.Flores          .167   5  12   1   2  0  0  0   0   3   4  0  0  0   0  0  0
A.Hernandez       .160  19  25   7   4  2  0  0   1   1   8  0  0  1   1  0  2
P.Bako            .000   5  11   0   0  0  0  0   0   1   3  1  0  0   0  0  0
M.Loretta         .000   4   4   0   0  0  0  0   0   0   1  0  0  0   0  0  0
L.Rodriguez`      ----   0   0   0   0  0  0  0   0   0   0  0  0  0   0  0  0
ALL PITCHERS      .160 152 326  23  52 10  0  1  13  17 131  0 31  1   0  0 20
----------------- ---- --- --- --- --- -- -- -- --- --- --- -- -- -- --- -- --
TEAM TOTALS       .262    5265    1380    29    684    1244    39    101   108
                       152     714    277   166     542     69   133     25


NAME               ERA  W  L   PCT   G GS CG SH SV    IP   H   R  ER HR  BB  SO
D.Oliver          1.71  0  0  ----  25  0  0  0  1  31.2  22   7   6  4   9  30
J.Gutierrez       2.38  1  0 1.000  48  0  0  0  5  45.1  37  12  12  0  19  49
K.Calero          2.98  5  2  .714  52  0  0  0  1  57.1  36  19  19  3  39  65
J.Valverde        3.38  3  5  .375  56  0  0  0 35  50.2  47  21  19  5  16  57
G.Mock`           3.51  3  1  .750  22  1  0  0  1  41.0  34  17  16  4   9  32
E.Dessens         3.57  1  1  .500  31  0  0  0  1  35.1  29  14  14  6  17  19
C.Zavada          3.64  5  3  .625  37  0  0  0  1  54.1  48  26  22  8  17  51
E.O'Flaherty      3.83  0  0  ----  61  0  0  0  0  40.0  48  24  17  3  10  34
J.Santana         3.99  6  2  .750  11 11  3  0  0  76.2  65  34  34 13  29  71
J.Marquis         4.21  9 12  .429  30 30  1  1  0 192.1 203 106  90 25  85 121
M.Scherzer        4.27 14  8  .636  31 28  0  0  0 172.2 152  90  82 22  77 167
R.Wolf            4.52 12 14  .462  35 34  3  2  0 221.0 235 126 111 34  91 180
A.Rhodes          4.58  0  1  .000  34  0  0  0  0  19.2  17  10  10  3   7  20
A.Cook            5.25  9  9  .500  21 21  0  0  0 123.1 134  80  72 18  47  62
J.Garland         5.36  5  5  .500  16 16  0  0  0  97.1 124  68  58 18  30  70
D.Davis           7.30  3  6  .333  11 11  0  0  0  49.1  60  50  40 15  37  34
M.Macdougal       8.12  1  6  .143  59  0  0  0  4  54.1  69  52  49 10  40  41
J.Martinez`      32.40  0  0  ----   1  0  0  0  0   1.2   5   6   6  0   3   0
ALL NON-PITCHERS  ----  0  0  ----   0  0  0  0  0   0.0   0   0   0  0   0   0
Team                                          3                   -1
----------------- ---- -- -- ----- --- -- -- -- -- ----- --- --- --- -- --- ---
TEAM TOTALS       4.46    75       152     7    49      1365     676    582
                       77     .507    152     6   1364.0     762    191    1103

Primary Player Statistics For 2010 Morgen Grinders (MOR) Totals After 152 Games


NAME              BAVG  GM  AB   R   H 2B 3B HR RBI  BB  SO HB SH DP  SB CS  E
J.Reyes           .343  36 105  14  36 12  1  0   9   7  19  0  0  1   6  5  5
C.Beltran         .342  82 307  56 105 31  3  7  43  38  44  1  0  7   5  1  1
T.Helton          .313 149 543  82 170 34  1 10  55  95  76  1  0 18   0  0  2
R.Quinlan`        .310  14  29   2   9  1  0  0   4   0   5  0  0  1   0  0  2
M.Kemp            .299 152 602  91 180 22  6 24 107  44 143  2  0 21  33  8  1
J.Rivera          .278 131 471  67 131 18  0 21  67  46  57  4  0 23   0  0  2
N.Stavinoha`      .275  15  40   6  11  4  0  2   5   0   8  0  0  3   0  0  1
J.Uribe           .269  98 338  38  91 20  1 12  38  19  77  0  0  8   0  0  3
B.Giles`          .261   8  23   1   6  2  0  0   0   2   4  0  0  1   0  0  0
B.Molina          .257 118 424  42 109 24  2 15  61  24  60  3  0 11   0  0  4
M.Izturis         .256 114 379  56  97 14  4  5  33  41  50  4  0  2  10  1  6
A.Gonzalez        .250  51 108  14  27  3  2  0   8   4  11  0  0  2   1  1  4
D.Ross            .245  40 106  20  26  6  0  8  25  21  27  3  0  5   0  0  1
M.Reynolds        .242 151 557 109 135 23  1 49 120  87 235  7  0  8  20  8 23
C.Gonzalez        .236  99 292  41  69 11  5 11  45  23  82  1  3  7  20  4  2
S.Drew            .227 120 396  46  90 19  6  4  35  33  67  0  2  5   2  0  6
I.Desmond         .210  33  81  12  17  6  1  1  10   4  19  0  0  1   2  0  0
J.Thome           .190  87  79  10  15  3  0  2   9  17  38  0  0  0   0  0  0
J.Mathis          .189  16  37   4   7  1  0  0   1   2  13  0  2  1   0  0  0
ALL PITCHERS      .130 152 330  21  43 11  0  0  23  10 142  0 33  3   0  0  9
----------------- ---- --- --- --- --- -- -- -- --- --- --- -- -- -- --- -- --
TEAM TOTALS       .262    5247    1374    33    698    1177    40     99    72
                       152     732    265   171     517     26   128     28


NAME               ERA  W  L   PCT   G GS CG SH SV    IP   H   R  ER HR  BB  SO
S.Romo            1.62  3  0 1.000  31  0  0  0  1  33.1  27   7   6  0   7  44
C.Volstad         1.69  0  0  ----   1  1  0  0  0   5.1   3   1   1  0   4   3
B.Wilson          2.44  3  2  .600  63  0  0  0 26  73.2  61  21  20  6  25  92
J.Peavy           2.83  8  4  .667  17 17  2  2  0 105.0  85  37  33 11  33 116
J.Vazquez         2.84 20  4  .833  32 32  3  0  0 225.1 207  74  71 23  46 239
J.Affeldt         3.06  7  3  .700  51  0  0  0  0  61.2  44  25  21  2  31  45
M.Palmer          3.33 13  5  .722  43 13  2  2  1 116.1 103  49  43 10  58  61
R.Vandenhurk      3.34  3  3  .500  10 10  1  1  0  56.2  50  21  21  7  17  49
J.Lannan          3.51  8  6  .571  32 32  2  0  0 195.0 181  85  76 24  70 107
R.Troncoso        3.55  3  3  .500  67  0  0  0  0  83.2  97  35  33  6  27  63
M.Gonzalez        3.72  5  5  .500  67  0  0  0 23  75.0  58  32  31  8  39  88
T.Hanson          3.76  6  1  .857   9  9  0  0  0  55.0  45  23  23  4  20  53
K.Jepsen          3.81  4  3  .571  49  0  0  0  1  56.2  65  26  24  1  30  41
J.Maine           4.04  3  4  .429  16 16  0  0  0  82.1  67  40  37  8  40  61
J.Contreras       4.54  6  5  .545  43  6  0  0  0  75.1  78  39  38  4  40  64
B.Penny           5.89  2  5  .286  10  9  0  0  0  44.1  58  29  29  9  16  26
E.Santana         7.96  2  3  .400   7  7  0  0  0  31.2  52  28  28  3  10  29
ALL NON-PITCHERS  ----  0  0  ----   0  0  0  0  0   0.0   0   0   0  0   0   0
Team                                          6                   -3
----------------- ---- -- -- ----- --- -- -- -- -- ----- --- --- --- -- --- ---
TEAM TOTALS       3.48    56       152    10    52      1281     532    513
                       96     .632    152    11   1376.1     572    126    1181

Primary Player Statistics For 2010 Rivercrypts (SEG) Totals After 152 Games


NAME              BAVG  GM  AB   R   H 2B 3B HR RBI  BB  SO HB SH DP  SB CS  E
K.Johnson         .320  30  25   8   8  1  2  2   5   2   4  0  0  0   0  0  1
G.Parra           .310  67 158  16  49  7  3  4  18  13  24  0  1  2   4  2  1
E.Velez           .292  27  24   7   7  1  0  0   1   2   5  0  0  0   5  1  1
V.Guerrero        .277  89  94  12  26  3  0  5  17   2  14  1  0  8   2  0  0
M.Napoli          .271  74 247  29  67 15  0  7  31  34  61  6  0  4   0  4  8
C.Guzman          .267  57 146  15  39  7  0  3   9   3  22  0  1  1   1  1  7
C.Jones           .265  34  98  15  26  1  3  4  12  13  17  0  0  3   1  0  6
W.Helms           .261  21  23   3   6  1  0  0   3   1   5  2  0  0   0  0  1
A.Gonzalez        .260 104 384  58 100 21  2 24  60  67  91  5  2 17   0  0  3
J.Reyes           .256  21  82  10  21  4  0  1   4  13  20  0  0  3   4  0  3
E.Cabrera         .249 123 353  40  88 11  5  3  27  41  93 11  4  5  30  6 15
M.Cameron         .245 150 546  70 134 33  5 23  60  59 171  4  0 20   5  0  9
R.Ibanez          .241 149 536  60 129 34  1 30  74  56 167  4  0 16   2  0  2
D.Fowler          .237 130 456  63 108 26  6  9  39  72 135  1  5  5  30 11  3
C.Headley         .230  88 122  15  28  9  0  2  11  15  30  1  0  6   3  1  1
N.Hundley         .215  86 261  23  56 14  1 11  29  27  81  1  0  3   3  1  8
D.Uggla           .212 151 571  80 121 17  3 30  85  73 149 12  0 19   1  0 14
A.Laroche         .209  47 182  20  38 11  0  9  27  17  44  0  0  8   0  0  0
I.Stewart         .202 127 451  51  91 14  4 22  65  54 147  5  0 13  12  2  8
J.Bard            .074  12  27   1   2  1  0  1   2   2  10  0  0  0   0  0  0
D.Murphy          ----   0   0   0   0  0  0  0   0   0   0  0  0  0   0  0  0
E.Gonzalez`       ----   0   0   0   0  0  0  0   0   0   0  0  0  0   0  0  0
D.Hernandez`      ----   0   0   0   0  0  0  0   0   0   0  0  0  0   0  0  0
ALL PITCHERS      .090 152 278  12  25  2  0  0  10   9 111  0 34  3   0  0 10
----------------- ---- --- --- --- --- -- -- -- --- --- --- -- -- -- --- -- --
TEAM TOTALS       .231    5064    1169    35    589    1401    47    103   101
                       152     608    233   190     575     53   136     29


NAME               ERA  W  L   PCT   G GS CG SH SV    IP   H   R  ER HR  BB  SO
H.Bell            3.20  5  3  .625  51  0  0  0 13  64.2  50  23  23  1  28  75
B.Zito            3.72 14 13  .519  33 33  0  0  0 205.2 173  95  85 25  93 164
S.Burnett         3.95  3  4  .429  26  0  0  0  1  27.1  26  12  12  3  13  18
H.Kuroda          4.01  5  9  .357  20 20  0  0  0 121.1 117  60  54 16  35  92
M.Latos           4.31  1  4  .200   8  8  0  0  0  54.1  43  28  26  9  26  38
F.Rodriguez       4.56  3  8  .273  49  0  0  0 16  71.0  68  39  36 10  50  68
B.Boyer           4.78  0  4  .000  40  0  0  0  1  58.1  62  32  31  1  31  37
T.Hanson          4.79  4  6  .400  14 14  0  0  0  73.1  70  43  39 15  20  61
L.Nunez           4.91  1  2  .333  15  0  0  0  0  22.0  17  12  12  4   8  18
C.Durbin          5.11  2  2  .500  48  0  0  0  2  74.0  74  47  42 10  55  72
J.Weaver*         5.36  6 16  .273  32 32  0  0  0 188.0 200 119 112 28  64 165
J.Moyer           5.56  5  8  .385  51 11  1  0  3 134.1 161  87  83 31  41  81
C.Richard         5.86  4 10  .286  28 28  0  0  0 147.1 180 101  96 22  81  98
L.Gregerson       6.65  0  2  .000  35  0  0  0  4  47.1  53  35  35  2  19  61
B.Buckner`        7.09  2  3  .400  26  4  0  0  0  59.2  85  55  47 14  31  56
A.Eaton`         12.86  1  2  .333   3  2  0  0  0   7.0  15  10  10  4   4   3
M.Adams           ----  0  0  ----   0  0  0  0  0   0.0   0   0   0  0   0   0
ALL NON-PITCHERS  ----  0  0  ----   0  0  0  0  0   0.0   0   0   0  0   0   0
Team                                          4                   -1
----------------- ---- -- -- ----- --- -- -- -- -- ----- --- --- --- -- --- ---
TEAM TOTALS       4.93    96       152     1    40      1394     742    599
                       56     .368    152     4   1355.2     798    195    1107

Primary Player Statistics For 2010 Skramalonians (SKR) Totals After 152 Games


NAME              BAVG  GM  AB   R   H 2B 3B HR RBI  BB  SO HB SH DP  SB CS  E
E.Renteria`       .500   4   2   0   1  0  0  0   1   6   0  0  0  0   0  0  0
B.Allen           .378  50  45   7  17  6  0  1   9   5  14  0  0  1   0  0  0
M.Prado           .296 126 425  53 126 41  0  6  34  36  71  3  3  9   2  3 13
A.Torres          .292  53  65  16  19  6  3  4  14  11  25  0  1  0   3  1  0
R.Garko           .270  51 100  20  27  4  0  8  23  14  13  2  0  4   0  0  0
C.Ross            .266 146 553  73 147 30  0 39 115  38 126  9  0 15   1  2  0
R.Howard          .266 134 429  72 114 21  6 36  84  56 138  8  0  7   7  1 11
T.Tulowitzki      .265 142 539  94 143 20 10 35 110  58 119  1  0 11  13  4 11
O.Hudson          .258 144 531  64 137 31  6 11  54  56 102  4  7 14   3  0  9
W.Valdez          .255  43  94   6  24  4  1  0   4   9  20  0  0  2   0  0  1
T.Gwynn Jr        .253 100 348  44  88 17  2  2  21  36  63  1  8  5  12  2  9
R.Zimmerman       .252 152 600  97 151 29  2 25  86  72 144  3  0 12   0  0 13
C.Burke`          .250   1   4   1   1  0  0  0   0   1   1  0  0  0   0  0  0
J.Baker           .236 106 314  28  74 22  1  6  41  44  76  5  0 10   0  0  8
B.Francisco       .233 103 262  41  61 16  0  8  24  35  66  8  7  7   9  3  0
B.Schneider       .231   5  13   5   3  2  0  0   2   2   2  0  0  1   0  0  0
C.Coghlan         .231  39 117  20  27  7  0  2   8  17  23  0  0  0   0  0  0
C.Young           .196  74 235  33  46 14  2  6  17  35  62  3  0  4   2  1  0
C.Snyder          .149  63 174  21  26  6  0  9  18  37  52  3  3  5   0  0  2
T.Oeltjen         .000   3   5   0   0  0  0  0   0   0   1  0  0  0   0  0  0
ALL PITCHERS      .122 152 328  15  40  3  0  0  14  14 126  0 45  3   0  0 17
----------------- ---- --- --- --- --- -- -- -- --- --- --- -- -- -- --- -- --
TEAM TOTALS       .245    5183    1272    33    679    1244    74     52    94
                       152     710    279   198     582     50   110     17


NAME               ERA  W  L   PCT   G GS CG SH SV    IP   H   R  ER HR  BB  SO
S.Loux`           1.50  1  0 1.000   1  1  0  0  0   6.0   2   2   1  0   2   1
J.Broxton         1.75  5  4  .556  60  0  0  0 25  77.1  40  16  15  4  39 102
D.O'Day           1.90  3  2  .600  46  0  0  0  4  61.2  43  14  13  1  21  68
M.Cain            2.70  6  1  .857   9  9  3  1  0  70.0  54  23  21  3  13  56
J.Lackey          3.02 13  7  .650  28 28  4  0  0 184.2 163  69  62 15  59 161
T.Walker          3.32  1  1  .500  24  0  0  0  2  38.0  36  16  14  7  10  25
J.Bulger          3.75  3  7  .300  51  0  0  0  0  69.2  58  34  29 12  34  84
L.Rosales         4.06  1  2  .333  21  0  0  0  1  31.0  33  17  14  2   9  20
G.Mota            4.32  2  1  .667  35  0  0  0  1  50.0  67  26  24  3  25  33
E.Mujica          4.38  4  6  .400  38  7  0  0  0 100.2 100  51  49 18  26  92
D.Meyer           4.40  5  1  .833  42  0  0  0  3  57.1  51  31  28  6  20  54
T.Stauffer        4.56  5  5  .500  15 14  0  0  0  77.0  78  44  39 13  31  53
C.Lee             4.84 11  9  .550  33 33  3  1  0 201.0 212 116 108 25  54 162
V.Padilla         5.22 10 11  .476  28 28  3  2  0 157.0 185  95  91 22  71 103
J.Saunders        5.27  9 16  .360  30 30  4  2  0 179.1 185 110 105 38  69 101
J.Fogg            5.40  0  0  ----   4  0  0  0  0   5.0   5   3   3  2   2   3
L.Hernandez       5.40  0  0  ----   2  2  0  0  0  10.0  13   6   6  1   5  11
ALL NON-PITCHERS  ----  0  0  ----   0  0  0  0  0   0.0   0   0   0  0   0   0
Team                                          2                   -2
----------------- ---- -- -- ----- --- -- -- -- -- ----- --- --- --- -- --- ---
TEAM TOTALS       4.06    73       152    17    36      1325     620    490
                       79     .520    152     8   1375.2     673    172    1129

Primary Player Statistics For 2010 Tresspassers (TRE) Totals After 152 Games


NAME              BAVG  GM  AB   R   H 2B 3B HR RBI  BB  SO HB SH DP  SB CS  E
P.Sandoval        .325 146 610  83 198 47  3 34 103  34  72  3  0 18   4  5 11
R.Winn            .311  83 119  13  37 13  0  0  18  10  18  0  0  1   7  0  2
L.Castillo        .306 119 428  52 131 10  0  3  35  38  49  0  5  3  31 14  7
E.Aybar           .302  15  53   4  16  3  2  0   5   2   6  3  0  0   5  0  1
E.Dukes           .282  72 156  19  44  7  3  3  17  25  34  2  0  4   1  1  3
F.Sanchez         .280  93 211  27  59  9  3  8  27   6  43  0  0  8   1  0  2
R.Martin          .260 116 384  37 100 19  0  3  40  35  62  9  0  6   9  2  7
R.Furcal          .258 140 530  68 137 21  4 10  55  45  77  0  2 12  15  3 22
J.Willingham      .253 132 391  56  99 23  0 26  62  59 107 17  0  9   7  3 12
B.Hawpe           .247 133 454  65 112 30  1 16  63  63 168  6  0 10   0  3  2
C.Iannetta        .241  79 220  32  53 16  3 11  33  23  75  4  0  5   0  0  1
C.Delgado         .239  96  92  13  22  6  1  0   6  19  14  6  0  3   0  0  1
A.Dunn            .227 151 519  85 118 25  0 37  79  95 176  9  0 17   1  0 13
J.Werth           .227 152 581  80 132 23  0 25  73  83 170  7  0 25  12  4  4
A.Ojeda           .225  18  40   4   9  2  0  0   0   4   2  1  2  1   0  0  5
R.Church          .220  51  50   5  11  1  0  0   2   2  13  0  0  2   0  0  0
E.Bonifacio       .200  44  15  12   3  1  0  0   2   0   4  0  0  0   7  4  0
K.Greene`         ----   0   0   0   0  0  0  0   0   0   0  0  0  0   0  0  0
F.Martinez`       ----   0   0   0   0  0  0  0   0   0   0  0  0  0   0  0  0
N.Schierholtz     ----   0   0   0   0  0  0  0   0   0   0  0  0  0   0  0  0
ALL PITCHERS      .175 152 325  22  57  8  0  1  24  21 124  0 45  4   0  0  9
----------------- ---- --- --- --- --- -- -- -- --- --- --- -- -- -- --- -- --
TEAM TOTALS       .258    5178    1338    20    644    1214    54    100   102
                       152     677    264   177     564     67   128     39


NAME               ERA  W  L   PCT   G GS CG SH SV    IP   H   R  ER HR  BB  SO
J.Beimel          0.00  0  0  ----   2  0  0  0  0   2.0   3   1   0  0   1   3
B.Howry           2.19  3  3  .500  49  0  0  0  1  65.2  56  17  16  4  19  46
M.Herges          2.35  0  0  ----   6  0  0  0  1   7.2   6   2   2  1   3   4
D.Haren           2.85 19  7  .731  33 33 10  3  0 240.0 197  83  76 33  39 256
T.Lincecum        2.90 14  9  .609  35 35  1  0  0 232.2 168  83  75 18  71 268
B.Sanches         3.14  2  7  .222  44  0  0  0  0  57.1  50  24  20  6  21  41
H.Street          3.33  5  5  .500  46  0  0  0 22  48.2  44  20  18  6  14  60
T.Clippard        3.82  1  2  .333  62  0  0  0  1  33.0  22  14  14  5  24  33
R.Betancourt      4.02  3  0 1.000  63  0  0  0  2  47.0  46  22  21  3  10  58
R.Nolasco         4.37  4 13  .235  21 21  3  2  0 142.0 145  70  69 17  33 167
S.Green           4.48  2  3  .400  56  0  0  0  0  68.1  67  38  34  7  36  51
J.Jurrjens        4.94 11 16  .407  34 34  4  1  0 216.2 236 124 119 28  75 156
C.Hamels          5.03  9 10  .474  29 29  2  0  0 166.1 200 101  93 24  48 161
B.Fuentes         5.64  3  1  .750  43  0  0  0  2  30.1  37  19  19  7  14  30
C.Young           ----  0  0  ----   0  0  0  0  0   0.0   0   0   0  0   0   0
S.O'Sullivan`     ----  0  0  ----   0  0  0  0  0   0.0   0   0   0  0   0   0
ALL NON-PITCHERS  ----  0  0  ----   0  0  0  0  0   0.0   0   0   0  0   0   0
Team                                          3                   +0
----------------- ---- -- -- ----- --- -- -- -- -- ----- --- --- --- -- --- ---
TEAM TOTALS       3.82    76       152    20    29      1277     576    408
                       76     .500    152     9   1357.2     618    159    1334
