Avery Tards          G   AB    H  2B  3B  HR   TB    R  RBI   BB    K  IB SH SF  SB CS   Avg    OB   Slg   OPS
Wilson,Bobby        12    9    4   1   0   1    8    2    5    2    1   0  0  1   0  0  .444  .500  .889 1.389
Carroll,Jamey       28  119   39   3   0   0   42   12    7    8   34   1  1  0   4  2  .328  .375  .353  .728
Polanco,Placido    145  536  174  26   2   3  213   46   50   36   56   4  0  2   3  1  .325  .373  .397  .770
Ross,Cody           90  311   95  17   1   7  135   38   44   28   84  11  0  2   5  1  .305  .370  .434  .804
Kendrick,Howie     147  553  163  36   2   8  227   56   67   20   77   0  2  3  12  5  .295  .322  .410  .732
Ramirez,Hanley      84  326   96   9   0  13  144   54   48   40   65   3  0  4  19  6  .294  .373  .442  .815
Hunter,Torii       105  413  121  21   0  11  175   51   52   35   77   0  0  1   6 10  .293  .355  .424  .779
Podsednik,Scott*   100  363  104   5   2   0  113   47   23   26   58   0  3  1  23 13  .287  .333  .311  .644
Bay,Jason           87  214   59  12   4   3   88   31   22   27   53   1  0  0   6  2  .276  .370  .411  .781
Montero,Miguel*     86  322   88  20   4   4  128   35   37   27   90   2  0  5   0  0  .273  .327  .398  .725
Loney,James*       142  454  120  27   2   4  163   46   42   43   78   2  0  0  10  3  .264  .329  .359  .688
Tejada,Ruben        23   72   18   2   0   0   20    5    2    6   17   0  1  0   0  0  .250  .316  .278  .594
Torrealba,Yorvit    80  261   65  14   0   5   94   28   32   25   57   3  0  1   2  4  .249  .318  .360  .678
Johnson,Reed        16   22    5   2   0   0    7    1    2    0   12   0  0  0   0  0  .227  .261  .318  .579
Giambi,Jason*      124  153   34  10   0   3   53   14   16   20   49   1  0  1   0  0  .222  .326  .346  .672
Schierholtz,Nate    81  202   44  10   2   0   58   14   18   16   30   4  0  0   3  4  .218  .291  .287  .578
Diaz,Matt           55  111   23   7   0   4   42   11   13    5   23   0  1  1   0  0  .207  .258  .378  .636
Gload,Ross*         69  136   26   2   0   2   34   15    8    9   19   0  0  0   0  0  .191  .241  .250  .491
Barmes,Clint        62  144   27   4   0   1   34   12   12    9   29   2  0  0   0  0  .188  .245  .236  .481
Rivera,Juan         26   99   18   5   0   1   26    6   15    5   15   0  0  4   0  1  .182  .227  .263  .490
Bourjos,Peter       30   49    8   0   0   1   11    5    3    0   12   0  1  1   4  1  .163  .160  .224  .384
Fontenot,Mike*      91  103   16   2   0   0   18   14    4   14   19   0  0  0   0  0  .155  .256  .175  .431
                   152 5275 1369 237  19  71 1857  559  534  417 1064  34 51 27  97 53  .260  .319  .352  .671

Avery Tards          G   GS CG    IP    H    R   ER  HR SH SF  HP   BB    K  IB   W   L   Pct Sv   WHIP   ERA
Wagner,Billy*       40    0  0  39.2   20    4    4   0  0  0   2   13   64   1   0   2  .000 19   .832  0.91
Burnett,Sean*       43    0  0  53.0   52   14   12   0  0  1   1   19   48   5   1   3  .250  0  1.340  2.04
Hammel,Jason        17   17  0 104.0   93   41   39   9  9  2   3   30   95   1   6   5  .545  0  1.183  3.38
Oswalt,Roy          23   19  1 129.0  126   60   52  15  2  3   2   32  110   2  10   7  .588  0  1.225  3.63
De La Rosa,Jorge    18   18  0 102.2   97   46   45  10  3  2   3   54  103   0   8   4  .667  0  1.471  3.94
Lilly,Ted*          30   30  0 186.2  172   84   82  29  9  3   9   40  166   1   7  12  .368  0  1.136  3.95
Pelfrey,Mike        29   26  1 158.0  176   78   70  12  6  3   5   61  105   0   7  12  .368  0  1.500  3.99
Kuroda,Hiroki       30   30  2 184.1  198   97   84  15 10  5   3   49  138   2   8  15  .348  0  1.340  4.10
Ramirez,Ramon       73    0  0  74.2   63   34   34   6  2  1   1   40   54   8   2   4  .333  6  1.379  4.10
Casilla,Santiago    59    0  0  55.0   55   33   31   3  1  3   5   37   67   6   4   3  .571  2  1.673  5.07
Medlen,Kris         68    1  0  98.1  131   59   56  16  4  6   1   28   79   3   3   8  .273  3  1.617  5.13
Blanton,Joe         51    0  0  62.1   93   47   46   8  2  2   0   32   55   3   3   0 1.000  0  2.005  6.64
Saunders,Joe*       11    9  0  58.2   81   52   49  12  6  2   2   19   32   1   1   6  .143  0  1.705  7.52
Beimel,Joe*         26    0  0  26.1   48   24   22   2  2  1   0   15   10   1   1   3  .250  0  2.392  7.52
Romo,Sergio         25    2  0  29.2   49   31   31   3  4  2   4   13   34   0   2   5  .286  0  2.090  9.40
                   152  152  4  1362 1454  704  657 140 60 36  41  482 1160  34  63  89  .414 30  1.421  4.34

Dou's Crew           G   AB    H  2B  3B  HR   TB    R  RBI   BB    K  IB SH SF  SB CS   Avg    OB   Slg   OPS
Ramirez,Manny       94  286   97  10   0  16  155   52   41   41   49   3  0  4   0  2  .339  .422  .542  .964
Werth,Jayson        94  361  118  36   2   8  182   46   33   47  106   8  0  5   8  3  .327  .411  .504  .915
Morse,Michael       25   94   30   5   0   5   50   11   11    8   22   2  0  1   0  1  .319  .381  .532  .913
Gonzalez,Alex      149  519  144  35   1  15  226   43   60   33  103   4  1  3   0  2  .277  .327  .435  .762
Wright,David        91  358   98  24   2  14  168   43   61   32  123   1  0  1   7  9  .274  .336  .469  .805
Sanchez,Freddy      97  399  107  20   2   7  152   56   34   30   78   1 15  3   3  1  .268  .319  .381  .700
Davis,Ike*         139  507  132  28   0  16  208   58   68   71  161   3  0  2   0  0  .260  .350  .410  .760
Venable,Will*       76  152   39   7   0   6   64   18   20   18   56   0  0  0  12  2  .257  .339  .421  .760
Kearns,Austin       89  234   58   9   0   6   85   28   26   28   67   1  0  1   2  1  .248  .352  .363  .715
Olivo,Miguel        91  342   82  12   0  12  130   37   34   18  123   2  1  2   5  1  .240  .280  .380  .660
Kemp,Matt          152  555  129  15   5  19  211   62   71   38  164   2  0  7  22  7  .232  .282  .380  .662
Guillen,Jose        23   54   12   1   0   0   13    1    4    1   12   0  0  0   0  0  .222  .236  .241  .477
Izturis,Maicer#     28  120   26   5   1   3   42   15   16    6   15   0  1  0   3  6  .217  .254  .350  .604
Morrison,Logan*     28  107   23   5   4   2   42    9    3   18   21   1  0  0   0  0  .215  .328  .393  .721
Mora,Melvin         95  250   48   7   0   2   61   13   20   26   35   0  2  0   2  2  .192  .289  .244  .533
Gibbons,Jay*        13   16    3   0   0   0    3    2    0    3    2   0  0  0   0  0  .188  .316  .188  .504
Glaus,Troy          41   38    7   0   0   2   13    3    2    6   13   0  0  0   0  0  .184  .295  .342  .637
Kennedy,Adam*      138  232   38   7   0   3   54   31   11   32   32   0  0  2  14  1  .164  .271  .233  .504
Valdez,Wilson       29   38    6   1   0   0    7    4    1    4    8   0  0  0   2  0  .158  .238  .184  .422
Iannetta,Chris      59  208   29   5   1   7   57   19   24   23   55   0  0  2   0  0  .139  .230  .274  .504
Hester,John          8   15    1   1   0   0    2    0    0    1    7   0  0  0   0  0  .067  .125  .133  .258
Nieves,Wil           1    1    0   0   0   0    0    0    0    0    1   0  0  0   0  0  .000  .000  .000  .000
                   152 5171 1254 238  18 143 1957  566  548  494 1369  28 54 33  80 38  .243  .313  .378  .692

Dou's Crew           G   GS CG    IP    H    R   ER  HR SH SF  HP   BB    K  IB   W   L   Pct Sv   WHIP   ERA
Lowe,Derek          30   30  0 174.2  178   77   67  14 15  5   0   61  118   2  10  11  .476  0  1.368  3.45
Nunez,Leo           70    1  0  62.2   71   28   24   2  2  3   0   36   88   8   0   3  .000 28  1.707  3.45
Dessens,Elmer       39    0  0  36.0   30   16   15   4  2  0   2   16   10   4   2   0 1.000  0  1.278  3.75
O'Flaherty,Eric*    54    0  0  47.0   53   24   21   3  2  0   2   23   40   5   2   2  .500  0  1.617  4.02
Scherzer,Max        31   31  0 184.1  208   95   85  24 13  2   3   57  191   0   4  14  .222  0  1.438  4.15
Santana,Johan*      16   16  1 102.1  108   50   49   8  4  6   3   37   83   0   7   6  .538  0  1.417  4.31
Parnell,Bobby       39    0  0  40.1   64   21   20   3  1  2   0    6   43   3   0   3  .000  0  1.736  4.46
Kendrick,Kyle       60    9  1 127.0  146   72   69  13  7  6   3   43   51   2   3   7  .300  1  1.488  4.89
Runzler,Dan*        51    0  0  45.2   51   28   26   0  0  0   0   30   48   0   3   0 1.000  0  1.774  5.12
Niese,Jonathon*     11   10  0  60.2   69   38   38  13  6  2   1   24   62   0   2   6  .250  0  1.533  5.64
Kennedy,Ian         30   30  0 162.2  166  107  104  32 15  7   5   78  155   1   5  15  .250  0  1.500  5.75
Garland,Jon         22   22  0 121.0  142   81   78  22  6  6   4   48   93   0   3  13  .188  0  1.570  5.80
Webb,Ryan           34    0  0  31.0   47   24   21   1  2  1   0   15   27   4   3   3  .500  0  2.000  6.10
Broxton,Jonathan    65    2  0  59.1   90   42   42   3  0  2   3   27   83   4   8   8  .500  7  1.972  6.37
Saito,Takashi       46    1  0  40.1   43   30   29   2  1  0   0   29   51   3   5   2  .714  0  1.785  6.47
Monasterios,Carl    41    0  0  50.2   80   48   48  10  2  4   3   22   28   4   1   1  .500  0  2.013  8.53
                   152  152  2  1345 1546  781  736 154 78 46  29  552 1171  40  58  94  .382 36  1.560  4.92

Morgen Grinders      G   AB    H  2B  3B  HR   TB    R  RBI   BB    K  IB SH SF  SB CS   Avg    OB   Slg   OPS
Ethier,Andre*      146  493  172  26   1  29  287   78   83   54   82   4  0  4   0  2  .349  .411  .582  .993
Gibbons,Jay*        26   38   13   0   0   3   22    4    7    3   10   0  0  0   0  1  .342  .390  .579  .969
Johnson,Reed        49   93   29   8   0   1   40    7   13    1   23   0  0  1   0  2  .312  .330  .430  .760
Carroll,Jamey       72  271   83   9   0   0   92   33   28   33   53   2  3  0  10  4  .306  .394  .339  .733
Renteria,Edgar      64  211   62   8   0   4   82   22   22   23   40   2  2  0   2  0  .294  .363  .389  .752
Morales,Kendry#     75  172   49   3   0   9   79   25   36   10   33   1  0  3   0  0  .285  .326  .459  .785
Ross,David          47  131   37  16   2   0   57   17   17    8   33   0  2  0   2  0  .282  .329  .435  .764
DeRosa,Mark         20   51   14   2   0   3   25    9    4    7   10   0  0  0   0  0  .275  .373  .490  .863
Thome,Jim*          96  301   81  10   2  19  152   53   50   50   82   3  0  3   0  0  .269  .372  .505  .877
Martin,Russell     131  338   90   8   1   6  118   41   38   37   74   4  3  0   6  1  .266  .346  .349  .695
Beltran,Carlos#    102  188   49  13   0  17  113   30   37   17   53   1  0  1   0  0  .261  .330  .601  .931
Ramirez,Hanley      41  175   44   5   1  10   81   30   25   13   29   5  0  0   8  4  .251  .321  .463  .784
Castillo,Luis#      85   72   18   1   0   0   19    7    3    9    9   0  7  0   1  0  .250  .333  .264  .597
Ibanez,Raul*       147  499  122  21   4  14  193   60   68   58   98   3  0  2   4  2  .244  .322  .387  .709
Utley,Chase*       118  453  109  18   1  17  180   75   51   62   69   4  0  4  15  0  .241  .345  .397  .742
Uribe,Juan         141  486  116  23   0  20  199   58   67   35   88   5  0  6   3  1  .239  .289  .409  .698
Torres,Andres#     151  511  121  21   4  19  207   78   61   57  156   7  7  4  22 11  .237  .312  .405  .717
Harris,Willie*      95  113   24   0   4   8   56   19   16    8   33   0  0  0   2  0  .212  .264  .496  .760
Whiteside,Eli       53   87   18   6   0   1   27    7    5    9   37   4  0  0   1  2  .207  .289  .310  .599
Reynolds,Mark       95  247   46   9   0  11   88   23   24   24  122   0  0  1   1  1  .186  .265  .356  .621
Diaz,Matt            7   17    2   0   0   0    2    2    1    5    5   1  1  0   0  1  .118  .318  .118  .436
                   152 5258 1341 213  20 194 2176  697  678  536 1239  46 72 30  77 32  .255  .327  .414  .741

Morgen Grinders      G   GS CG    IP    H    R   ER  HR SH SF  HP   BB    K  IB   W   L   Pct Sv   WHIP   ERA
Rodriguez,Franki    55    0  0  53.2   36   11   11   2  1  1   3   17   65   3   8   3  .727  2   .988  1.84
Hensley,Clay        69    0  0  68.2   65   25   21   3  1  2   4   29   80   4   4   6  .400  0  1.369  2.75
Dickey,R.A.         26   26  3 178.2  192   72   58  13  9  4   2   28  112   2  12   6  .667  0  1.231  2.92
Rhodes,Arthur*      58    0  0  50.0   38   17   17   4  0  0   3   18   44   4   5   2  .714  1  1.120  3.06
Hernandez,Livan     30   30  2 197.1  194   72   68  13  7 10   3   62  117   1  13   8  .619  0  1.297  3.10
Bumgarner,Madiso    20   20  0 114.2  118   48   42  13  6  2   6   23  105   1   7   3  .700  0  1.230  3.30
Wagner,Billy*       17    0  0  16.0    7    6    6   4  0  0   2    6   20   0   1   0 1.000  9   .813  3.38
Wilson,Brian        68    0  0  68.2   71   31   26   5  2  2   0   24   78   8   3   8  .273 28  1.383  3.41
Romo,Sergio         37    0  0  38.1   36   16   15   3  1  1   1   18   36   4   4   1  .800  0  1.409  3.52
Santana,Ervin       28   28  4 187.0  178   83   75  23 11  5   6   47  160   1  10   9  .526  0  1.203  3.61
Hanson,Tommy        30   30  0 178.1  178   88   80  12 12  4  10   43  147   0  13   8  .619  0  1.239  4.04
Pineiro,Joel        19   17  2 114.1  135   63   55  15 10  3   1   21   67   2   8   6  .571  0  1.364  4.33
Ohman,Will*         31    0  0  30.2   27   16   15   3  1  1   0   13   33   1   0   1  .000  0  1.304  4.40
Dotel,Octavio       31    0  0  38.0   40   21   21   7  0  2   3   21   40   0   0   0  .000  0  1.605  4.97
Lannan,John*        32    1  0  46.0   78   38   38   3  2  2   2   17   22   1   0   3  .000  2  2.065  7.43
                   152  152 11  1380 1393  607  548 123 63 39  46  387 1126  32  88  64  .579 42  1.290  3.57

Skramalonians        G   AB    H  2B  3B  HR   TB    R  RBI   BB    K  IB SH SF  SB CS   Avg    OB   Slg   OPS
Prado,Martin       136  566  188  35   1   6  243   70   56   23   84   1  1  3   2  2  .332  .360  .429  .789
Zimmerman,Ryan     127  479  155  34   0  12  225   76   67   69   88   2  0  5   1  0  .324  .408  .470  .878
Schneider,Brian*    39  127   41   6   2   2   57   19   26   27   25   0  0  2   0  0  .323  .439  .449  .888
Tulowitzki,Troy    134  477  147  29   2  12  216   91   63   56   82   4  1  6   8  0  .308  .388  .453  .841
Gonzalez,Alberto    30   86   26   7   2   0   37   14    9    0   10   0  1  0   0  0  .302  .302  .430  .732
Matsui,Hideki*     142  459  136  37   4  14  223   79   59   63   93   2  0  5   0  1  .296  .378  .486  .864
Young,Chris        149  562  166  36   1  21  267   89   99   63  134   2  1 12  21  7  .295  .359  .475  .834
Howard,Ryan*       102  350   98  15   4  14  163   58   72   31  110   2  0  3   1  1  .280  .341  .466  .807
Sanchez,Gaby       147  313   86  24   1   5  127   44   40   37   68   0  2  4   3  0  .275  .353  .406  .759
Smith,Seth*        123  349   94  22   6  10  158   48   53   39   77   1  0  9   0  0  .269  .337  .453  .790
Callaspo,Alberto    94  197   51  15   0   1   69   27   16   17   19   2  0  0   0  1  .259  .321  .350  .671
Francisco,Ben       91  187   48   8   0   7   77   26   34   11   29   0  0  2   7  0  .257  .299  .412  .711
Denorfia,Chris     102  242   62   8   1   3   81   29   27   19   34   0  0  1   4  3  .256  .309  .335  .644
Rodriguez,Ivan      92  345   85  11   0   1   99   24   31   13   66   2  2  0   0  0  .246  .278  .287  .565
Cabrera,Everth#     53  126   29   4   0   1   36   10   12   11   28   0  3  1   4  1  .230  .290  .286  .576
Ellis,A.J.          34  100   22   1   0   0   23    6   10   10   26   1  5  2   0  0  .220  .286  .230  .516
Hinske,Eric*        73   62   13   3   1   0   18    2    9   12   22   0  0  0   0  0  .210  .338  .290  .628
Crosby,Bobby         1    2    0   0   0   0    0    0    0    0    0   0  0  0   0  0  .000  .000  .000  .000
                   152 5383 1501 298  25 109 2176  734  706  509 1131  19 48 56  51 16  .279  .341  .404  .745

Skramalonians        G   GS CG    IP    H    R   ER  HR SH SF  HP   BB    K  IB   W   L   Pct Sv   WHIP   ERA
Veras,Jose          44    0  0  49.2   35   11   10   3  1  1   1   21   47   3   1   0 1.000  0  1.128  1.81
Gregerson,Luke      76    0  0  69.0   39   18   17   4  0  0   0   25   74   5   4   1  .800  1   .928  2.22
Mujica,Edward       65    0  0  70.0   60   19   19  11  3  4   0    9   70   2   2   0 1.000  1   .986  2.44
Stauffer,Tim        57    1  0  82.1   68   27   23   2  1  1   4   29   68   3  11   4  .733  4  1.178  2.51
Halladay,Roy        32   32  9 235.0  247   85   68  20 10  8   4   43  205   2  14   7  .667  0  1.234  2.60
Chacin,Jhoulys      28   25  0 142.0  107   49   42   6  8  1  11   64  148   0  10   8  .556  0  1.204  2.66
O'Day,Darren        72    0  0  63.0   54   25   25   2  2  1   7   20   36   8   2   5  .286  7  1.175  3.57
Cain,Matt           32   32  2 216.1  187   95   88  29  9  4   4   62  170   2  14  10  .583  0  1.151  3.66
Sanabia,Alex        22    9  0  72.1   73   33   30   8  2  2   6   19   53   0   2   6  .250  0  1.272  3.73
Weaver,Jered        32   31  1 194.2  186   90   84  21  9  5   0   54  219   3  14  12  .538  0  1.233  3.88
Lidge,Brad          51    0  0  45.2   30   22   22   6  0  0   1   29   54   3   5   7  .417 24  1.292  4.34
Padilla,Vicente     18   18  0  98.2  109   65   63  20  4  2   5   41   81   0   6   5  .545  0  1.520  5.75
Minor,Mike*          8    4  0  21.0   34   22   22   4  0  1   0    6   26   0   0   2  .000  0  1.905  9.43
Sherrill,George*     1    0  0   0.2    3    1    1   0  0  0   0    0    2   0   0   0  .000  0  4.500 13.50
                   152  152 12  1360 1232  562  514 136 49 30  43  422 1253  31  85  67  .559 37  1.216  3.40

B-Rads               G   AB    H  2B  3B  HR   TB    R  RBI   BB    K  IB SH SF  SB CS   Avg    OB   Slg   OPS
Coghlan,Chris*      77   77   27   8   1   0   37   13   12    7   11   0  0  1   3  0  .351  .414  .481  .895
Rollins,Jimmy#      77  227   78  14   2   7  117   48   38   20   29   2  0  2   8  6  .344  .394  .515  .909
Infante,Omar       118  476  155  17   3   3  187   69   41   28   52   3  1  1   7  6  .326  .362  .393  .755
Gonzalez,Carlos*   120  491  160  21  10  23  270   78   91   38  121   3  0  7  22  7  .326  .369  .550  .919
Furcal,Rafael#      97  374  118  19  10   3  166   68   36   49   47   3  3  2  24  6  .316  .394  .444  .838
Gonzalez,Adrian*   152  603  190  39   0  37  340  108  126   94  132  20  0  6   0  0  .315  .405  .564  .969
Ruiz,Carlos        117  384  119  29   0   5  163   49   53   35   48   5  0  1   0  0  .310  .373  .424  .797
Morrison,Logan*     91  147   45  15   5   0   70   17   25   32   34   1  0  0   0  1  .306  .433  .476  .909
Heyward,Jason*     132  492  146  25   4  16  227   82   77   83  127   4  0  6  14  5  .297  .403  .461  .864
Venable,Will*       43   49   14   1   1   1   20    9    3    9   15   0  0  0   5  0  .286  .397  .408  .805
Upton,Justin       131  508  142  35   4  12  221   80   75   51  174   4  0  6  24  3  .280  .347  .435  .782
Hundley,Nick        70  228   61  17   1   5   95   27   36   21   59   1  0  3   3  1  .268  .325  .417  .742
Izturis,Maicer#     41  116   31   6   0   0   37   20   11   13   19   4  0  0   3  2  .267  .346  .319  .665
Ross,Cody           11   19    5   2   0   0    7    1    5    3    3   0  0  0   0  1  .263  .364  .368  .732
Ankiel,Rick*        63  139   35  12   2   3   60   15   22   17   52   0  0  1   1  0  .252  .344  .432  .776
Blake,Casey        121  294   69  14   0   5   98   29   39   26   94   2  1  6   0  0  .235  .296  .333  .629
Theriot,Ryan        34  110   22   3   0   0   25    8    8    5   13   4  0  1   3  1  .200  .233  .227  .460
Sanchez,Freddy       7   20    4   0   0   1    7    3    3    1    5   0  1  0   0  0  .200  .238  .350  .588
Conrad,Brooks#     109  122   24   7   2   3   44   13    8   21   48   3  2  0   5  1  .197  .315  .361  .676
Wright,David        52  210   40   6   0   7   67   19   22   16   80   2  0  2   8  3  .190  .249  .319  .568
Morgan,Nyjer*       44   30    5   0   2   0    9    7    4    0    5   0  0  1   2  1  .167  .161  .300  .461
                   152 5419 1539 295  49 131 2325  784  759  578 1276  61 44 48 133 44  .284  .354  .429  .783

B-Rads               G   GS CG    IP    H    R   ER  HR SH SF  HP   BB    K  IB   W   L   Pct Sv   WHIP   ERA
Peralta,Joel        50    0  0  47.0   21   10    7   2  1  2   1   13   44   5   3   1  .750  0   .723  1.34
Francis,Jeff*       12    1  0  19.2   19    4    3   1  1  2   0    6   10   0   2   1  .667  0  1.271  1.37
Kuo,Hong-Chih*      63    0  0  60.0   24   14   11   0  0  2   3   29   65   5   8   2  .800  4   .883  1.65
Soriano,Rafael      64    0  0  59.1   30   14   14   8  1  1   2   17   62   1   3   3  .500 35   .792  2.12
Burnett,Sean*       13    0  0  10.1   12    3    3   0  0  2   0    4   12   1   0   1  .000  0  1.548  2.61
Acosta,Manny        40    1  0  37.2   28   13   12   1  1  1   0   19   42   2   4   2  .667  0  1.248  2.87
Rodney,Fernando     61    0  0  65.1   54   27   24   3  1  4   9   28   49   4   8   5  .615  1  1.255  3.31
Richard,Clayton*    30   26  0 162.1  173   68   61   6 12  5   5   55  136   2  10   4  .714  1  1.405  3.38
Kershaw,Clayton*    32   32  0 189.2  161   93   74  14  9  4   9   78  186   1  10  13  .435  0  1.260  3.51
Sanchez,Anibal      31   30  0 169.1  174   84   67   7  6  9   5   67  155   0  12   6  .667  0  1.423  3.56
Sanchez,Jonathan    40   30  0 182.0  136   79   74  19  8  0   7   91  206   0  16   6  .727  0  1.247  3.66
Farnsworth,Kyle     61    1  0  64.1   66   29   27   4  1  2   2   24   57   2   1   4  .200  1  1.399  3.78
Myers,Brett         31   31  0 192.2  206  102   88  21 11  5   4   59  161   1  12   8  .600  0  1.375  4.11
Ray,Chris           57    0  0  60.1   69   35   33   4  0  6   0   31   37   1   1   0 1.000  0  1.657  4.92
Jepsen,Kevin        62    0  0  61.0   79   43   40   0  3  3   1   22   72   3   5   1  .833  1  1.656  5.90
                   152  152  0  1381 1252  618  538  90 55 48  48  543 1294  28  95  57  .625 43  1.300  3.51

ConNerds             G   AB    H  2B  3B  HR   TB    R  RBI   BB    K  IB SH SF  SB CS   Avg    OB   Slg   OPS
Eckstein,David      19   21    8   0   0   0    8    3    4    3    1   0  1  0   0  0  .381  .458  .381  .839
Barajas,Rod         17   35   12   1   0   1   16    6    2    3    6   0  0  0   0  0  .343  .395  .457  .852
Posey,Buster        99  427  132  27   6  17  222   68   70   31   71   1  0  3   0  3  .309  .358  .520  .878
Ludwick,Ryan        72  177   54  13   0   4   79   16   26   26   52   1  0  1   1  2  .305  .412  .446  .858
Burrell,Pat         62   70   21   3   0   4   36   11   17   14   27   2  0  0   0  0  .300  .424  .514  .938
Figgins,Chone#     152  623  186  20   0   1  209   90   47   78  120   1 18  0  43 27  .299  .378  .335  .713
Huff,Aubrey*       105  386  112  19   2  17  186   49   66   62   68   7  0  2   2  6  .290  .391  .482  .873
Victorino,Shane#    34   84   24   4   2   4   44   15   10    4   12   0  0  0   5  1  .286  .318  .524  .842
Thole,Josh*         71  203   55   8   3   1   72   17   16   17   22   0  0  1   0  2  .271  .329  .355  .684
Dunn,Adam*         149  577  156  58   0  38  328   87  112   60  209   6  0  6   0  0  .270  .341  .568  .909
Parra,Gerardo*     121  374  100  17   4   1  128   42   26   21   84   1  1  1   0  0  .267  .314  .342  .656
Sandoval,Pablo#    148  584  155  33   1  12  226   55   72   28   70   1  0  2   2  3  .265  .298  .387  .685
Willingham,Josh    123  386  100  16   2  13  159   57   50   67   89  13  0  2   7  3  .259  .379  .412  .791
Helton,Todd*       115  128   32   5   2   2   47   14    8   20   25   0  0  1   0  0  .250  .358  .367  .725
Desmond,Ian        137  504  124  11   3   6  159   44   47   22  121   1  8  2  17  5  .246  .286  .315  .601
Bernadina,Roger*   119  273   67  12   4   6  105   35   31   30   71   3  0  2  12  6  .245  .327  .385  .712
Bonifacio,Emilio    92  140   32   2   1   0   36   20    9   24   40   1  1  1   8  2  .229  .339  .257  .596
Tejada,Miguel       14   37    8   2   0   1   13    3    6    1    6   0  0  0   0  0  .216  .256  .351  .607
                   152 5338 1426 259  30 128 2129  644  629  517 1198  38 72 26  97 61  .267  .336  .399  .735

ConNerds             G   GS CG    IP    H    R   ER  HR SH SF  HP   BB    K  IB   W   L   Pct Sv   WHIP   ERA
Nieve,Fernando       9    0  0   9.2    5    3    3   1  1  1   0    5    9   0   0   1  .000  1  1.034  2.79
Clippard,Tyler      89    0  0  83.0   85   34   34  10  1  1   2   52  113  13   3   5  .375  1  1.651  3.69
Hamels,Cole*        30   30  1 175.0  171   81   75  18 13  4   9   72  178   0   7   8  .467  0  1.389  3.86
Sanches,Brian       70    0  0  69.1   57   31   30  10  2  4   0   38   56   1   5   2  .714  0  1.370  3.89
Lincecum,Tim        22   20  0 122.0  141   68   55  17  6  1   4   44  135   1   6  10  .375  0  1.516  4.06
Street,Huston       55    0  0  54.1   51   26   25   8  1  2   2    5   54   1   4   5  .444 18  1.031  4.14
Feliciano,Pedro*    83    3  0  70.1  100   41   37   3  4  6   5   43   51   6   5   1  .833  2  2.033  4.73
Haren,Dan           30   30  1 177.2  234  117  110  32  8  4   3   38  185   0   5  15  .250  0  1.531  5.57
Lopez,Rodrigo        7    7  0  35.1   55   24   23   9  1  2   0   11   12   0   0   3  .000  0  1.868  5.86
Fuentes,Brian*      58    0  0  52.0   59   35   34  12  2  1   3   28   58   4   2   9  .182  8  1.673  5.88
Nolasco,Ricky       31   28  1 164.0  206  117  110  31 13  4   2   52  161   2   6  12  .333  0  1.573  6.04
Durbin,Chad         72    1  0  83.1  115   61   56   7  2  5   2   41   87   1   0   2  .000  1  1.872  6.05
Lopez,Javier*       80    0  0  64.2  102   55   51   6  2  0   3   34   42   7   4   6  .400  1  2.103  7.10
Volstad,Chris       31   30  2 172.0  252  154  139  22  8  5   5   62  122   3   4  18  .182  0  1.826  7.27
Vasquez,Esmerlin     8    0  0   6.2    7    6    6   0  1  0   0    9    6   1   0   2  .000  0  2.400  8.10
Vasquez,Esmerlin     8    0  0   6.2    7    6    6   0  1  0   0    9    6   1   0   2  .000  0  2.400  8.10
Weaver,Jeff          8    0  0   9.2   13   11   11   6  0  4   0    3    8   1   1   0 1.000  0  1.655 10.24
Jurrjens,Jair        3    3  0  12.0   26   15   15   5  0  1   0    3   13   0   0   1  .000  0  2.417 11.25
                   152  152  5  1361 1679  879  814 197 65 45  40  540 1290  41  52 100  .342 32  1.630  5.38

Co Operators         G   AB    H  2B  3B  HR   TB    R  RBI   BB    K  IB SH SF  SB CS   Avg    OB   Slg   OPS
Ramos,Wilson        29   29   14   4   0   0   18    5    4    0    5   0  0  0   0  0  .483  .483  .621 1.104
Huff,Aubrey*        43  177   60  12   3  16  126   37   48   27   25   0  0  2   1  1  .339  .431  .712 1.143
Espinosa,Danny#     73   34   11   0   0   2   17    6    8    4   10   0  0  0   0  0  .324  .410  .500  .910
Paulino,Ronny       51  144   44  11   0   4   67   19   20    7   18   2  0  0   0  0  .306  .338  .465  .803
Aybar,Erick#        64   59   18   0   0   0   18    5    6    2    9   1  0  0   1  1  .305  .328  .305  .633
Abreu,Bobby*       142  439  133  40   1  23  244   83   75   49   80   1  0  3  25  7  .303  .372  .556  .928
Uggla,Dan          152  575  172  30   0  21  265   99   84   74  159   6  0 13   2  3  .299  .373  .461  .834
Helms,Wes           77  179   52  16   1   4   82   25   24   20   54   0  0  0   0  0  .291  .365  .458  .823
Pagan,Angel#       131  515  150  33   4   7  212   65   54   28   84   4  4  6  26 11  .291  .324  .412  .736
Lee,Derrek         116  366  104  24   0  14  170   45   57   34   89   3  0  2   0  0  .284  .343  .464  .807
Drew,Stephen*      150  565  159  22   8  20  257   92   75   59  122   1  2  2   9  8  .281  .351  .455  .806
Headley,Chase#     143  454  126  21   1  10  179   57   59   42  127   3  0  1  15  2  .278  .339  .394  .733
McCann,Brian*      150  425  117  26   0  21  206   70   84   67   90   1  0  8   4  3  .275  .373  .485  .858
Werth,Jayson        50  208   56  12   0  10   98   37   34   29   65   2  0  0   1  2  .269  .364  .471  .835
Spilborghs,Ryan    125  323   83   9   3  10  128   51   32   25   84   3  3  1   2  4  .257  .317  .396  .713
Gwynn,Tony*        108  258   66  13   4   1   90   20   32   19   50   0  7  0  18  3  .256  .312  .349  .661
Morse,Michael       80  161   37   1   0   7   59   23   17   22   38   2  0  1   0  0  .230  .328  .366  .694
McLouth,Nate*       28   61    9   1   0   0   10    6    1    7   13   0  1  0   1  2  .148  .235  .164  .399
Brown,Domonic*      16   25    2   0   0   0    2    1    2    4   14   0  0  0   0  0  .080  .207  .080  .287
                   152 5334 1460 278  25 170 2298  763  741  528 1272  29 78 41 105 47  .274  .340  .431  .771

Co Operators         G   GS CG    IP    H    R   ER  HR SH SF  HP   BB    K  IB   W   L   Pct Sv   WHIP   ERA
Saito,Takashi        7    0  0   6.2    6    1    1   1  0  0   0    3    9   0   0   0  .000  0  1.350  1.35
Adams,Mike          78    0  0  62.2   48   17   13   2  1  2   0   35   63   2   3   3  .500 11  1.324  1.87
Jimenez,Ubaldo      30   30  1 200.1  147   58   53  10 12  0  13   91  202   1  15   5  .750  0  1.188  2.38
Santana,Johan*      11   11  1  80.2   73   26   25   7  0  2   1   18   59   0   9   0 1.000  0  1.128  2.79
Johnson,Josh        27   27  1 168.1  175   64   54   7  6  5   2   55  190   2  10   7  .588  0  1.366  2.89
Billingsley,Chad    29   29  2 178.1  158   63   60   4  8  5  15   70  172   1  15   7  .682  0  1.279  3.03
Batista,Miguel      61    3  0  77.0   71   27   26   4  1  5   2   38   47   3  10   3  .769  2  1.416  3.04
Happ,J.A.*          15   14  0  80.2   77   32   30   6  6  3   0   38   58   0   2   6  .250  0  1.426  3.35
Thatcher,Joe*       34    0  0  28.2   30   12   12   4  1  0   1    2   27   0   1   0 1.000  1  1.116  3.77
Storen,Drew         59    0  0  45.0   36   20   19   0  0  1   4   25   43   1   4   3  .571 14  1.356  3.80
Badenhop,Burke      64    0  0  70.0   69   32   30   4  0  7   5   29   62   3   2   1  .667  2  1.400  3.86
Belisle,Matt        87    0  0  85.1   94   43   41  10  1  4   2   33   80  11   2   9  .182  3  1.488  4.32
Takahashi,Hisano    57    7  0  72.1   76   36   35  10  2  4   0   26   73   5   4   7  .364  8  1.410  4.35
Lincecum,Tim        10   10  1  58.2   55   34   31   8  2  2   3   28   50   0   5   1  .833  0  1.415  4.76
Jurrjens,Jair        5    5  0  26.2   24   16   15   5  0  1   0   14   24   0   1   3  .250  0  1.425  5.06
Niese,Jonathon*     16   16  0  97.0  119   61   56  11  8  5   5   38   86   0   5   4  .556  0  1.619  5.20
Romero,J.C.*        38    0  0  27.1   28   22   21   6  1  3   4   19   26   1   1   1  .500  2  1.720  6.91
Webb,Ryan           13    0  0  10.2   27   16   15   0  0  0   0    8   10   1   0   3  .000  0  3.281 12.66
                   152  152  6  1376 1313  580  537  99 49 49  57  570 1281  31  89  63  .586 43  1.368  3.51

Rivercrypts          G   AB    H  2B  3B  HR   TB    R  RBI   BB    K  IB SH SF  SB CS   Avg    OB   Slg   OPS
Cunningham,Aaron    79  132   42  11   1   0   55   11    9    6   31   0  0  0   0  0  .318  .357  .417  .774
Reyes,Jose#        125  533  163  27  11   7  233   91   57   21   59   1  8  8  28 16  .306  .330  .437  .767
Johnson,Kelly*     145  544  155  31   2  26  268   86   88   68  144   4  2  4  11 10  .285  .365  .493  .858
Hunter,Torii        34  137   39   8   0  10   77   21   24   12   20   1  0  3   1  3  .285  .340  .562  .902
Maybin,Cameron     100  197   55   4   4   8   91   30   24   18   59   3  0  0   6  3  .279  .352  .462  .814
Jones,Chipper#     107  240   67  23   0   6  108   44   25   45   38   1  0  2   3  1  .279  .392  .450  .842
Guerrero,Vladimi   140  514  138  19   1  19  216   73   89   35   58   3  0 12   1  4  .268  .325  .420  .745
Hairston Jr.,Jer    91  210   56   6   2   2   72   22   30   15   28   0  2  9   3  5  .267  .315  .343  .658
Stewart,Ian*       120  347   92  10   1  14  146   41   39   26  103   1  0  3   5  2  .265  .317  .421  .738
Stanton,Mike        66  198   50   9   1  12   97   27   45    7   67   0  0  4   1  1  .253  .276  .490  .766
Victorino,Shane#    73  150   37   4   1   4   55   24   14   17   32   0  0  1  11  3  .247  .321  .367  .688
Herrera,Jonathan    85   97   23   2   0   0   25    9    3    8   20   0  7  0   0  0  .237  .295  .258  .553
LaRoche,Adam*      152  577  134  37   1  22  239   66   99   48  196   3  0  7   0  0  .232  .292  .414  .706
Barajas,Rod         38  124   27   2   0   5   44   12   17    5   26   1  0  0   0  0  .218  .254  .355  .609
Fowler,Dexter#     122  423   92   6  12   2  128   60   26   45  119   1  7  0  13 12  .217  .294  .303  .597
Napoli,Mike        123  408   88  16   3  18  164   38   54   36  151   6  0  4   2  4  .216  .296  .402  .698
Bourjos,Peter       37   16    2   0   0   0    2    1    1    0    5   0  1  0   3  1  .125  .125  .125  .250
Blanco,Henry        18    7    0   0   0   0    0    0    0    2    2   0  0  0   0  0  .000  .222  .000  .222
                   152 5149 1304 220  41 155 2071  669  658  419 1253  25 59 59  88 65  .253  .313  .402  .715

Rivercrypts          G   GS CG    IP    H    R   ER  HR SH SF  HP   BB    K  IB   W   L   Pct Sv   WHIP   ERA
Venters,Jonny*      83    0  0  77.1   57   17   15   1  1  1   3   31   89   6   4   2  .667  2  1.138  1.75
Strasburg,Stephe    12   12  0  71.0   51   14   14   3  1  0   0   15   84   0   5   1  .833  0   .930  1.77
Madson,Ryan         62    0  0  52.2   39   19   15   5  4  1   3   14   66   5   8   2  .800  5  1.006  2.56
Frieri,Ernesto      20    0  0  19.1   18    6    6   0  0  1   0   16   18   1   1   1  .500  0  1.759  2.79
Hudson,Tim          28   28  0 180.1  149   74   65  19  7  2   5   60  112   1  10  10  .500  0  1.159  3.24
Bell,Heath          75    0  0  63.0   54   24   24   1  3  1   0   34   72   8   6   3  .667 36  1.397  3.43
Betancourt,Rafae    48    0  0  49.0   41   22   20   6  0  0   0   11   75   5   3   2  .600  0  1.061  3.67
Latos,Mat           30   30  0 179.1  155   81   76  19  8  3   1   44  186   0   8   9  .471  0  1.110  3.81
Carrasco,D.J.       66    0  0  77.2   87   44   38   6  3  2   4   50   63   6   5   2  .714  0  1.764  4.40
Hudson,Daniel       14   14  0  82.0   73   43   41  13  2  2   0   25   71   1   2   7  .222  0  1.195  4.50
Contreras,Jose      43    0  0  36.1   41   19   19   8  1  0   2   13   31   3   2   4  .333  1  1.486  4.71
Saunders,Joe*       21   21  0 130.2  166   85   73  20 10  4   3   46   81   0   6  10  .375  0  1.622  5.03
Oswalt,Roy          11    7  0  50.0   52   29   28   5  1  1   1   12   54   0   3   0 1.000  0  1.280  5.04
LeBlanc,Wade*       24   19  0 115.2  132   75   73  25  9  4   2   35   88   2   6   8  .429  0  1.444  5.68
Moylan,Peter        43    1  0  31.1   37   23   20   8  1  1   3   19   18   3   1   3  .250  0  1.787  5.74
Zito,Barry*         21   20  0 110.2  127   82   77  16  8  4   3   57   97   0   6  10  .375  0  1.663  6.26
Slaten,Doug*        32    0  0  33.0   46   28   26   7  0  0   6   20   22   2   2   0 1.000  1  2.000  7.09
                   152  152  0  1359 1325  685  630 162 59 27  36  502 1227  43  78  74  .513 45  1.344  4.17

