Avery Tards          G   AB    H  2B  3B  HR   TB    R  RBI   BB    K  IB SH SF  SB CS   Avg    OB   Slg   OPS
Rivera,Juan         31   59   24   4   0   4   40   10   20    6    8   0  0  1   0  0  .407  .455  .678 1.133
Murphy,Daniel*     107  414  135  26   2   7  186   66   40   33   36   3  1  0   3  4  .326  .380  .449  .829
Bloomquist,Willi    31   90   28   3   0   4   43   21   12    7   15   1  0  1   4  3  .311  .364  .478  .842
Conrad,Brooks#      49  100   30   4   0   5   49   13   12    7   41   0  1  0   0  0  .300  .352  .490  .842
Gonzalez,Carlos*   129  495  144  36   0  26  258   75   94   53  124   4  0 14  24  4  .291  .360  .521  .881
Hairston,Scott      74   86   25   3   0   8   52   17   16    8   21   1  0  1   0  0  .291  .374  .605  .979
Guzman,Jesus       117  259   75  22   1   4  111   37   27   17   58   2  0  1  11  2  .290  .332  .429  .761
Miranda,Juan*       23   21    6   1   0   1   10    4    1    2    6   1  0  0   0  0  .286  .348  .476  .824
Burrell,Pat         35   32    9   3   0   2   18    5    7    5   14   0  0  0   0  0  .281  .378  .563  .941
Kendrick,Howie     142  560  154  23   6  20  249   80   67   44  125   1  1  5  12  7  .275  .330  .445  .775
Montero,Miguel*    129  455  124  31   0  23  224   64   79   62   89   3  1  2   0  3  .273  .363  .492  .855
Blanco,Henry         9   22    6   1   0   3   16    4    5    0    4   0  0  0   0  0  .273  .273  .727 1.000
Bourjos,Peter      137  461  125  29   9   8  196   59   51   25  115   1  5  2  19 11  .271  .317  .425  .742
Tulowitzki,Troy     58  242   65  10   2  16  127   38   32   25   36   5  0  0   4  1  .269  .340  .525  .865
Freeman,Freddie*   145  553  148  35   0  16  231   81   61   51  136   0  0  4   2  3  .268  .332  .418  .750
Barmes,Clint        76  263   70  11   0   6   99   25   45   14   48   3  2  3   0  0  .266  .305  .376  .681
Ross,David          48   87   23   4   0   2   33   11   13    8   35   1  0  1   0  0  .264  .323  .379  .702
Berkman,Lance#     138  527  131  24   3  27  242   81   83   74  121  16  0  4   0  1  .249  .345  .459  .804
Patterson,Corey*    48   54   13   3   0   1   19    8   11    3    7   0  1  2   0  2  .241  .271  .352  .623
Wigginton,Ty        59  122   27   8   1   2   43   13   12    4   39   1  0  3   0  1  .221  .246  .352  .598
Roberts,Ryan        28   97   21   5   0   5   41   15    9   17   20   2  0  0   2  0  .216  .333  .423  .756
Laird,Gerald        11   36    6   2   0   0    8    1    2    2    9   0  0  0   0  0  .167  .211  .222  .433
Furcal,Rafael#       6    3    0   0   0   0    0    0    0    1    0   0  0  0   0  0  .000  .250  .000  .250
                   152 5337 1444 294  24 192 2362  741  723  473 1195  45 64 47  81 43  .271  .333  .443  .775

Avery Tards          G   GS CG    IP    H    R   ER  HR SH SF  HP   BB    K  IB   W   L   Pct Sv   WHIP   ERA
Cishek,Steve        25    0  0  26.1   24    6    4   0  0  1   2    6   21   2   1   2  .333  4  1.139  1.37
Romo,Sergio         44    0  0  42.0   39    8    7   2  1  0   0    7   66   2   2   2  .500 21  1.095  1.50
Venters,Jonny*      80    0  0  74.2   63   28   22   4  3  2   6   44   71   7   4   3  .571  0  1.433  2.65
Mortensen,Clayto    36    2  0  63.2   56   20   20   4  2  6   1   31   38   1   2   1  .667  1  1.366  2.83
Casilla,Santiago    53    0  0  45.0   42   20   17   2  1  0   2   26   34   4   7   4  .636  2  1.511  3.40
Carpenter,Chris     32   30  4 209.1  230   91   82  22 16  5   4   51  152   3  13   8  .619  0  1.342  3.53
Ramirez,Ramon       71    0  0  68.0   70   30   28   6  2  0   2   24   61   4  10   5  .667  2  1.382  3.71
Greinke,Zack        31   30  0 178.2  182   77   75  19  5  4   2   50  196   1  10   5  .667  0  1.299  3.78
Nicasio,Juan        13   13  2  77.0   75   40   37   7  8  2   1   28   58   3   4   4  .500  0  1.338  4.32
Chacin,Jhoulys       7    7  0  39.0   33   20   20   3  2  0   2   20   22   2   2   2  .500  0  1.359  4.62
Lannan,John*        22   21  0 121.0  127   68   63  17  8  3   2   57   68   0  10   6  .625  0  1.521  4.69
Kuroda,Hiroki       30   30  0 178.2  210   98   94  26 13  6   6   33  140   0   7  14  .333  0  1.360  4.74
Rodriguez,Franki    46    0  0  45.1   42   25   25   2  2  1   1   24   48   7   4   3  .571  2  1.456  4.96
Mattheus,Ryan       28    0  0  33.2   33   20   19   4  1  0   3   14   11   0   3   2  .600  0  1.396  5.08
Lohse,Kyle          18   17  1 103.2  123   61   60  17  6  1   1   17   62   1   2   8  .200  0  1.350  5.21
Rzepczynski,Marc    46    0  0  42.1   52   28   28   1  1  1   2   24   35   4   0   1  .000  1  1.795  5.95
Gee,Dillon          24    2  0  36.1   47   26   26   3  1  3   3   14   29   1   0   1  .000  1  1.679  6.44
                   152  152  7  1384 1448  666  627 139 72 35  40  470 1112  42  81  71  .533 34  1.386  4.08

Dou's Crew           G   AB    H  2B  3B  HR   TB    R  RBI   BB    K  IB SH SF  SB CS   Avg    OB   Slg   OPS
Hayes,Brett          5    4    2   1   0   1    6    1    1    0    1   0  0  0   0  0  .500  .500 1.500 2.000
Kemp,Matt          152  623  192  35   2  41  354  120   93   58  186  16  0  4  35 11  .308  .371  .568  .939
Morse,Michael      139  542  159  41   0  32  296   79  122   44  160  11  0  5   1  3  .293  .353  .546  .899
Fontenot,Mike*     123  213   62  18   4   2   94   30   23   22   62   1  1  0   6  0  .291  .360  .441  .801
Upton,Justin       152  598  172  43   8  22  297   96   92   53  129   7  0  7  25  7  .288  .363  .497  .860
Molina,Yadier       75  318   88  21   2   9  140   38   29   18   27   0  1  0   2  4  .277  .318  .440  .758
McCann,Brian*       48  183   45   6   0   4   63   19   19   25   34   3  0  4   0  0  .246  .333  .344  .677
Sanchez,Freddy      89   49   12   3   1   0   17    6    5    4   11   1  1  0   0  0  .245  .302  .347  .649
Uggla,Dan          152  504  122  19   3  37  258   68   91   39  127   3  0  7   2  2  .242  .294  .512  .806
Izturis,Maicer#    120  462  108  31   1   3  150   59   46   45   72   4  0  1  13  6  .234  .308  .325  .633
Werth,Jayson        84  120   28   3   0   2   37   12    6   15   36   0  0  0   3  1  .233  .319  .308  .627
Gonzalez,Alex      125  421   98  18   0   7  137   37   33   19  110   5  0  2   0  0  .233  .265  .325  .590
Giambi,Jason*      122  138   31   7   0  10   68   21   22   20   57   3  0  0   0  0  .225  .331  .493  .824
Morrison,Logan*     97  264   59  19   3   8  108   32   29   30   60   1  0  2   0  0  .223  .305  .409  .714
Iannetta,Chris      80  252   51   9   2   4   76   32   16   47   65   0  2  0   3  7  .202  .330  .302  .632
Gomes,Jonny        103  111   22   2   0   6   42   20   18   20   42   0  0  2   1  2  .198  .336  .378  .714
Uribe,Juan          57  124   22   5   0   2   33   10   10    9   29   1  0  0   0  0  .177  .250  .266  .516
Ellis,Mark           8    6    1   0   0   0    1    0    0    1    3   0  0  0   0  0  .167  .286  .167  .453
Kotsay,Mark*        21   43    4   0   0   0    4    0    1    6    9   0  0  0   0  0  .093  .204  .093  .297
                   152 5272 1329 290  26 192 2247  699  678  489 1311  56 52 34  91 43  .252  .321  .426  .747

Dou's Crew           G   GS CG    IP    H    R   ER  HR SH SF  HP   BB    K  IB   W   L   Pct Sv   WHIP   ERA
Lynn,Lance           7    0  0  12.0    9    1    1   0  0  0   0    3   14   1   0   0  .000  0  1.000  0.75
O'Flaherty,Eric*    77    0  0  75.0   63   18   16   1  0  0   2   21   70   6   4   2  .667  0  1.120  1.92
Sanchez,Eduardo     27    0  0  27.1    8    7    7   0  2  0   2   23   32   5   4   2  .667  3  1.134  2.30
Marcum,Shaun        33   33  0 197.0  176   71   67  20  9  8   0   57  144   2  13   6  .684  0  1.183  3.06
Kennedy,Ian         34   32  0 211.2  168   81   78  26  8  6   5   58  212   2   9   7  .563  0  1.068  3.32
Nunez,Leo           56    0  0  51.0   49   21   21   9  1  0   3   19   46   2   8   6  .571 10  1.333  3.71
Lee,Cliff*          33   33  5 234.2  256  104   98  18 16  7   5   52  260   5  16   8  .667  0  1.313  3.76
Weaver,Jered        12   12  0  72.1   83   33   32   9  4  2   1   29   75   2   4   3  .571  0  1.548  3.98
Oswalt,Roy          17   17  1 101.2  121   59   48   5 10  3   3   21   73   1   5   8  .385  0  1.397  4.25
Paterson,Joe*       37    0  0  29.2   32   14   14   4  2  1   7   15   23   0   0   2  .000  0  1.584  4.25
Kendrick,Kyle       20   14  0  78.1   86   39   38  10  4  5   4   30   34   1   4   4  .500  0  1.481  4.37
Guerra,Javy         48    0  0  45.0   47   25   23   6  3  0   2   30   39   5   2   7  .222 26  1.711  4.60
Linebrink,Scott     52    0  0  45.2   65   27   25   7  3  2   2   14   42   6   1   1  .500  0  1.730  4.93
Pelfrey,Mike        11   11  1  61.0   75   38   36   3  2  3   4   16   29   0   1   7  .125  0  1.492  5.31
Bell,Trevor         12    0  0  18.2   25   13   13   2  0  2   0    7    7   1   0   1  .000  0  1.714  6.27
Estrada,Marco       53    0  0  67.0   86   51   47  11  2  3   1   26   54   1   6   2  .750  2  1.672  6.31
MacDougal,Mike      69    0  0  53.2   74   51   43   4  1  1   2   46   40  11   3   6  .333  1  2.236  7.21
                   152  152  7  1381 1423  653  607 135 67 43  43  467 1194  51  80  72  .526 42  1.369  3.95

Morgen Grinders      G   AB    H  2B  3B  HR   TB    R  RBI   BB    K  IB SH SF  SB CS   Avg    OB   Slg   OPS
Johnson,Rob          9   22    8   0   0   1   11    3    4    1    6   0  0  0   0  0  .364  .391  .500  .891
Davis,Ike*          37  120   40  14   0   6   72   27   21   12   23   1  0  1   0  0  .333  .396  .600  .996
Punto,Nick#         45  135   45   9   5   1   67   22   19   25   21   0  3  0   2  2  .333  .438  .496  .934
Carroll,Jamey      129  491  162  20   8   0  198   72   46   33   55   0  4  1  13  3  .330  .373  .403  .776
Loney,James*        53  149   48   6   0   3   63   23   23   15   17   1  0  1   1  1  .322  .386  .423  .809
Zimmerman,Ryan     135  410  131  24   3   6  179   59   42   41   79   3  0  3   0  0  .320  .379  .437  .816
Martin,Russell     128  441  129  28   0  13  196   59   67   41   78   1  1  4  10  5  .293  .351  .444  .795
Drew,Stephen*      105  330   96  23   5   4  141   49   32   32   74   1  0  2   2  6  .291  .352  .427  .779
Beltran,Carlos#    137  540  155  39   8  24  282   92  105   72   94  10  0  7   3  2  .287  .368  .522  .890
Hunter,Torii       145  544  156  29   0  20  245   65   88   45  134  10  0  4   2  0  .287  .342  .450  .792
Belt,Brandon*      106  187   53   4   0  11   90   27   31   14   65   1  0  2   1  1  .283  .349  .481  .830
Stewart,Chris       18   54   15   1   0   0   16    7    6    6    3   0  1  0   0  0  .278  .350  .296  .646
Ethier,Andre*      123  387  106  19   0   8  149   53   48   49   69   4  0  1   2  0  .274  .358  .385  .743
Cowgill,Collin      18   22    6   0   0   0    6    4    1    2    4   0  0  0   1  1  .273  .333  .273  .606
Sands,Jerry        114  171   46  14   1   8   86   21   28   20   25   1  2  0   3  3  .269  .349  .503  .852
Hairston,Jerry     127  329   88   9   2   2  107   36   34   18   46   2  0  3   3  0  .267  .315  .325  .640
Hill,Aaron          78  175   44   9   1   3   64   19   18   11   19   1  1  1   7  0  .251  .298  .366  .664
Rodriguez,Ivan      46   86   20   7   0   1   30    8    7    9   17   0  0  1   0  0  .233  .316  .349  .665
Huff,Aubrey*        62  195   43   4   0   5   62   16   22   11   38   1  0  4   2  0  .221  .257  .318  .575
Ankiel,Rick*       137  228   49  13   0   7   83   20   33   20   68   3  2  1   4  2  .215  .283  .364  .647
Greene,Tyler        77  112   21   5   0   1   29   14    8    7   38   1  0  0   4  0  .188  .254  .259  .513
                   152 5444 1526 287  33 129 2266  723  700  495 1088  41 50 39  61 30  .280  .341  .416  .758

Morgen Grinders      G   GS CG    IP    H    R   ER  HR SH SF  HP   BB    K  IB   W   L   Pct Sv   WHIP   ERA
Burnett,Sean*       58    0  0  57.2   50   12   12   4  2  1   1   21   26   3   5   1  .833  1  1.231  1.87
Collmenter,Josh      9    8  0  47.1   33   11   11   4  1  0   1    6   35   0   3   2  .600  0   .824  2.09
De La Rosa,Jorge     9    9  0  55.1   27   15   13   3  8  2   0   30   46   0   5   0 1.000  0  1.030  2.11
Kimbrel,Craig       84    0  0  79.0   60   20   19   1  1  0   1   37  135   6   5   4  .556  8  1.228  2.16
Hawksworth,Blake    48    0  0  55.1   42   14   14   5  1  0   0   16   40   2   1   2  .333  3  1.048  2.28
Axford,John         75    0  0  73.2   60   21   20   5  1  0   0   37   91   7   4   4  .500  5  1.317  2.44
Dotel,Octavio       35    0  0  37.2   21   11   11   6  0  1   0   15   42   3   1   1  .500  0   .956  2.63
Putz,J.J.           58    0  0  59.2   49   19   19   4  0  2   0   18   59   3   3   5  .375 27  1.123  2.87
Bumgarner,Madiso    31   31  2 185.2  185   80   67  10 11  4   4   50  176   1  12   8  .600  0  1.266  3.25
LeBlanc,Wade*       19    9  0  66.2   70   27   25   7  2  1   0   17   48   0   3   2  .600  1  1.305  3.38
Millwood,Kevin       8    8  0  41.1   42   16   16   8  0  1   0    5   34   1   4   1  .800  0  1.137  3.48
Bastardo,Antonio    64    0  0  59.0   32   25   24  10  0  2   1   28   65   2   5   3  .625  1  1.017  3.66
Lilly,Ted*          30   30  0 175.2  173   80   75  29 14  3   6   38  158   0  12   2  .857  0  1.201  3.84
Badenhop,Burke      51    0  0  60.2   83   29   29   2  2  1   3   21   45   7   4   3  .571  0  1.714  4.30
Hammel,Jason        24   19  0 106.2  114   52   51  13  7  4   2   40   50   0  10   8  .556  0  1.444  4.30
Santana,Ervin       31   31  1 186.0  207  116  107  25  9 11  11   60  147   0   9  13  .409  0  1.435  5.18
Marquis,Jason       12    7  0  48.1   68   32   29   6  3  0   2   23   35   0   2   5  .286  0  1.883  5.40
                   152  152  3  1395 1316  580  542 142 62 33  32  462 1232  35  88  64  .579 46  1.275  3.50

Skramalonians        G   AB    H  2B  3B  HR   TB    R  RBI   BB    K  IB SH SF  SB CS   Avg    OB   Slg   OPS
Stewart,Chris        8   20    7   0   0   2   13    3    7    2    4   0  0  0   0  0  .350  .409  .650 1.059
McDonald,John        3    6    2   0   1   0    4    0    1    0    1   0  0  0   0  0  .333  .333  .667 1.000
Molina,Yadier       44  179   59  13   1   4   86   23   19   11   19   1  2  0   0  2  .330  .368  .480  .848
Callaspo,Alberto    65  258   74   6   0   6   98   38   24   30   27   1  0  0   4  0  .287  .361  .380  .741
Bartlett,Jason     101  301   84  13   1   0   99   30   18   28   67   1  2  1  11  6  .279  .353  .329  .682
Holliday,Matt       83  303   82  23   1  22  173   50   60   42   80   5  0  5   1  0  .271  .367  .571  .938
McCann,Brian*       75  270   73   7   0  10  110   32   39   36   46   1  0  2   2  1  .270  .354  .407  .761
Infante,Omar       122  462  123  20   4   4  163   58   36   20   53   1  5  1   3  2  .266  .299  .353  .652
Sanchez,Gaby       152  554  142  28   1  20  232   61   79   51  104   1  1  8   2  0  .256  .320  .419  .739
Betancourt,Yunie    82  238   61  17   3   5   99   18   23   11   25   1  0  3   1  1  .256  .286  .416  .702
Pacheco,Jordan      27   55   14   0   0   1   17    4    3    3    5   0  0  0   0  0  .255  .293  .309  .602
Herrera,Jonathan    14   12    3   1   0   0    4    2    0    3    2   0  0  0   0  0  .250  .400  .333  .733
Smith,Seth*        139  421   98  23   9  12  175   49   51   43   87   5  0  1   5  3  .233  .305  .416  .721
Prado,Martin        51  205   46  11   0   4   69   13   15   13   27   2  1  2   1  2  .224  .268  .337  .605
Keppinger,Jeff      63  147   33  11   0   4   56   15   18    2    5   1  1  0   0  0  .224  .235  .381  .616
Young,Chris        152  520  111  19   2  17  185   54   61   71  142   1  2  7  20  6  .213  .311  .356  .667
Denorfia,Chris     120  195   41  12   1   0   55   21   14   14   37   0  0  1   5  4  .210  .262  .282  .544
Ellis,A.J.          35   86   17   0   2   1   24   13    5   17   28   1  1  1   0  0  .198  .364  .279  .643
Harris,Willie*      97  209   38   5   0   0   43   23   17   35   70   0  0  0   3  2  .182  .313  .206  .519
Hinske,Eric*       132  236   41  11   0   6   70   22   29   22   78   1  0  3   0  0  .174  .247  .297  .544
Petersen,Bryan*    101  152   26   5   1   1   36   11    8   24   42   1  2  0   4  2  .171  .300  .237  .537
                   152 5132 1217 231  27 119 1859  551  537  483 1043  24 57 37  62 31  .237  .306  .362  .669

Skramalonians        G   GS CG    IP    H    R   ER  HR SH SF  HP   BB    K  IB   W   L   Pct Sv   WHIP   ERA
Salas,Fernando      37    0  0  40.2   33    6    6   3  1  0   2    9   44   4   4   1  .800 18  1.033  1.33
Brothers,Rex*       34    0  0  38.0   24   13   10   3  1  0   0    9   43   0   0   2  .000  1   .868  2.37
Vogelsong,Ryan      12   10  0  65.1   54   18   18   9  3  0   1   17   56   0   4   3  .571  0  1.087  2.48
Halladay,Roy        19   19  4 138.0  134   46   41   5 10  1   1   29  136   5   8   6  .571  0  1.181  2.67
Motte,Jason         24    0  0  25.1   21    9    9   2  0  2   1    5   25   1   0   3  .000  4  1.026  3.20
Richard,Clayton*     9    8  0  48.1   45   25   18   2  2  1   2   17   21   0   3   3  .500  0  1.283  3.35
Weaver,Jered        20   20  1 131.1  131   53   50  12  7  1   0   36  124   2   7   5  .583  0  1.272  3.43
Lindstrom,Matt      33    0  0  29.1   30   13   12   1  1  1   2   11   18   6   1   1  .500  2  1.398  3.68
Mujica,Edward       65    0  0  78.1   77   37   37  13  0  1   6   13   62   6   5   7  .417  3  1.149  4.25
Hanson,Tommy        22   22  0 129.0  121   64   63  24  5  2   1   38  138   1   5   8  .385  0  1.233  4.40
Zimmermann,Jorda     7    7  0  43.0   40   21   21   5  6  1   2    6   30   0   0   5  .000  0  1.070  4.40
Elbert,Scott*       26    0  0  18.1   21    9    9   0  0  0   3    9   21   2   0   0  .000  1  1.636  4.42
Acosta,Manny        44    0  0  48.0   49   24   24   7  1  1   2   11   49   1   4   3  .571  1  1.250  4.50
Stauffer,Tim        19   19  0 104.0  120   59   56  11  8  4   5   31   83   0   6   8  .429  0  1.452  4.85
Vazquez,Javier      31   31  0 185.1  203  107  101  25  9  7   3   46  157   2   9  14  .391  0  1.344  4.90
Detwiler,Ross*      16    7  0  46.2   54   28   28   8  1  1   1   18   27   0   3   4  .429  1  1.543  5.40
Pelfrey,Mike        12    9  0  55.0   74   37   36   9  1  4   1   13   32   2   1   7  .125  0  1.582  5.89
Lynn,Lance           3    0  0   3.0    6    2    2   0  0  0   0    3    6   1   1   1  .500  0  3.000  6.00
Beato,Pedro         45    0  0  50.1   60   45   39   6  2  2   6   31   27   9   0   2  .000  1  1.808  6.97
Cassevah,Bobby      30    0  0  34.2   41   28   27   3  0  2   2   17   25   6   2   2  .500  0  1.673  7.01
Williams,Jerome     28    0  0  42.2   61   38   38  12  1  5   1   17   32   0   2   2  .500  1  1.828  8.02
Lindblom,Josh        1    0  0   1.0    2    1    1   0  0  0   1    0    1   0   0   0  .000  0  2.000  9.00
                   152  152  5  1355 1401  683  646 160 59 36  43  386 1157  48  65  87  .428 33  1.319  4.29

Killabeez            G   AB    H  2B  3B  HR   TB    R  RBI   BB    K  IB SH SF  SB CS   Avg    OB   Slg   OPS
Blackmon,Charlie    22   20    6   0   0   1    9    2    1    0    0   0  0  0   0  0  .300  .300  .450  .750
Wilson,Jack         49   77   23   4   0   1   30    6    5    8   17   1  3  0   0  0  .299  .365  .390  .755
Cruz,Tony           40   62   18   6   0   0   24    8    2    6   18   0  0  0   0  0  .290  .362  .387  .749
Guerrero,Vladimi    99  341   98  17   1   6  135   32   47    4   48   0  0  0   1  0  .287  .304  .396  .700
Pence,Hunter       149  597  169  38   6  13  258   72   82   58  126  10  0  3   7  2  .283  .345  .432  .777
Ruiz,Carlos        113  393  108  20   1   4  142   32   42   47   54  10  2  0   0  0  .275  .360  .361  .721
Howard,Ryan*       126  421  113  30   1  16  193   50   59   44  128   2  0  1   0  0  .268  .340  .458  .798
Bourn,Michael*     137  503  135  25   4   0  168   58   42   49   96   0  2  1  56 15  .268  .339  .334  .673
Pagan,Angel#       111  333   86  16   3   5  123   40   29   31   50   1  1  1  21  6  .258  .321  .369  .690
Polanco,Placido    122  380   98   5   0   5  118   43   23   40   42   2  1  4   1  1  .258  .330  .311  .641
Ramirez,Hanley     102  304   78  22   0   8  124   42   35   49   53   1  0  2  18  7  .257  .360  .408  .768
Weeks,Rickie       118  416  105  34   1   7  162   51   37   43  112   2  1  3  10  1  .252  .328  .389  .717
Thome,Jim*         136  139   35   7   0   3   51   13   11   20   52   3  0  0   0  0  .252  .346  .367  .713
Kottaras,George*    47  100   24   4   0   1   31    5    5   11   26   2  0  0   0  0  .240  .315  .310  .625
Roberts,Ryan        89  303   71  21   0  10  122   37   32   40   64   0  0  2  12  4  .234  .326  .403  .729
Trumbo,Mark         95  291   68  17   0   6  103   33   38    5   92   0  0  5   6  0  .234  .248  .354  .602
Alfonzo,Eliezer     18   52   12   2   0   0   14    5    3    2   16   0  0  0   0  0  .231  .273  .269  .542
Barmes,Clint        34  126   28   6   1   4   48   15   15    3   35   0  2  1   0  0  .222  .256  .381  .637
Goldschmidt,Paul    22   18    4   0   0   1    7    3    5    2    7   0  0  0   0  0  .222  .300  .389  .689
Ibanez,Raul*        60   79   16   5   0   1   24    7    6    7   13   1  0  0   0  0  .203  .267  .304  .571
                   152 5256 1340 285  19  92 1939  570  541  478 1139  35 70 24 132 36  .255  .320  .369  .689

Killabeez            G   GS CG    IP    H    R   ER  HR SH SF  HP   BB    K  IB   W   L   Pct Sv   WHIP   ERA
Walden,Jordan       49    0  0  47.2   27    8    7   1  0  0   1   18   59   6   3   2  .600 33   .944  1.32
Parnell,Bobby       37    0  0  39.2   37   16    9   2  0  0   1   14   43   0   0   1  .000  0  1.286  2.04
Batista,Miguel      46    0  0  59.1   54   26   19   4  4  1  11   25   37   4   0   2  .000  0  1.331  2.88
Affeldt,Jeremy*     64    0  0  54.0   43   19   19   3  2  3   8   32   46  12   6   2  .750  1  1.389  3.17
Mota,Guillermo      65    0  0  84.1   72   31   30   7  4  4   3   45   78   5   2   3  .400  1  1.387  3.20
Street,Huston       17    1  0  16.2   15    7    7   4  0  0   0   10   15   3   0   3  .000  0  1.500  3.78
Gorzelanny,Tom*     32   10  1 100.0   97   52   43  14  2  4   9   33   86   1   5   2  .714  0  1.300  3.87
Chacin,Jhoulys      18   18  0 111.1   91   53   49   9  9  5   1   53   73   2   5   7  .417  0  1.293  3.96
Frieri,Ernesto      39    1  0  38.2   28   18   18   2  1  1   5   29   48   5   1   5  .167  0  1.474  4.19
Nolasco,Ricky       32   32  3 200.2  268  114   94  14 12  8   3   35  131   1  10  13  .435  0  1.510  4.22
Reynolds,Matt*      50    1  0  46.2   44   23   23   8  0  1   0   32   41   6   2   4  .333  0  1.629  4.44
Gee,Dillon          11   10  0  55.0   53   36   28   8  1  1   5   28   46   0   4   3  .571  0  1.473  4.58
Dickey,R.A.         35   28  2 187.0  197  101   96  20 13  3   9   60  117   5  11  13  .458  0  1.374  4.62
Harang,Aaron        23   23  0 127.2  155   78   73  22  5  5   4   40   97   2   5  10  .333  0  1.527  5.15
Niese,Jonathon*     26   23  0 130.0  169   80   77  13 15  6   3   52  114   1   8  12  .400  0  1.700  5.33
Thompson,Rich       42    0  0  47.1   46   31   31   5  0  1   0   28   50   5   2   2  .500  0  1.563  5.89
White,Alex           5    5  0  19.1   27   27   20   8  1  0   3   10   11   0   0   4  .000  0  1.914  9.31
                   152  152  6  1365 1423  720  643 144 69 43  66  544 1092  58  64  88  .421 35  1.441  4.24

B-Rads               G   AB    H  2B  3B  HR   TB    R  RBI   BB    K  IB SH SF  SB CS   Avg    OB   Slg   OPS
Counsell,Craig*      1    1    1   0   0   1    4    1    2    0    0   0  0  0   0  0 1.000 1.000  400001.000
Herrera,Jonathan    21   27   10   0   0   0   10    3    3    4    4   1  1  0   0  0  .370  .452  .370  .822
Morgan,Nyjer*      116  393  129  22   4   6  177   55   42   19   76   4 12  0  15  5  .328  .365  .450  .815
Schierholtz,Nate    98  326   96  21   0  19  174   52   64   19   66   1  1  2   6  5  .294  .333  .534  .867
Gonzalez,Adrian*   152  585  171  32   5  15  258   90   83   98  126  32  0  5   0  0  .292  .395  .441  .836
Callaspo,Alberto    52  212   61  10   0   1   74   30   12   18   16   0  0  0   5  4  .288  .343  .349  .692
Torrealba,Yorvit    34  112   32   7   0   6   57   15   19    6   24   2  0  1   0  0  .286  .319  .509  .828
Fowler,Dexter#     135  451  128  36  12   6  206   76   44   57  132   3  6  2  13  8  .284  .369  .457  .826
Johnson,Reed       128  233   64  24   0   5  103   39   27    7   63   1  1  2   0  0  .275  .332  .442  .774
Descalso,Daniel*    93  245   67  13   6   2   98   29   26   17   56   2 10  0   0  1  .273  .323  .400  .723
Hundley,Nick        70  278   75  23   4   2  112   35   35   24   73   0  0  1   0  1  .270  .336  .403  .739
Rollins,Jimmy#     128  476  125  18   2  12  183   62   53   43   52   8  0  2  24  5  .263  .328  .384  .712
Gomez,Carlos       101  217   54  13   3   8   97   25   47    6   53   1  6  3  14  0  .249  .265  .447  .712
Evans,Nick          92  121   28   6   2   4   50   18   18   15   38   2  0  0   0  0  .231  .321  .413  .734
Utley,Chase*       132  379   87  17   8   6  138   43   62   41   29   3  0  3  10  3  .230  .309  .364  .673
Whiteside,Eli       59  202   46   7   0  12   89   23   34   18   66   0  0  1   1  2  .228  .296  .441  .737
Bay,Jason           56  106   24   4   0   3   37   11   12   20   36   1  0  1   1  1  .226  .346  .349  .695
Valdez,Wilson       92  258   58  12   2   0   74   24   19   15   43   6  7  2   1  3  .225  .265  .287  .552
Holliday,Matt       43  135   30   7   0   2   43   13   18   24   25   1  0  1   1  1  .222  .342  .319  .661
Turner,Justin       76  163   36   6   0   2   48   15   12   16   31   1  0  2   0  0  .221  .299  .294  .593
Wilson,Bobby         3    9    0   0   0   0    0    1    0    1    1   0  0  0   0  0  .000  .100  .000  .100
                   152 5263 1394 282  48 112 2108  685  657  482 1096  69 87 30  91 39  .265  .331  .401  .731

B-Rads               G   GS CG    IP    H    R   ER  HR SH SF  HP   BB    K  IB   W   L   Pct Sv   WHIP   ERA
Halladay,Roy        13   13  5 101.0   82   20   19   0  8  0   3   22   80   3   6   3  .667  0  1.030  1.69
Motte,Jason         54    0  0  45.2   22   10   10   3  0  0   3   16   40   7   3   0 1.000  0   .832  1.97
Kershaw,Clayton*    32   32  4 242.0  176   70   60  22  6  1   4   55  250   2  16   8  .667  0   .955  2.23
Salas,Fernando      29    0  0  34.2   25    9    9   3  1  1   1    9   29   6   2   2  .500  4   .981  2.34
Hawkins,LaTroy      46    0  0  36.2   39   13   10   2  1  1   0   14   11   4   4   3  .571  0  1.445  2.45
Eovaldi,Nathan      10    0  0  17.0   10    5    5   0  1  0   0   11   13   1   0   0  .000  1  1.235  2.65
Zimmermann,Jorda    16   16  1 101.1   98   35   32   9  5  2   5   16   77   2   7   2  .778  0  1.125  2.84
Peralta,Joel        66    0  0  54.0   42   19   18   4  0  2   0   25   45  11   2   4  .333  2  1.241  3.00
Saunders,Joe*       29   29  1 190.1  168   84   72  22 12  3   2   55  109   1  15   9  .625  0  1.172  3.40
Stauffer,Tim        10   10  0  60.0   58   28   26   8  0  2   3   16   48   0   5   1  .833  0  1.233  3.90
Farnsworth,Kyle     58    0  0  57.2   60   26   26   8  0  1   7   15   51   3   3   4  .429 39  1.301  4.06
Sanchez,Anibal      31   31  0 185.2  167   91   86  18  7  4   4   58  182   1   9   9  .500  0  1.212  4.17
Vogelsong,Ryan      16   15  0  96.0  100   51   46  15  5  1   2   29   78   1   7   5  .583  0  1.344  4.31
Rodriguez,Henry     52    0  0  50.1   48   30   27   1  3  2   2   38   51   3   2   3  .400  1  1.709  4.83
Richard,Clayton*     3    2  0  13.0   14    9    7   2  1  0   0    5    7   1   1   1  .500  0  1.462  4.85
Lindblom,Josh       16    0  0  16.1   15    9    9   4  1  0   2    4   17   0   2   1  .667  0  1.163  4.96
De La Rosa,Rubby    16    4  0  31.2   29   21   18   5  1  4   0   17   27   0   0   1  .000  0  1.453  5.12
Ziegler,Brad        44    0  0  32.2   52   23   20   1  1  2   2   17   26   5   4   7  .364  0  2.112  5.51
Coffey,Todd         11    0  0   9.0   15   10   10   0  0  2   0    8    5   1   0   1  .000  1  2.556 10.00
                   152  152 11  1375 1220  563  510 127 53 28  40  430 1146  52  88  64  .579 48  1.200  3.34

ConNerds             G   AB    H  2B  3B  HR   TB    R  RBI   BB    K  IB SH SF  SB CS   Avg    OB   Slg   OPS
Brown,Domonic*       6    4    2   0   0   0    2    0    0    2    1   0  0  0   0  0  .500  .667  .500 1.167
Gonzalez,Alberto     4   10    3   1   0   0    4    1    0    0    3   0  0  0   0  0  .300  .300  .400  .700
Braun,Ryan         141  540  160  31   3  31  290   97  122   65   83  11  0 11  25 11  .296  .372  .537  .909
Bonifacio,Emilio   147  598  175  25  14   3  237   87   63   60  149   3 16  0  48 13  .293  .358  .396  .754
Sandoval,Pablo#    113  458  133  25   5  20  228   63   88   24   81   3  2  8   2  1  .290  .320  .498  .818
Paulino,Ronny       43  105   30  10   0   1   43    9   12    5   18   0  0  0   0  0  .286  .324  .410  .734
Blake,Casey         90  133   38   9   0   2   53   20   14   17   34   1  5  1   0  2  .286  .373  .398  .771
DeRosa,Mark         13   25    7   1   0   0    8    3    1    3    4   0  0  0   0  1  .280  .357  .320  .677
Helton,Todd*       129  462  129  29   1  15  205   61   50   59   91   6  0  4   0  0  .279  .361  .444  .805
Gwynn Jr.,Tony*    137  258   71   9   5   3   99   35   22   18   58   2  0  0  14  5  .275  .330  .384  .714
Nelson,Chris        13   11    3   2   0   0    5    0    2    1    2   0  0  0   0  0  .273  .333  .455  .788
Desmond,Ian        152  524  141  27   7   5  197   63   40   37  129   4 12  3  17  4  .269  .319  .376  .695
Abreu,Bobby*        72   90   24   9   0   0   33   15    9   22   29   1  0  0   4  0  .267  .411  .367  .778
Victorino,Shane#   131  512  130  23  16  13  224   99   64   62   60   8  2  9  15  6  .254  .336  .438  .774
Hart,Corey         136  509  129  21   2  27  235   75   80   67  113   3  0  2   3  6  .253  .340  .462  .802
Thole,Josh*        129  363   90  27   0   1  120   35   38   29   58   0  0  3   0  0  .248  .315  .331  .646
McGehee,Casey       83  201   46   6   0   5   67   14   30   14   41   1  0  3   0  0  .229  .275  .333  .608
Barajas,Rod         69   85   18   2   0   5   35    9   20    5   20   0  0  2   0  0  .212  .266  .412  .678
                   152 5199 1378 267  54 131 2146  705  679  497 1088  43 75 48 128 49  .265  .331  .413  .743

ConNerds             G   GS CG    IP    H    R   ER  HR SH SF  HP   BB    K  IB   W   L   Pct Sv   WHIP   ERA
Adams,Mike          21    0  0  16.2   15    4    4   1  1  1   0    2   20   0   0   1  .000  1  1.020  2.16
Clippard,Tyler      85    0  0  82.0   44   21   21   8  2  0   0   38   91   6   7   1  .875  2  1.000  2.30
Wilson,Brian        53    0  0  49.2   44   20   18   1  0  0   1   22   43   1   1   4  .200 37  1.329  3.26
Narveson,Chris*     32   16  0 105.2  104   48   40  11  8  4   0   35   88   0   6   4  .600  1  1.315  3.41
Hamels,Cole*        43   25  2 195.0  162   79   74  25  9  7   6   38  172   1  14   6  .700  0  1.026  3.42
Gallardo,Yovani     32   32  0 197.0  171   84   77  22  8  0   3   59  189   2  13   8  .619  0  1.168  3.52
Jurrjens,Jair       23   22  0 141.2  145   62   58  18  5  5   3   54   63   2   7   6  .538  0  1.405  3.68
Hernandez,David     44    0  0  38.0   28   21   17   3  1  0   2   22   39   7   4   4  .500  2  1.316  4.03
Haren,Dan           47   26  6 199.0  199   97   92  19  7  4   5   39  163   3   9  14  .391  1  1.196  4.16
Hand,Brad*          13   13  0  64.1   50   33   30   8  3  2   2   38   35   0   3   4  .429  0  1.368  4.20
Hernandez,Livan     18   18  1 101.0  141   66   60  11  8  4   1   33   57   0   5   8  .385  0  1.723  5.35
Lopez,Javier*       60    0  0  27.1   33   21   20   1  0  1   2   21   17   5   4   2  .667  0  1.976  6.59
Owings,Micah        16    0  0  20.0   20   16   15   3  0  3   1    7   14   0   0   0  .000  0  1.350  6.75
Qualls,Chad         65    0  0  51.2   70   47   44  12  1  1   0   26   30  11   1   6  .143  0  1.858  7.66
Dunn,Mike*          68    0  0  47.0   50   43   42   8  1  4   1   35   61   8   3   5  .375  0  1.809  8.04
Herndon,David       20    0  0  20.2   33   27   26   9  1  1   0   11   16   0   0   2  .000  0  2.129 11.32
                   152  152  9  1356 1309  689  638 160 55 37  27  480 1098  46  77  75  .507 44  1.319  4.23

Co Operators         G   AB    H  2B  3B  HR   TB    R  RBI   BB    K  IB SH SF  SB CS   Avg    OB   Slg   OPS
Morales,Jose#        5   17    8   1   0   0    9    2    3    2    2   0  0  0   0  0  .471  .526  .529 1.055
Jay,Jon*           125  459  153  26   3   9  212   80   49   40   95   1 12  2   6  8  .333  .393  .462  .855
Wells,Vernon       102  177   51   7   2  13  101   26   32   11   27   3  0  1   3  2  .288  .328  .571  .899
Duda,Lucas*        109  276   78  18   2  11  133   43   45   38   60   4  3  3   0  0  .283  .370  .482  .852
Fielder,Prince*    152  570  160  35   0  43  324   99  119   90  118  29  0 10   0  0  .281  .383  .568  .951
Miles,Aaron#       121  252   70  11   4   0   89   27   18   13   35   1  1  2   0  1  .278  .321  .353  .674
Lucroy,Jonathan     65  184   51   9   0  10   90   25   19   12   50   0  2  0   1  1  .277  .321  .489  .810
Headley,Chase#     126  398  110  25   1   8  161   49   53   62  104   1  2  1  16  0  .276  .374  .405  .779
Parra,Gerardo*      42  120   32   4   0   1   39   12   16    9   27   2  0  0   3  2  .267  .318  .325  .643
Aybar,Erick#       139  495  128  36  13   7  211   85   42   37   71   3  6  5  25  4  .259  .309  .426  .735
Nix,Laynce*        117  339   87  12   3  20  165   36   71   19   95   0  0  5   0  0  .257  .296  .487  .783
Sellers,Justin      65  104   26  11   0   0   37   11   14    6   15   0  0  2   0  1  .250  .298  .356  .654
Espinosa,Danny#    150  537  133  28   6  22  239   76   70   67  166   9  5  7  19  1  .248  .339  .445  .784
Ramos,Wilson       110  393   97  20   1   8  143   33   45   35   80   2  4  5   0  1  .247  .310  .364  .674
Oeltjen,Trent*      64   70   17   2   0   1   22   13    4   13   28   0  7  0   6  1  .243  .384  .314  .698
McLouth,Nate*       42   86   20   4   1   1   29   11    5   20   21   1  3  1   0  3  .233  .374  .337  .711
Mayberry,John      107  221   51   8   0  17  110   31   30   21   45   2  0  0   5  2  .231  .300  .498  .798
Burriss,Emmanuel    46   26    6   0   0   0    6    7    3    1    2   0  1  0   7  1  .231  .286  .231  .517
Ross,Cody           83  139   29  14   0   4   55   18   21   24   37   1  0  0   2  1  .209  .329  .396  .725
Stewart,Ian*         2    2    0   0   0   0    0    1    0    0    1   0  0  0   0  0  .000  .000  .000  .000
                   152 5173 1359 279  36 178 2244  708  685  532 1180  59 94 46  93 29  .263  .334  .434  .768

Co Operators         G   GS CG    IP    H    R   ER  HR SH SF  HP   BB    K  IB   W   L   Pct Sv   WHIP   ERA
Downs,Scott*        60    0  0  54.0   46   20   18   2  2  1   0   24   30   5   4   4  .500  1  1.296  3.00
Martinez,Cristhi    51    0  0  64.0   49   25   23   4  2  5   7   22   42   4   0   3  .000  0  1.109  3.23
Garland,Jon          3    3  0  19.1   18    8    7   1  0  0   1    8    8   0   2   0 1.000  0  1.345  3.26
McClellan,Kyle      19    1  0  29.2   38   12   11   4  0  1   2   10   11   0   1   1  .500  1  1.618  3.34
Sanchez,Jonathan    16   16  0  90.2   74   36   34  12  3  2   2   46   94   1   6   6  .500  0  1.324  3.38
Hernandez,David     32    0  0  29.0   18   11   11   3  0  1   0   24   34   7   4   1  .800  1  1.448  3.41
Cain,Matt           32   32  2 200.0  181   85   76  10  8  4   6   63  167   1  10  11  .476  0  1.220  3.42
Jansen,Kenley       54    0  0  49.2   35   19   19   0  4  4   1   30   74   4   4   1  .800  1  1.309  3.44
Storen,Drew         69    0  0  65.0   61   26   26   9  1  2   0   13   67   4   2   8  .200 40  1.138  3.60
Garcia,Jaime*       34   30  0 201.1  203   84   81  15  5  5   4   49  150   3  12   6  .667  0  1.252  3.62
Lincecum,Tim        30   30  0 182.1  179   91   78  23 12  5   2   72  189   3  12   7  .632  0  1.377  3.85
Luebke,Cory*        13   10  0  57.1   51   25   25   6  0  1   0   13   60   0   3   4  .429  0  1.116  3.92
Duke,Zach*          26    0  0  37.0   47   19   18   1  0  0   3   14   12   0   5   1  .833  0  1.649  4.38
Belisle,Matt        69    0  0  62.2   72   32   31   3  3  3   5   20   47   9   1   4  .200  0  1.468  4.45
Adams,Mike          52    0  0  47.1   43   24   24   5  1  2   0   16   43   6   4   5  .444  1  1.246  4.56
Minor,Mike*          9    9  1  48.1   49   26   25   3  7  1   1   19   39   0   2   3  .400  0  1.407  4.66
Moseley,Dustin      11   11  0  67.0   69   44   43   9  3  5   0   23   32   1   5   3  .625  0  1.373  5.78
Worley,Vance        13   10  0  55.1   80   51   51  10  4  2   1   20   49   0   1   6  .143  0  1.807  8.30
                   152  152  3  1360 1313  638  601 120 55 44  35  486 1148  48  78  74  .513 45  1.323  3.98

Rivercrypts          G   AB    H  2B  3B  HR   TB    R  RBI   BB    K  IB SH SF  SB CS   Avg    OB   Slg   OPS
Napoli,Mike         81  298   93  20   0  22  179   56   68   43   63  11  0  4   2  1  .312  .403  .601 1.004
Pujols,Albert      148  593  184  36   0  37  331  101  126   55   66  13  0  7  10  3  .310  .370  .558  .928
Venable,Will*       76  235   69  12   4   5  104   37   32   15   65   0  0  0  26  1  .294  .346  .443  .789
Craig,Allen         42  108   31  10   0   5   56   10   15    6   15   1  0  0   1  1  .287  .325  .519  .844
Gordon,Dee*         83  231   64   7   1   1   76   32   14    9   22   1  2  0  33  3  .277  .304  .329  .633
Reyes,Jose#        112  464  128  23   5   4  173   64   31   42   46  16  1  1  31 13  .276  .335  .373  .708
Schumaker,Skip*    104  302   83  16   0   0   99   36   25   32   36   4  0  3   0  0  .275  .341  .328  .669
Maybin,Cameron     128  536  146  27   7   2  193   84   50   38  122   3  6  3  49 11  .272  .320  .360  .680
Jones,Chipper#     111  431  116  39   2  15  204   57   75   38   76   0  0  4   2  1  .269  .326  .473  .799
Stanton,Mike       142  541  145  39   6  33  295   82   97   52  181   4  0  6   4  1  .268  .336  .545  .881
Francisco,Ben       54   84   22   0   0   2   28   13    9    6   11   0  0  1   1  0  .262  .315  .333  .648
Dobbs,Greg*        123  132   33   8   0   1   44    8   15    9   34   2  0  0   0  0  .250  .303  .333  .636
Buck,John           47  168   42   6   1   7   71   14   39   13   37   3  1  3   0  0  .250  .310  .423  .733
Hudson,Orlando#     99  255   61  11   2   3   85   26   21   26   62   1  0  2  14  1  .239  .310  .333  .643
Kouzmanoff,Kevin    78  186   41   6   0   6   65   19   23    8   46   2  0  1   0  0  .220  .266  .349  .615
Torres,Andres#     108  322   65  16   0   3   90   30   27   40   95   2  2  1  19  3  .202  .289  .280  .569
Posey,Buster        34  106   18   7   0   3   34   13   12   11   22   0  0  0   0  0  .170  .254  .321  .575
Tejada,Miguel       11   19    0   0   0   0    0    0    0    0    2   0  0  0   0  0  .000  .000  .000  .000
                   152 5323 1392 289  28 149 2184  713  686  451 1116  63 49 36 192 39  .262  .321  .410  .731

Rivercrypts          G   GS CG    IP    H    R   ER  HR SH SF  HP   BB    K  IB   W   L   Pct Sv   WHIP   ERA
Wang,Chien-Ming      2    2  0  13.0    9    2    2   0  1  1   0    3    9   1   1   0 1.000  0   .923  1.38
Johnson,Josh         8    8  0  42.1   33   11   10   0  3  1   0   11   34   1   3   1  .750  0  1.039  2.13
Bell,Heath          61    0  0  58.0   59   25   21   5  0  4   0   28   44   5   3   9  .250 33  1.500  3.26
Boggs,Mitchell      44    0  0  51.1   38   22   19   7  0  2   2   16   38   0   1   2  .333  0  1.052  3.33
Betancourt,Rafae    76    0  0  56.2   40   21   21   7  0  0   0   13   67   7   4   3  .571  1   .935  3.34
Latos,Mat           30   30  1 175.0  165   70   66  22  9  1   4   48  173   0  10   8  .556  0  1.217  3.39
Stutes,Michael      43    0  0  47.1   42   18   18   4  0  1   4   16   41   4   2   5  .286  1  1.225  3.42
Gregerson,Luke      61    0  0  52.2   66   20   20   1  4  1   1   18   32   8   4   2  .667  0  1.595  3.42
Hudson,Tim          33   33  4 214.2  223  105   83  11 15  0  11   65  151   3   7  15  .318  0  1.342  3.48
Takahashi,Hisano    41    0  0  41.1   41   17   17   6  0  1   0    7   37   0   4   2  .667  0  1.161  3.70
Madson,Ryan         43    0  0  32.1   28   17   14   2  2  1   1   13   42   3   8   4  .667  2  1.268  3.90
Wolf,Randy*         26   26  2 156.2  148   70   68  23 10  4   9   45  112   0  11   7  .611  0  1.232  3.91
Hudson,Daniel       32   30  0 192.2  211  105   90  13 10  4  10   51  161   3  10   6  .625  1  1.360  4.20
Jackson,Edwin       27   23  0 146.2  168   78   70   8  4  5   2   58  112   0   8   4  .667  0  1.541  4.30
Bass,Anthony        17    0  0  23.2   29   15   13   1  0  4   0   11   10   1   1   0 1.000  0  1.690  4.94
Loe,Kameron         75    0  0  61.1   76   44   39   4  1  2   1   17   52   7   4   3  .571  0  1.516  5.72
Spence,Josh*         3    0  0   3.0    5    4    4   0  0  1   0    5    3   0   0   0  .000  0  3.333 12.00
Schumaker,Skip       5    0  0   5.0   12   10   10   4  1  0   0    5    1   0   0   0  .000  0  3.400 18.00
                   152  152  7  1373 1393  654  585 118 60 33  45  430 1119  43  81  71  .533 38  1.328  3.83

Fentonators          G   AB    H  2B  3B  HR   TB    R  RBI   BB    K  IB SH SF  SB CS   Avg    OB   Slg   OPS
Loney,James*        84  287   96  17   1   6  133   29   34   13   30   0  1  1   1  0  .334  .364  .463  .827
Craig,Allen          2    3    1   0   0   1    4    1    1    0    1   0  0  0   0  0  .333  .333 1.333 1.666
Pridie,Jason*        6   13    4   1   0   1    8    2    4    2    2   0  1  0   1  0  .308  .400  .615 1.015
Theriot,Ryan       104  309   89  28   1   0  119   26   24   16   25   2  4  2   0  5  .288  .323  .385  .708
Furcal,Rafael#      31   28    8   1   0   1   12    1    3    1    5   0  0  0   0  0  .286  .310  .429  .739
Wright,David       102  353  100  21   1  16  171   43   46   37   90   2  0  1  14  4  .283  .352  .484  .836
Freese,David        87  244   69  10   0   8  103   32   25   17   63   1  0  2   0  0  .283  .332  .422  .754
Tejada,Ruben        95  370  101  11   1   0  114   30   25   20   55   1  6  1   5  2  .273  .316  .308  .624
Huff,Aubrey*        64  231   62  11   0   4   85   19   30   15   46   0  0  2   2  2  .268  .310  .368  .678
Tulowitzki,Troy     81  321   84  23   1  13  148   48   49   25   48   8  0  4   3  0  .262  .311  .461  .772
Rowand,Aaron        96  228   58  17   3   3   90   17   22    4   63   0  0  0   0  0  .254  .270  .395  .665
Heyward,Jason*     123  363   91  20   1  12  149   42   48   36   88   0  0  8  10  1  .251  .317  .410  .727
Bernadina,Roger*   132  335   82  13   2   3  108   38   19   27   68   1  1  0  23  1  .245  .303  .322  .625
Parra,Gerardo*      88  372   90  10   1   5  117   44   20   16   81   0  0  0  11  1  .242  .275  .315  .590
Trout,Mike          25   68   16   4   0   4   32    7   11    6   18   0  0  1   0  1  .235  .293  .471  .764
Young,Eric#         12   17    4   0   0   0    4    3    0    5    3   0  0  0   4  0  .235  .409  .235  .644
Torrealba,Yorvit    70  238   55   7   0   4   74   22   27   14   52   6  0  0   0  0  .231  .277  .311  .588
Coghlan,Chris*     131  258   59  18   0   6   95   25   28   14   38   0  1  1   8  4  .229  .270  .368  .638
Bloomquist,Willi    58  234   53   4   0   3   66   25   20   15   38   2  2  2  10  5  .226  .274  .282  .556
Rivera,Juan         64  147   30   5   0   6   53   14   20   12   21   0  0  2   1  0  .204  .261  .361  .622
Cabrera,Orlando     42   80   16   3   0   1   22    4    4    1   15   0  0  1   1  0  .200  .207  .275  .482
Ross,Cody           39  100   20   3   0   2   29   11    8   12   26   2  0  1   2  0  .200  .296  .290  .586
Mathis,Jeff         53  159   31   4   0   6   53   17   19    8   65   0  3  1   0  0  .195  .232  .333  .565
Conger,Hank#        77  125   23   4   1   1   32   12   10   14   35   2  0  3   0  0  .184  .266  .256  .522
Laird,Gerald        21   67   10   3   0   0   13    4    2    3   14   1  0  0   0  0  .149  .186  .194  .380
Forsythe,Logan       3    2    0   0   0   0    0    1    0    0    1   0  0  0   0  0  .000  .000  .000  .000
                   152 5225 1297 241  13 106 1882  531  512  345 1102  28 51 36  96 26  .248  .296  .360  .656

Fentonators          G   GS CG    IP    H    R   ER  HR SH SF  HP   BB    K  IB   W   L   Pct Sv   WHIP   ERA
Lohse,Kyle          13   13  1  85.2   63   22   21   5  3  0   2   19   45   2   6   3  .667  0   .957  2.21
Cishek,Steve        27    0  0  30.0   20    9    9   1  0  0   2   15   31   0   0   1  .000  8  1.167  2.70
Dotel,Octavio       20    0  0  20.0   20    6    6   2  0  2   1    8   15   1   1   0 1.000  1  1.400  2.70
Sherrill,George*    37    0  0  27.2   12    9    9   4  1  1   3   17   17   2   2   1  .667  3  1.048  2.93
Guerrier,Matt       74    0  0  70.1   49   26   23   4  2  2   0   32   56   6   7   2  .778  0  1.152  2.94
Luebke,Cory*        44    0  0  62.1   50   23   22   3  3  2   1   30   76   5   4   5  .444  0  1.283  3.18
Sanches,Brian       36    3  0  62.0   51   28   25   6  2  2   2   36   52   6   4   7  .364  0  1.403  3.63
Beachy,Brandon      28   28  0 154.1  149   70   69  10 10  3   4   47  165   2   7  11  .389  0  1.270  4.02
Collmenter,Josh     13   12  0  64.0   60   29   29   7  7  4   2   28   35   1   3   4  .429  0  1.375  4.08
Marquis,Jason        6    1  0  14.0   23   10    7   1  2  0   1    4   10   0   0   0  .000  0  1.929  4.50
Wang,Chien-Ming      9    9  0  56.0   75   31   28   3  2  6   1    8   27   0   3   4  .429  0  1.482  4.50
Myers,Brett         33   32  1 193.2  213  106  106  23 20  5   4   63  144   2   8  13  .381  0  1.425  4.93
Zito,Barry*         26    0  0  32.1   30   18   18   6  0  0   0   13   25   2   3   1  .750  1  1.330  5.01
Isringhausen,Jas    50    0  0  47.0   38   31   31  11  2  4   1   31   36   0   1   4  .200 23  1.468  5.94
Capuano,Chris*      33   33  0 191.2  226  138  135  41 22  5   5   63  165   1   4  20  .167  0  1.508  6.34
Webb,Ryan           57    0  0  54.2   80   45   41   7  1  0   3   31   30   4   1   1  .500  0  2.030  6.75
Chatwood,Tyler      64    2  0  97.0  137   85   81   8 12  4   2   70   52   6   1   3  .250  2  2.134  7.52
Billingsley,Chad    19   19  0  94.0  134   94   89  13  8  5   6   55   79   0   3  14  .176  0  2.011  8.52
                   152  152  2  1356 1430  780  749 155 97 45  40  570 1060  40  58  94  .382 38  1.475  4.97

