Avery Tards          G   AB    H  2B  3B  HR   TB    R  RBI   BB    K  IB SH SF  SB CS   Avg    OB   Slg   OPS
Ruggiano,Justin     34   84   35  10   2   5   64   18   15    8   18   0  0  0   2  3  .417  .467  .762 1.229
Freeman,Freddie*   136  499  158  32   6  19  259   77   76   77  117   1  0  5   0  0  .317  .408  .519  .927
Tulowitzki,Troy     61  181   56   7   1   7   86   20   31   20   18   4  0  1   0  1  .309  .379  .475  .854
Aoki,Norichika*     88  322   99  19   2   4  134   67   25   40   42   2  0  0  22  7  .307  .394  .416  .810
Gomez,Carlos        87  173   53  12   2   8   93   26   33   10   36   1  3  2  10  2  .306  .354  .538  .892
Blackmon,Charlie    51  136   41   9   2   0   54   20   10   10   18   0  1  1   1  2  .301  .360  .397  .757
Carpenter,Matt*    105  310   90  21   4   3  128   56   39   40   70   2  0  2   0  0  .290  .373  .413  .786
Montero,Miguel*     39  127   36   4   1   5   57   22   19   17   34   0  0  1   0  0  .283  .383  .449  .832
Bourn,Michael*      41  168   46   5   4   1   62   26    8   23   45   1  0  0   9  2  .274  .365  .369  .734
Callaspo,Alberto   143  486  131  22   1   6  173   51   42   53   48   0  5  1   6  3  .270  .341  .356  .697
Upton,Justin       108  435  114  15   2   7  154   54   57   35   81   1  0  4  14  2  .262  .320  .354  .674
Crawford,Brandon   120  258   66  11   1   2   85   19   25   20   67   3  0  2   0  0  .256  .312  .329  .641
Duda,Lucas*        133  359   91  11   1  16  152   44   67   56  111   0  0 13   0  0  .253  .343  .423  .766
Holliday,Matt       44  176   44  11   0   7   76   17   26   18   41   0  0  1   0  3  .250  .321  .432  .753
McCann,Brian*       87  305   75   9   0  11  117   49   43   37   60   6  0  6   0  1  .246  .322  .384  .706
Uggla,Dan          111  338   81  14   2  11  132   40   55   43  106   1  0  3   2  1  .240  .332  .391  .723
Nieves,Wil          21   66   15   1   0   0   16    2    2    4   19   1  0  1   0  0  .227  .268  .242  .510
Murphy,Donnie       67  122   27   5   0   5   47   19   19    8   38   1  2  1   0  0  .221  .278  .385  .663
Young,Chris         40   50   11   1   0   2   18    6    6    5   10   0  0  0   0  0  .220  .291  .360  .651
Valdespin,Jordan    90  193   42   6   1   4   62   15   20    7   51   0  1  0   6  1  .218  .252  .321  .573
Galvis,Freddy#      16   10    2   1   0   1    6    1    6    0    0   0  0  0   0  0  .200  .200  .600  .800
Cruz,Tony           51  129   23   4   0   1   30   10   14    1   25   0  0  1   0  0  .178  .183  .233  .416
Wigginton,Ty        17   42    6   1   0   0    7    2    3    6   14   0  0  0   0  0  .143  .280  .167  .447
Kozma,Pete           9   10    1   0   0   0    1    4    0    3    4   1  0  0   0  0  .100  .308  .100  .408
                   152 5269 1389 237  32 125 2065  686  655  557 1181  25 62 46  72 28  .264  .336  .392  .728

Avery Tards          G   GS CG    IP    H    R   ER  HR SH SF  HP   BB    K  IB   W   L   Pct Sv   WHIP   ERA
Romo,Sergio         16    0  0  15.2   12    7    4   2  0  0   1    6   16   1   2   1  .667  5  1.149  2.30
Hamels,Cole*        10   10  2  67.2   72   28   24   6  2  1   2   10   61   1   2   6  .250  0  1.212  3.19
Cahill,Trevor       24   24  0 138.0  132   75   56   9  7  4   8   72  121   4   7  10  .412  0  1.478  3.65
Harvey,Matt         11   11  0  64.1   47   27   27   9  4  2   3   26   73   0   4   4  .500  0  1.135  3.78
Saunders,Joe*        9    9  0  57.0   54   27   25   7  3  0   0   14   45   0   4   2  .667  0  1.193  3.95
Cishek,Steve        21    0  0  20.0   11   11    9   1  0  0   1   13   16   3   1   0 1.000  2  1.200  4.05
Parnell,Bobby       72    0  0  73.1   85   37   36   6  2  2   1   23   74   6   4   0 1.000  8  1.473  4.42
Nolasco,Ricky       24   24  0 145.2  191   92   72  14 14  2   7   40   94   1   7  12  .368  0  1.586  4.45
Henderson,Jim       30    0  0  31.0   40   16   16   2  0  0   1   18   39   3   3   2  .600  3  1.871  4.65
Young,Chris         15   12  0  68.0   64   42   36  11  1  6   2   29   45   0   2   8  .200  1  1.368  4.76
Estrada,Marco        8    4  0  24.1   26   13   13   3  1  1   0    7   23   0   1   0 1.000  0  1.356  4.81
Mikolas,Miles       26    0  0  35.1   40   22   19   5  0  2   1   14   27   3   0   3  .000  1  1.528  4.84
Zito,Barry*         29   29  1 177.0  193  104   96  30  9  5   5   57  103   1   8  12  .400  0  1.412  4.88
Ottavino,Adam       48    0  0  59.1   79   44   35   8  0  4   1   47   68   3   4   3  .571  1  2.124  5.31
Gorzelanny,Tom*     56    0  0  77.2   93   47   46   6  0  3   1   39   55   9   4   5  .444  6  1.700  5.33
Billingsley,Chad     9    9  0  45.1   56   37   31   3  1  3   4   16   39   0   3   3  .500  0  1.588  6.15
Torres,Carlos       39    0  0  51.1   56   38   37   2  3  2   2   38   39   4   3   0 1.000  5  1.831  6.49
Blanton,Joe         27   19  0 113.0  155   90   85  19  7  6   2   25  114   3   3  10  .231  1  1.593  6.77
Outman,Josh*        17    1  0  29.1   31   28   24   1  1  5   1   20   19   0   1   0 1.000  1  1.739  7.36
Mattheus,Ryan       17    0  0  17.0   22   14   14   7  2  1   0    9   15   1   1   2  .333  0  1.824  7.41
Webb,Ryan           37    0  0  32.1   59   32   27   4  0  0   1   21   27   3   3   2  .600  3  2.474  7.52
White,Alex           8    0  0   8.2   10   10    9   2  0  0   0   14    6   0   0   0  .000  0  2.769  9.35
                   152  152  3  1351 1528  841  741 157 57 49  44  558 1119  46  67  85  .441 37  1.544  4.94



Dou's Crew           G   AB    H  2B  3B  HR   TB    R  RBI   BB    K  IB SH SF  SB CS   Avg    OB   Slg   OPS
Kozma,Pete          34   59   25   6   2   2   41   13   10    8   14   1  0  0   0  0  .424  .493  .695 1.188
Frandsen,Kevin      65  213   73  25   4   0  106   34   29   10   12   2  0  0   0  0  .343  .389  .498  .887
Aybar,Erick#        34  126   42  10   0   3   61   17   21    5   20   0  1  0   2  1  .333  .359  .484  .843
Kemp,Matt          112  408  134  29   6  21  238   79   80   49  109   8  0  5   8  3  .328  .397  .583  .980
Iannetta,Chris      67  219   70   7   0  13  116   38   47   36   57   1  0  1   0  0  .320  .425  .530  .955
Jay,Jon*            26  115   36   7   1   0   45   20   11    4   20   0  1  1   4  1  .313  .365  .391  .756
Fontenot,Mike*      38   68   21   1   0   0   22   12    3    3   17   0  0  0   0  0  .309  .347  .324  .671
Pujols,Albert      150  620  187  72   2  27  344   98  124   44   78   8  0  6   8  4  .302  .347  .555  .902
Kubel,Jason*        92  240   72  11   2  15  132   44   52   31   69   1  0  2   0  0  .300  .382  .550  .932
Kendrick,Howie     133  565  169  34   5   4  225   76   62   27  126   2  8  0  10  9  .299  .336  .398  .734
Rizzo,Anthony*     106  336  100  14   1  11  149   50   54   39   61   2  0  4   4  0  .298  .375  .443  .818
Upton,Justin        42  165   49   9   1   3   69   27   24   21   28   2  0  1   5  2  .297  .384  .418  .802
Furcal,Rafael#     106  364  106  10   4   5  139   42   46   37   42   7  0  6   3  5  .291  .355  .382  .737
Holliday,Matt      110  441  128  33   1  24  235   81   85   58  105   2  0  4   1  1  .290  .377  .533  .910
Gomes,Jonny         88  253   70  13   0  13  122   42   42   34   77   3  1  3   0  0  .277  .369  .482  .851
Werth,Jayson        65  217   58  13   3   5   92   36   18   31   42   5  0  1   4  0  .267  .357  .424  .781
Torrealba,Yorvit    41  152   39   7   0   1   49   15   10    4   38   0  0  0   0  0  .257  .285  .322  .607
Shoppach,Kelly      57  209   51  23   1   1   79   21   23   12   89   0  0  2   0  0  .244  .307  .378  .685
Nelson,Chris       141  205   48  13   0   6   79   34   24   18   55   3  2  0   0  0  .234  .305  .385  .690
Pollock,A.J.        43   69   15   3   0   1   21    9    5    6   10   1  1  0   0  0  .217  .280  .304  .584
Tracy,Chad*         19   40    8   2   0   1   13    4    2    5    7   0  0  0   0  0  .200  .304  .325  .629
Cedeno,Ronny        63   70   10   0   0   0   10   11    9    7   18   0  0  0   0  0  .143  .231  .143  .374
                   152 5448 1567 352  33 156 2453  832  811  520 1208  48 46 40  49 26  .288  .354  .450  .804

Dou's Crew           G   GS CG    IP    H    R   ER  HR SH SF  HP   BB    K  IB   W   L   Pct Sv   WHIP   ERA
Romo,Sergio         12    0  0  12.0    5    2    2   1  0  1   0    4    8   1   1   1  .500  0   .750  1.50
Henderson,Jim        9    0  0   8.0   11    2    2   1  0  0   2    1   12   0   1   2  .333  1  1.500  2.25
Papelbon,Jonatha    58    0  0  53.2   41   15   15   3  2  0   1   23   83   3   2   3  .400 43  1.193  2.52
Isringhausen,Jas    41    0  0  38.2   41   13   11   4  0  2   0   13   27   1   4   3  .571  0  1.397  2.56
Hamels,Cole*        24   24  1 156.1  156   60   52  16  7  2   1   31  153   0  10   6  .625  0  1.196  2.99
Guerra,Javy         44    0  0  43.2   55   20   15   1  6  1   1   23   39   4   2   3  .400  1  1.786  3.09
Avilan,Luis*        32    0  0  34.2   37   16   12   0  1  0   2   10   30   3   2   3  .400  0  1.356  3.12
Francis,Jeff*       16   16  0  86.1  101   40   34   6 11  7   5   13   61   0   5   5  .500  0  1.320  3.54
Nolasco,Ricky        6    6  0  37.2   46   18   15   1  2  1   3    7   27   0   3   1  .750  0  1.407  3.58
Boggs,Mitchell      76    0  0  64.1   69   30   26  10  2  1   1   22   47   6   5   5  .500  0  1.415  3.64
Wilson,C.J.*        31   31  0 180.1  160   81   74  15 11  5   4   67  159   0   8   7  .533  0  1.259  3.69
Elbert,Scott*       38    0  0  30.2   33   15   13   4  1  2   0    8   24   2   8   1  .889  0  1.337  3.82
Weaver,Jered        30   30  5 194.0  202   95   88  20  9  4   5   63  152   2  16   7  .696  0  1.366  4.08
Kendrick,Kyle       58   13  0 137.0  148   80   69  17  6  6   5   58   92   3   6   5  .545  0  1.504  4.53
Burnett,Sean*       64    0  0  54.1   68   33   29   3  1  0   2   15   57   6   4   1  .800  0  1.528  4.80
Billingsley,Chad    20   20  0 110.2  142   85   79   5  7  3   2   36   97   0   5   9  .357  0  1.608  6.42
Williams,Jerome     57    3  0  91.0  132   81   74  15  3 11   4   29   70   3   1   2  .333  2  1.769  7.32
Estrada,Marco        9    9  0  43.0   58   35   35   5  4  2   0   17   49   0   2   3  .400  0  1.744  7.33
                   152  152  6  1376 1505  721  645 127 73 48  38  440 1187  34  85  67  .559 47  1.414  4.22




Morgen Grinders      G   AB    H  2B  3B  HR   TB    R  RBI   BB    K  IB SH SF  SB CS   Avg    OB   Slg   OPS
Ethier,Andre*      136  374  126  29   2  10  189   52   73   52   69   4  0  5   0  0  .337  .416  .505  .921
Hunter,Torii       141  551  181  26   1  12  245   73   79   40  137   3  1  5  10  1  .328  .383  .445  .828
Reyes,Jose#        149  625  181  26  10   7  248   96   56   54   57   5  7  4  40 17  .290  .344  .397  .741
LeMahieu,DJ         64   74   21   2   0   1   26    9    7    7   19   0  0  0   0  0  .284  .346  .351  .697
Belt,Brandon*      128  348   95  20   6   2  133   62   35   38   82   0  0  3  12  4  .273  .345  .382  .727
Grandal,Yasmani#    60  206   55   7   0  10   92   31   30   23   43   3  0  2   0  0  .267  .341  .447  .788
Fielder,Prince*     35  116   31   5   1   5   53   15   18   17   22   1  0  3   0  0  .267  .367  .457  .824
Beltran,Carlos#    133  506  135  16   1  29  240   65   95   53  132   2  0  6  11  6  .267  .334  .474  .808
Torres,Andres#     116  174   46   6   5   0   62   30   19   24   39   1  0  0   7  1  .264  .357  .356  .713
Guzman,Jesus        95  171   45   6   2   6   73   31   18   29   33   2  1  1   0  1  .263  .368  .427  .795
Suzuki,Kurt        104  366   95  17   1   6  132   30   52   14   64   1  0  0   0  0  .260  .305  .361  .666
Kennedy,Adam*      118   96   25   6   1   1   36   14    9   16   21   1  4  2   0  0  .260  .365  .375  .740
Hill,Aaron         152  609  157  32   5  19  256   78   82   43   91   7  1  7  14  1  .258  .309  .420  .729
Johnson,Reed        56  112   28   5   0   2   39   18   17    5   22   0  0  0   0  0  .250  .288  .348  .636
Freese,David       146  523  128  18   6  10  188   57   52   56  139   6  0  4   0  2  .245  .326  .359  .685
Eaton,Adam*         14   28    6   0   0   0    6    3    1    4    6   0  0  0   1  1  .214  .333  .214  .547
Ankiel,Rick*        31   42    8   2   0   1   13   10    6    5   21   0  0  3   0  1  .190  .260  .310  .570
Simmons,Andrelto    28   38    7   1   0   1   11    4    2    0    5   0  0  0   0  0  .184  .184  .289  .473
Brown,Domonic*       4   10    1   0   1   0    3    1    0    1    3   0  0  0   0  0  .100  .250  .300  .550
Nix,Laynce*          1    4    0   0   0   0    0    0    0    0    2   0  0  0   0  0  .000  .000  .000  .000
Flores,Jesus         1    1    0   0   0   0    0    0    0    0    0   0  0  0   0  0  .000  .000  .000  .000
                   152 5272 1425 231  42 122 2106  699  674  482 1113  36 64 49  95 35  .270  .334  .399  .734

Morgen Grinders      G   GS CG    IP    H    R   ER  HR SH SF  HP   BB    K  IB   W   L   Pct Sv   WHIP   ERA
Storen,Drew         25    0  0  24.1   13    5    3   1  0  0   1    4   16   0   2   2  .500  1   .699  1.11
Putz,J.J.           55    0  0  53.1   36    9    7   3  0  1   2   18   57   2   2   3  .400 34  1.013  1.18
Stammen,Craig       70    0  0  79.0   67   20   19   4  4  2   4   44   83   9   3   3  .500  1  1.405  2.16
Gonzalez,Michael    33    0  0  28.0   25    8    7   1  0  0   0   17   26   2   2   2  .500  1  1.500  2.25
Thayer,Dale         64    0  0  59.2   59   20   17   6  2  2   0   11   50   2   1   4  .200  2  1.173  2.56
Buehrle,Mark*       32   32  1 188.2  170   64   60  18  9  6   4   35  113   0  17   6  .739  0  1.087  2.86
Rodriguez,Franki    59    0  0  65.1   55   23   21   3  2  2   1   35   56   5   4   2  .667  0  1.378  2.89
Harang,Aaron        28   28  0 157.2  137   63   53   8 11  3   1   76   98   0  10   8  .556  0  1.351  3.03
Clippard,Tyler      70    0  0  73.0   68   31   26   4  3  2   2   36   61   7   6   6  .500  7  1.425  3.21
Greinke,Zack        32   32  0 185.2  199   83   77  11  7  3   2   47  181   1  12   8  .600  0  1.325  3.73
Chatwood,Tyler      32    0  0  34.2   37   15   15   5  1  3   0   20   15   0   0   0  .000  1  1.644  3.89
Bumgarner,Madiso    32   32  1 191.0  180   84   83  29 10  3   5   41  169   0  13   8  .619  0  1.157  3.91
Hammel,Jason        21   21  0 118.1  111   59   52   4 11  4   4   54   99   2   5   7  .417  0  1.394  3.95
Santana,Ervin        8    7  0  41.0   38   23   21   8  3  2   3   10   31   0   3   3  .500  0  1.171  4.61
Mujica,Edward       71    0  0  62.2   77   39   35   8  1  1   1   15   45   4   6   4  .600  0  1.468  5.03
                   152  152  2  1362 1272  546  496 113 64 34  30  463 1100  34  86  66  .566 47  1.274  3.28



Skramalonians        G   AB    H  2B  3B  HR   TB    R  RBI   BB    K  IB SH SF  SB CS   Avg    OB   Slg   OPS
Buck,John            2    2    2   0   0   0    2    2    0    0    0   0  0  0   0  0 1.000 1.000 1.000 2.000
Molina,Yadier      131  524  188  36   1  16  274   93   85   48   59   6  2 11  11  7  .359  .408  .523  .931
Prado,Martin       152  636  207  43   2   8  278   93   66   46   78   3  4  2  19  4  .325  .371  .437  .808
Keppinger,Jeff      96  327  105  15   1  10  152   41   47   22   29   1  0  2   0  0  .321  .365  .465  .830
Infante,Omar       140  527  160  31   5   8  225   50   73   26   64   2  4  1  18  2  .304  .338  .427  .765
Gonzalez,Adrian*   145  583  174  37   1  16  261   78   98   42  105   2  0  3   0  3  .298  .347  .448  .795
Schumaker,Skip*    127  185   54  11   5   0   75   19   24   24   40   1  1  0   0  0  .292  .373  .405  .778
Pacheco,Jordan      92  349   97  25   3   3  137   30   41    8   47   0  2  2   3  2  .278  .294  .393  .687
Segura,Jean         31   47   13   0   1   0   15   12    4    9    8   0  0  0   2  0  .277  .393  .319  .712
Harper,Bryce*      140  541  135  26  11  12  219   76   69   54  138   1  2  5  15  8  .250  .318  .405  .723
Cabrera,Everth#    120  396   96  11   2   1  114   50   27   55  121   5  2  0  28  2  .242  .335  .288  .623
Fowler,Dexter#     122  498  119  11  11   6  170   79   46   71  157   5  1  6   8  7  .239  .330  .341  .671
Hairston,Scott     130  224   53  10   1  12  101   27   41   17   54   3  0  4   4  1  .237  .289  .451  .740
Thole,Josh*         51  100   22   2   0   0   24    4    9    8   18   1  0  0   0  0  .220  .284  .240  .524
Rutledge,Josh       64  141   27  10   3   1   46    9   13    7   31   4  0  0   2  0  .191  .245  .326  .571
Rivera,Juan         12   11    2   0   0   0    2    1    0    0    3   0  0  0   0  0  .182  .182  .182  .364
                   152 5358 1489 272  47  95 2140  681  658  452 1063  34 68 36 110 36  .278  .335  .399  .734

Skramalonians        G   GS CG    IP    H    R   ER  HR SH SF  HP   BB    K  IB   W   L   Pct Sv   WHIP   ERA
Bell,Heath          14    0  0  17.2   11    2    2   1  0  0   1    5   15   1   0   0  .000  0   .906  1.02
Belisario,Ronald    65    0  0  70.2   51   27   23   3  2  5   7   28   76   4   4   9  .308  1  1.118  2.93
Maholm,Paul*        33   31  0 190.2  181   75   66  16  9  1  10   53  152   2  14  11  .560  0  1.227  3.12
Turner,Jacob         1    1  0   2.2    2    1    1   1  1  0   0    2    0   0   0   0  .000  0  1.500  3.38
Detwiler,Ross*      40   21  0 142.2  149   71   60  11  5  6   4   55   99   2   5   8  .385  0  1.430  3.79
Zimmermann,Jorda    33   32  2 197.0  202  105   88  12  9  3   8   59  154   0  17   7  .708  0  1.325  4.02
Rauch,Jon           56    0  0  60.1   63   27   27   9  1  3   1   16   39   1   0   4  .000  0  1.309  4.03
Motte,Jason         71    0  0  76.0   64   34   34  14  1  1   5   24  100   3   5   7  .417 37  1.158  4.03
Capuano,Chris*      31   31  0 183.2  191   90   85  30  9  4   2   62  137   0  12   9  .571  0  1.377  4.17
Walden,Jordan       45    0  0  40.2   48   21   20   2  2  3   0   18   43   3   3   0 1.000  1  1.623  4.43
Downs,Scott*        42    0  0  45.1   59   28   25   4  2  1   1   12   26   3   2   4  .333  0  1.566  4.96
Vogelsong,Ryan      32   32  0 172.1  180   99   98  20 13  5   8   65  156   0   8  11  .421  0  1.422  5.12
Bergesen,Brad       23    0  0  28.1   44   20   18   3  0  2   1   16   17   3   1   0 1.000  0  2.118  5.72
Hernandez,Livan     13    0  0  17.1   24   12   12   3  0  0   0    5   14   0   1   1  .500  0  1.673  6.23
Batista,Miguel      54    0  0  55.1   81   54   48   4  1  2   1   45   44   0   3   1  .750  1  2.277  7.81
Delgado,Randall     33    4  0  57.2   89   52   51   4  1  2   5   30   46   2   1   4  .200  0  2.064  7.96
                   152  152  2  1358 1439  718  658 137 56 38  54  495 1118  24  76  76  .500 40  1.424  4.36



Killabeez            G   AB    H  2B  3B  HR   TB    R  RBI   BB    K  IB SH SF  SB CS   Avg    OB   Slg   OPS
Lee,Carlos          20   47   15   2   1   0   19    9    5    5    2   0  0  0   0  0  .319  .385  .404  .789
Trumbo,Mark        122  447  130  24   2  25  233   59   80   32  118   6  0  8   1  3  .291  .339  .521  .860
Pagan,Angel#       148  649  189  40  17  12  299  102   66   47  116   4  0  0  32  7  .291  .339  .461  .800
Morse,Michael      101  405  113  11   3  12  166   37   51   17  106   3  0  5   0  0  .279  .313  .410  .723
Goldschmidt,Paul   105  294   80  22   1   5  119   40   30   34   74   3  0  3  10  2  .272  .346  .405  .751
Ruiz,Carlos        104  384  101  19   0  12  156   46   42   33   61   7  0  1   1  1  .263  .344  .406  .750
Sanchez,Hector#     60  199   52   7   0   0   59   22    9    9   55   0  0  1   0  0  .261  .299  .296  .595
Scutaro,Marco      144  606  157  23   3   3  195   66   68   41   46   3 16  4   9  2  .259  .306  .322  .628
Pence,Hunter       108  394  101  15   2   7  141   45   38   34   84   0  1  3   2  3  .256  .320  .358  .678
Zimmerman,Ryan     152  590  145  29   0  14  216   58   84   42  113   1  0  7   2  4  .246  .297  .366  .663
Bonifacio,Emilio    72  110   27   2   1   1   34    8   14    7   29   1  2  2  10  4  .245  .298  .309  .607
Parra,Gerardo*     128  194   47  10   0   1   60   27   17   23   41   0  0  0   8  5  .242  .332  .309  .641
Ramirez,Hanley     148  521  114  12   7  22  206   59   61   45  114   5  0  6  17  2  .219  .280  .395  .675
Pierre,Juan*        88   69   13   0   1   0   15   11    3    7    6   0  4  0   3  2  .188  .263  .217  .480
McDonald,John       87   69   11   2   0   0   13    2    4    1   14   0  0  0   0  0  .159  .171  .188  .359
Blanco,Gregor*      42   39    6   1   0   0    7    4    1   12   11   0  0  0   4  0  .154  .365  .179  .544
                   152 5312 1356 221  38 115 1998  622  591  400 1073  33 67 40  99 35  .255  .311  .376  .687

Killabeez            G   GS CG    IP    H    R   ER  HR SH SF  HP   BB    K  IB   W   L   Pct Sv   WHIP   ERA
Gonzalez,Gio*       33   33  1 205.2  172   76   71  14 10  3   3   67  222   1  12  10  .545  0  1.162  3.11
Horst,Jeremy*       13    0  0   8.1    9    4    3   0  0  1   1    6   10   0   0   3  .000  0  1.800  3.24
Lynn,Lance          31   31  1 175.0  174   74   65  10  8  3  11   52  185   1   8   9  .471  0  1.291  3.34
Volquez,Edinson      4    4  0  22.2   21   10    9   0  1  0   2   11   19   0   1   1  .500  0  1.412  3.57
Marcum,Shaun        19   19  0 109.2  110   51   45  12 11  4   5   43   86   1   2   8  .200  0  1.395  3.69
Niese,Jonathon*     31   31  0 193.1  194   82   80  18 16  2   3   56  161   0  13  10  .565  0  1.293  3.72
Kelly,Joe           53    1  0  79.1   93   42   35   3  2  3   3   33   61   6   2   2  .500  1  1.588  3.97
Dickey,R.A.         33   33  3 221.2  227  106  102  15 11  6   7   73  234   3  11  15  .423  0  1.353  4.14
Casilla,Santiago    58    0  0  54.2   57   27   26   2  1  3   1   29   58   5   2   6  .250 36  1.573  4.28
Veras,Jose          74    0  0  62.1   68   40   31   2  1  5   4   46   67   7   2   5  .286  1  1.829  4.48
Durbin,Chad         78    0  0  64.1   83   34   32  11  1  4   0   15   48   1   7   4  .636  0  1.523  4.48
Bastardo,Antonio    65    0  0  52.2   48   28   27   8  2  0   0   30   69   6   3   1  .750  0  1.481  4.61
Lindblom,Josh       68    0  0  63.0   72   45   45   8  3  2   2   43   60   3   4   6  .400  0  1.825  6.43
Venters,Jonny*      71    0  0  61.2   90   53   52   8  1  1   5   39   52   4   3   2  .600  0  2.092  7.59
                   152  152  5  1374 1418  672  623 111 68 37  47  543 1332  38  70  82  .461 38  1.427  4.08



B-Rads               G   AB    H  2B  3B  HR   TB    R  RBI   BB    K  IB SH SF  SB CS   Avg    OB   Slg   OPS
Berkman,Lance#      90   79   32  13   1   0   47   14   12   10   15   1  0  1   1  0  .405  .473  .595 1.068
Aoki,Norichika*     40  143   49  16   0   4   77   34   31   19   16   1  2  1  13  1  .343  .428  .538  .966
Cabrera,Melky#     117  481  162  29   9  15  254   67   88   36   59   9  4  2  15  4  .337  .382  .528  .910
Wilson,Bobby        32   94   29   4   0   1   36   10    7   10   20   0  5  0   0  0  .309  .375  .383  .758
Utley,Chase*        97  291   89  25   0   7  135   55   42   48   42   1  0  4   9  7  .306  .410  .464  .874
Ruggiano,Justin    100  214   62  19   3  15  132   42   32   23   52   2  0  1  11  3  .290  .357  .617  .974
McCann,Brian*       35  109   31   6   0   7   58   21   27   16   14   3  0  2   0  0  .284  .370  .532  .902
Bourn,Michael*     102  432  121  11   4   2  146   64   41   50  100   0  0  2  35 10  .280  .357  .338  .695
Mayberry,John       86  164   46  10   0   5   71   20   16   10   29   0  0  0   0  0  .280  .322  .433  .755
Montero,Miguel*    100  374  101  14   2   7  140   44   37   45  116   5  1  0   0  0  .270  .361  .374  .735
Rollins,Jimmy#     152  560  143  20   1  17  216   69   69   65   99   6  2  6  23  8  .255  .331  .386  .717
LaRoche,Adam*      147  571  144  38   2  17  237   64   92   67  156   0  0 14   0  1  .252  .325  .415  .740
Abreu,Bobby*         7   12    3   2   0   0    5    3    1    1    2   0  0  0   1  0  .250  .308  .417  .725
Ramirez,Aramis     138  554  138  42   2  14  226   72   78   52   94   5  0  6   7  4  .249  .319  .408  .727
Ellis,Mark          92  272   65  10   0   5   90   33   35   28   45   1  0  1   1  0  .239  .314  .331  .645
Bernadina,Roger*    88  244   58  11   0   8   93   34   32   22   61   3  1  0  11  0  .238  .303  .381  .684
Punto,Nick#         74  114   27   6   0   0   33   17   12   15   25   0  2  0   6  0  .237  .326  .289  .615
Izturis,Maicer#     35   44   10   2   0   0   12    7    3    4    4   1  0  1   3  0  .227  .286  .273  .559
Young,Chris        103  248   56  15   0   5   86   23   26   22   63   3  0  2   4  2  .226  .287  .347  .634
Gomez,Carlos        27  102   19   3   1   2   30    8    9    6   32   0  1  2   4  0  .186  .248  .294  .542
Herrera,Elian#       6    6    0   0   0   0    0    0    0    0    3   0  0  0   0  0  .000  .000  .000  .000
                   152 5400 1441 298  25 131 2182  719  703  556 1157  41 71 45 144 41  .267  .337  .404  .741

B-Rads               G   GS CG    IP    H    R   ER  HR SH SF  HP   BB    K  IB   W   L   Pct Sv   WHIP   ERA
Ziegler,Brad        78    0  0  70.1   60   18   15   3  3  5   1   32   47   8   3   2  .600  1  1.308  1.92
Ottavino,Adam       18    0  0  25.1   20    7    7   1  1  1   0   18   24   2   0   0  .000  2  1.500  2.49
Kershaw,Clayton*    32   32  1 220.0  160   67   62  15 10  1   3   66  195   0  16   5  .762  0  1.027  2.54
Richards,Garrett    12    0  0  20.0   16    6    6   2  0  0   0    9   18   0   0   1  .000  0  1.250  2.70
Lee,Cliff*          32   32  0 211.1  215   85   77  27  4  7   2   21  227   0  15  10  .600  0  1.117  3.28
Cishek,Steve        44    0  0  46.1   37   19   19   2  2  0   5   17   59   3   4   4  .500 23  1.165  3.69
Cahill,Trevor       10   10  0  59.1   55   29   25   6  4  0   5   19   55   0   2   3  .400  0  1.247  3.79
Zambrano,Carlos     24   23  0 119.2  124   63   52   9  9  2   7   59   90   0   6   4  .600  0  1.529  3.91
Dotel,Octavio       63    0  0  59.1   72   32   26   3  1  2   0   14   62   6   2   3  .400  0  1.449  3.94
O'Flaherty,Eric*    60    0  0  51.1   59   23   23   5  1  3   0   29   34   6   7   0 1.000  1  1.714  4.03
Hefner,Jeremy       16   11  0  66.2   81   33   30   2  5  1   0   12   44   0   4   5  .444  1  1.395  4.05
Mattheus,Ryan       53    0  0  49.1   48   28   24   8  1  1   1   28   27   4   2   3  .400  1  1.541  4.38
Westbrook,Jake      28   28  0 169.2  201   90   85  15 14  2   5   52  108   1  11  10  .524  0  1.491  4.51
Jepsen,Kevin        43    0  0  35.0   48   19   19   2  1  0   2   12   32   4   1   6  .143  1  1.714  4.89
League,Brandon      79    0  0  72.2   92   44   43   5  2  2   3   52   58   8   1   7  .125 11  1.982  5.33
Saunders,Joe*       16   16  0  91.0  118   59   58   9  5  4   2   16   58   2   4   6  .400  0  1.473  5.74
Torres,Carlos        5    0  0   4.2    7    4    4   0  0  0   0    5    4   0   0   0  .000  0  2.571  7.71
Tolleson,Shawn      28    0  0  24.0   27   25   24   4  0  0   2   22   23   0   1   4  .200  0  2.042  9.00
                   152  152  1  1396 1440  651  599 118 63 31  38  483 1165  44  79  73  .520 41  1.378  3.86



ConNerds             G   AB    H  2B  3B  HR   TB    R  RBI   BB    K  IB SH SF  SB CS   Avg    OB   Slg   OPS
Arias,Joaquin       91  171   55  12   3   5   88   19   29   10   21   0  0  1   3  0  .322  .371  .515  .886
Braun,Ryan         113  448  136  31   1  25  244   69   79   44  100  11  0  4  16  3  .304  .377  .545  .922
Alonso,Yonder*     143  585  165  41   0  12  242   82   75   65   99   1  1  1   1  3  .282  .355  .414  .769
Quentin,Carlos      43   64   18   6   0   3   33    9    8    7    6   2  0  0   0  0  .281  .352  .516  .868
Moore,Tyler        136  133   37   4   0   9   68   18   22   16   42   2  0  0   0  0  .278  .360  .511  .871
Nieuwenhuis,Kirk   107  268   73   9   1   9  111   34   28   34   99   1  1  1   4  5  .272  .355  .414  .769
Victorino,Shane#   141  560  152  31   2   5  202   77   49   53   73   2  3  3  43  7  .271  .336  .361  .697
Desmond,Ian        113  398   99  23   0  18  176   62   49   24   96   1  0  4  15  5  .249  .292  .442  .734
Sandoval,Pablo#    117  433  105  15   0  14  162   45   51   44   67   4  0  5   0  0  .242  .315  .374  .689
Hart,Corey         119  453  106  28   5  12  180   42   61   27  144   2  3  6   1  2  .234  .283  .397  .680
Johnson,Chris       30   73   17   3   1   2   28    9   10    6   21   0  0  0   1  0  .233  .300  .384  .684
Weeks,Rickie       147  513  116  15   1  15  178   70   59   60  159   0  0  7  13  4  .226  .315  .347  .662
Martin,Russell     137  470  106  20   1  17  179   56   66   62  103   3  0  3   5  1  .226  .325  .381  .706
Gordon,Dee*         82  221   48   7   0   0   55   27   15   12   47   1  1  3  18  5  .217  .264  .249  .513
Ross,David          18   55   11   2   0   6   31    9   12    6   26   1  0  0   0  0  .200  .279  .564  .843
Bourjos,Peter       33   96   17   0   0   5   32   10   11    6   30   0  0  0   1  0  .177  .233  .333  .566
                   152 5236 1313 253  15 162 2082  660  640  486 1258  31 41 40 121 35  .251  .319  .398  .717

ConNerds             G   GS CG    IP    H    R   ER  HR SH SF  HP   BB    K  IB   W   L   Pct Sv   WHIP   ERA
Frieri,Ernesto      38    0  0  35.0   22   11   10   1  0  1   3    9   51   1   1   2  .333 24   .886  2.57
Wright,Jamey        69    0  0  68.2   92   36   26   2  0  1   1   25   58   3   1   1  .500  0  1.704  3.41
Kennedy,Ian         32   32  0 197.1  207   89   78  16 11  3  12   57  191   3   8  12  .400  0  1.338  3.56
Haren,Dan           25   25  1 153.2  150   71   61  14 13  5   8   32  145   3   5  11  .313  0  1.184  3.57
Martinez,Cristhi    65    0  0  73.0   95   40   37   7  3  1   0   33   65   6   5   1  .833  0  1.753  4.56
Hanson,Tommy        31   31  0 168.2  185   97   90  31 13  5   3   67  175   0   5  10  .333  0  1.494  4.80
Gallardo,Yovani     32   32  0 182.1  201  103   98  25 10  3   1   68  170   0   8  12  .400  0  1.475  4.84
Mijares,Jose*       72    0  0  59.1   64   37   32   0  1  1   5   28   55  14   7   3  .700  0  1.551  4.85
Thatcher,Joe*        9    0  0   8.2   10    6    5   1  0  0   2    2    7   0   0   0  .000  0  1.385  5.19
Richard,Clayton*    31   31  0 191.0  253  136  128  47 11  4   7   48   93   5   5  20  .200  0  1.576  6.03
Hawkins,LaTroy      51    0  0  40.2   58   29   29   9  2  1   0   26   28   2   2   3  .400  3  2.066  6.42
Belisle,Matt        75    0  0  67.2  100   54   50   7  1  1   0   30   62  11   5  10  .333  2  1.921  6.65
Reynolds,Matt*      66    0  0  55.0   72   46   42  17  0  3   0   27   42   8   5   2  .714  1  1.800  6.87
Lopez,Javier*       37    0  0  24.2   39   25   24   0  1  0   0   15   21   2   2   4  .333  1  2.189  8.76
Collmenter,Josh     13    0  0  14.0   31   21   20   5  0  1   0    6   12   1   0   1  .000  0  2.643 12.86
Eovaldi,Nathan       1    1  0   4.0    8    6    6   1  1  0   0    4    1   0   0   1  .000  0  3.000 13.50
                   152  152  1  1343 1587  807  736 183 67 30  42  477 1176  59  59  93  .388 31  1.537  4.93



Co Operators         G   AB    H  2B  3B  HR   TB    R  RBI   BB    K  IB SH SF  SB CS   Avg    OB   Slg   OPS
Francisco,Juan*      5    5    2   1   0   0    3    0    1    0    1   0  0  0   0  0  .400  .400  .600 1.000
Furcal,Rafael#      17   44   17   2   0   1   22    3    7    2    7   0  0  0   1  2  .386  .413  .500  .913
Lucroy,Jonathan     88  312  104  27   8   8  171   41   43   23   63   4  0  0   0  0  .333  .383  .548  .931
Werth,Jayson        31   88   28   7   2   1   42   14   13   14   21   2  0  0   3  2  .318  .412  .477  .889
Cruz,Luis          113  238   75  20   0   2  101   38   23   10   30   2  2  2   0  0  .315  .343  .424  .767
Jay,Jon*            81  325  101  12   3   2  125   50   33   30   47   3  4  2  14  6  .311  .379  .385  .764
Aybar,Erick#        98  390  118  29   3   3  162   56   41   20   38   5  5  1  18  2  .303  .341  .415  .756
Gonzalez,Carlos*   136  535  162  33   0  23  264   82   96   57  113   9  0  7  20  6  .303  .368  .493  .861
Brantly,Rob*        62   96   29   8   0   4   49   18   11   16   16   0  0  0   0  0  .302  .402  .510  .912
Venable,Will*      123  429  124  23   2   6  169   61   54   43  111   1  5  4  24 10  .289  .352  .394  .746
Ransom,Cody         86  169   47  15   1   4   76   23   25   13   78   0  2  2   0  0  .278  .326  .450  .776
Headley,Chase#     148  574  158  35   3  32  295   97   95   91  174  15  0  4  16  8  .275  .376  .514  .890
Morales,Kendrys#    36  130   34  10   0   6   62   13   28    6   43   1  0  0   0  0  .262  .294  .477  .771
Maldonado,Martin    68  225   58  14   0   3   81   27   32   18   58   6  3  1   0  0  .258  .317  .360  .677
Schierholtz,Nate   111  218   56   7   2   2   73   27   35   19   44   0  0  1   3  2  .257  .318  .335  .653
Kearns,Austin      103  147   37   0   0   3   46   21   14   17   48   0  0  0   0  0  .252  .357  .313  .670
Espinosa,Danny#    152  564  137  35   2  16  224   56   65   39  191   4  2  3  21  4  .243  .296  .397  .693
Ishikawa,Travis*    79   95   23   8   1   0   33    8   10   11   31   0  5  0   0  0  .242  .333  .347  .680
Davis,Ike*          91  247   54  19   0   7   94   34   24   41   68   2  0  1   0  0  .219  .331  .381  .712
Denorfia,Chris      81  202   38   2   3   3   55   28   15   15   36   1  1  3   7  3  .188  .244  .272  .516
Turner,Justin        8    5    0   0   0   0    0    0    0    0    3   0  0  0   0  0  .000  .000  .000  .000
                   152 5337 1460 317  31 128 2223  713  685  493 1333  55 70 32 127 45  .274  .338  .417  .754

Co Operators         G   GS CG    IP    H    R   ER  HR SH SF  HP   BB    K  IB   W   L   Pct Sv   WHIP   ERA
Corbin,Patrick*      9    0  0  11.2    8    0    0   0  0  0   0    0    8   0   1   0 1.000  0   .686  0.00
Valdes,Raul*        19    0  0  21.1    8    1    0   0  0  0   0    5   15   0   2   0 1.000  0   .609  0.00
Byrdak,Tim*         34    0  0  30.0   15    8    6   2  1  1   0   17   31   3   2   2  .500  1  1.067  1.80
Pomeranz,Drew*      12   12  0  65.2   59   22   17   5  5  0   0   22   54   1   4   4  .500  0  1.234  2.33
Hernandez,David     79    0  0  69.1   65   22   21   4  2  1   2   34   90   9   2   4  .333  0  1.428  2.73
Albers,Matt         69    0  0  61.2   48   19   19   5  0  6   0   33   39   8   2   1  .667  1  1.314  2.77
Jansen,Kenley       67    0  0  67.0   40   25   23   6  2  2   6   23   94   3   5   5  .500 41   .940  3.09
Gee,Dillon          17   17  1 105.2   94   43   41  11  4  2   5   26   81   0   8   4  .667  0  1.136  3.49
Shaw,Bryan          53    0  0  49.2   45   23   20   4  1  1   2   21   33   2   2   1  .667  0  1.329  3.62
Garcia,Jaime*       15   15  0  82.0  103   39   34   6  5  0   0   20   67   0   2   6  .250  0  1.500  3.73
Wainwright,Adam     29   29  0 173.0  171   81   74  12 11  6   9   53  165   1  14   8  .636  0  1.295  3.85
Minor,Mike*         29   29  1 175.2  162   83   81  31  5  4   2   45  143   0  15   8  .652  0  1.178  4.15
Miley,Wade*         31   31  0 190.0  201   98   89  14  9  1   5   42  139   1  11  13  .458  0  1.279  4.22
Choate,Randy*       60    0  0  39.2   50   21   20   4  1  1   7   21   41   4   2   2  .500  0  1.790  4.54
Lindstrom,Matt      51    0  0  45.2   58   29   24   1  1  3   4   24   41   2   2   4  .333  0  1.796  4.73
Cain,Matt           16   16  0  94.2   97   58   56  19  7  3   4   31   82   0   4   7  .364  0  1.352  5.32
Gaudin,Chad         45    0  0  63.1   74   39   39   5  1  1   4   26   72   2   3   1  .750  0  1.579  5.54
Lincecum,Tim         3    3  0  13.0   16   13   12   2  0  3   0    5   17   0   0   1  .000  0  1.615  8.31
                   152  152  2  1359 1314  624  576 131 55 35  50  448 1212  36  81  71  .533 43  1.297  3.81



Rivercrypts          G   AB    H  2B  3B  HR   TB    R  RBI   BB    K  IB SH SF  SB CS   Avg    OB   Slg   OPS
Theriot,Ryan        43   73   26   5   0   0   31    7    6    5   11   1  0  0   2  1  .356  .397  .425  .822
Young,Eric#         58  187   64   4   1   5   85   34   20    9   27   1  4  0   9  8  .342  .376  .455  .831
Kotsay,Mark*       109  152   51  10   1   4   75   23   13   12   23   0  0  0   1  1  .336  .388  .493  .881
Fielder,Prince*    112  430  140  29   1  12  207   63   58   58   71   2  0  4   0  0  .326  .414  .481  .895
Lombardozzi,Stev   102  354  114  21   3   3  150   60   39   18   35   0 19  0   8  2  .322  .357  .424  .781
Posey,Buster       139  561  177  53   0  28  314   76  133   56  111  11  0  4   0  0  .316  .376  .560  .936
Craig,Allen        136  447  131  32   2  20  227   56   53   30   87   5  0  0   0  0  .293  .339  .508  .847
Stanton,Giancarl   115  452  125  26   5  41  284   74  106   44  148   8  0  5   5  1  .277  .340  .628  .968
Descalso,Daniel*   119  285   78  14   5   0  102   44   24   29   50   2 14  1   7  0  .274  .352  .358  .710
Dobbs,Greg*        111  238   63   6   1   2   77   24   20    9   36   0  0  0   2  3  .265  .294  .324  .618
Bloomquist,Willi    82  209   55  12   1   0   69   36   16   16   30   1  0  1   3  2  .263  .314  .330  .644
Maybin,Cameron     119  429  111  21   4   7  161   48   37   35   83   2  1  3  23  8  .259  .316  .375  .691
Morrison,Logan*     79  184   45  10   1   9   84   22   22   26   31   1  0  0   0  0  .245  .338  .457  .795
Amarista,Alexi*    105  294   70  12   3   7  109   35   31   22   60   1  4  0   8  5  .238  .291  .371  .662
Jones,Chipper#     105  371   88  15   0  13  142   44   38   51   48   2  0  2   0  1  .237  .328  .383  .711
Rosario,Wilin       58  195   42   5   0  14   89   21   35   11   46   0  0  2   2  1  .215  .255  .456  .711
Hundley,Nick        13   43    9   0   0   1   12    2    8    1   20   0  0  0   0  0  .209  .227  .279  .506
Brown,Domonic*       9   15    3   1   0   0    4    2    1    1    4   0  0  1   0  0  .200  .235  .267  .502
Galvis,Freddy#      60  157   31   9   0   3   49   17   17    5   35   1  0  3   0  0  .197  .218  .312  .530
                   152 5354 1486 299  28 169 2348  714  691  443 1058  38 74 27  70 33  .278  .335  .439  .773

Rivercrypts          G   GS CG    IP    H    R   ER  HR SH SF  HP   BB    K  IB   W   L   Pct Sv   WHIP   ERA
Cashner,Andrew       4    1  0  10.1   10    3    3   1  0  0   0    2   20   1   1   0 1.000  0  1.161  2.61
Affeldt,Jeremy*     47    0  0  39.1   46   17   13   2  2  0   2   13   30   5   2   2  .500  0  1.500  2.97
Hudson,Tim          28   28  1 177.0  164   77   69  15 11  5  10   62  111   3   9  10  .474  0  1.277  3.51
Strasburg,Stephe    30   30  0 166.2  166   72   65  15  7  5  11   51  228   0   8   8  .500  0  1.302  3.51
Betancourt,Rafae    49    0  0  48.0   44   19   19   8  0  1   0   13   49   4   4   5  .444 32  1.188  3.56
Worley,Vance        15   15  0  82.1  102   43   40   8  4  4   1   37   80   0   5   7  .417  0  1.688  4.37
Jackson,Edwin       25   25  0 146.0  144   86   72  15 14  9   1   51  138   1   7   9  .438  0  1.336  4.44
LeBlanc,Wade*       36    5  0  72.2   96   44   37   6  7  2   1   31   44   1   1   7  .125  0  1.748  4.58
Roenicke,Josh       63    0  0  74.1   87   43   41   7  4  4   5   46   46   3   6   2  .750  3  1.789  4.96
Fiers,Mike          21   17  0  99.2  131   65   56   7  8  3   2   32  110   0   3   6  .333  0  1.635  5.06
Gregerson,Luke      75    0  0  65.0   58   38   38   9  2  2   3   33   54  12   4   5  .444  0  1.400  5.26
Salas,Fernando      51    0  0  41.2   59   25   25   4  0  3   0   16   48   5   1   5  .167  0  1.800  5.40
Hensley,Clay        36    0  0  33.1   38   24   20   7  0  0   1   16   28   1   1   0 1.000  0  1.620  5.40
Brothers,Rex*       71    0  0  60.1   80   41   41   5  4  2   0   37   79  10   3   7  .300  1  1.939  6.12
Marquis,Jason       13   13  0  61.1   74   44   42   7  4  2   1   29   53   1   1   6  .143  0  1.679  6.16
Corbin,Patrick*      8    6  0  30.2   44   24   21   5  2  3   3   11   27   0   2   1  .667  0  1.793  6.16
Loe,Kameron         69    0  0  65.2  116   57   51  10  1  3   4   19   48   3   5   2  .714  1  2.056  6.99
Cain,Matt           12   12  0  67.1   79   55   55  18  4  2   5   24   58   0   2   5  .286  0  1.530  7.35
Rzepczynski,Marc    10    0  0  10.0   21   16   16   6  0  0   0    2    6   0   0   0  .000  0  2.300 14.40
                   152  152  1  1351 1559  793  724 155 74 50  50  525 1257  50  65  87  .428 37  1.543  4.82



Fentonators          G   AB    H  2B  3B  HR   TB    R  RBI   BB    K  IB SH SF  SB CS   Avg    OB   Slg   OPS
Baxter,Mike*        32   97   37   4   1   1   46   16   15   12   16   2  0  0   4  2  .381  .459  .474  .933
Forsythe,Logan      85  174   63  11   2   7   99   27   18   15   34   1  0  0   5  1  .362  .416  .569  .985
Trout,Mike         133  560  178  29   8  26  301   97   68   66  168   9  0  2  53  6  .318  .394  .538  .932
Ellis,A.J.         121  393  117  19   1   2  144   60   38   59  103   6 15  3   0  0  .298  .389  .366  .755
Herrera,Jonathan    98  209   62   3   0   2   71   15   15   16   33   1  5  2   3  0  .297  .346  .340  .686
Heyward,Jason*     146  410  120  15   8  15  196   58   66   57  127   3  0  2  17  8  .293  .381  .478  .859
Hairston Jr.,Jer    45   89   25   3   1   1   33    7    9   10    7   0  0  2   0  0  .281  .347  .371  .718
Wright,David       146  587  165  42   1  16  257   71   93   64  144  10  0  3  10  8  .281  .352  .438  .790
Tejada,Ruben       126  457  123  16   0   0  139   41   25   27   81   2  0  2   6  1  .269  .309  .304  .613
Morales,Kendrys#   111  298   78  13   0  15  136   36   39   27   66   1  0  2   0  0  .262  .327  .456  .783
Davis,Ike*          39  102   26   4   1   2   38   12    8   14   30   0  0  0   0  0  .255  .356  .373  .729
Murphy,Daniel*     114  200   49  13   0   1   65   15   14   14   22   1  0  0   3  0  .245  .294  .325  .619
Braun,Ryan          34  148   36   7   0   4   55   10   21   12   31   4  0  1   6  3  .243  .302  .372  .674
Cuddyer,Michael     96  178   43   8   1  11   86   23   29   24   32   1  0  0   5  0  .242  .332  .483  .815
Kratz,Erik          46  126   28   9   0   9   64   16   28   10   23   0  0  3   0  0  .222  .279  .508  .787
Bourjos,Peter        4    9    2   1   0   0    3    1    0    0    3   0  0  0   0  0  .222  .300  .333  .633
Colvin,Tyler*      141  362   79  13   1   9  121   37   38   16  119   2  1  2   5  2  .218  .252  .334  .586
Solano,Donovan     101  263   57   7   0   2   70   20   21   19   64   3  0  2   3  1  .217  .278  .266  .544
Ramos,Wilson        20   62   13   1   0   2   20    3    3    6    8   0  0  0   0  0  .210  .279  .323  .602
Ross,Cody          136  311   64  11   2  11  112   31   37   26   89   0  0  5   2  0  .206  .263  .360  .623
                   152 5351 1406 235  27 136 2103  617  595  499 1334  46 61 31 122 32  .263  .327  .393  .720

Fentonators          G   GS CG    IP    H    R   ER  HR SH SF  HP   BB    K  IB   W   L   Pct Sv   WHIP   ERA
Valdes,Raul*         4    0  0   8.2    3    0    0   0  0  0   0    1    7   0   1   0 1.000  0   .462  0.00
Thatcher,Joe*        1    0  0   3.0    0    0    0   0  0  0   1    0    2   0   1   0 1.000  0   .000  0.00
Kimbrel,Craig       61    0  0  60.1   37   11   11   2  1  1   1   21   73   3   4   1  .800 15   .961  1.64
Frieri,Ernesto      20    0  0  22.1    9    5    5   1  0  0   1   13   33   0   0   0  .000 11   .985  2.01
Beachy,Brandon      12   12  0  66.2   37   16   15   3  4  2   2   33   50   0   5   2  .714  0  1.050  2.03
Street,Huston       31    0  0  32.0   16   12    8   5  0  0   0    9   37   0   1   3  .250 20   .781  2.25
Lohse,Kyle          31   31  1 203.2  178   64   55  14  6  4   3   37  129   0  12   7  .632  0  1.056  2.43
Medlen,Kris        106    2  0 123.2  114   38   35   8  4  2   0   31   99   7   8   8  .500  3  1.173  2.55
Kontos,George       54    0  0  44.2   46   15   15   2  2  2   2   16   34   2   6   3  .667  3  1.388  3.02
Johnson,Josh        32   32  0 187.1  175   72   64  12  6  7   4   62  157   0  13   6  .684  0  1.265  3.07
Estrada,Marco        9    9  0  47.2   39   18   18   6  2  2   0   17   46   0   2   1  .667  0  1.175  3.40
Ramirez,Ramon       61    0  0  65.1   62   27   25   2  1  1   1   31   54   2   1   0 1.000  0  1.423  3.44
Stults,Eric*        32   11  0  85.1   85   36   33   4  1  3   1   24   40   1  10   7  .588  0  1.277  3.48
Beckett,Josh        23   23  0 132.2  126   61   57  18  4  2   4   34   94   0  10   6  .625  0  1.206  3.87
Halladay,Roy        28   28  1 163.2  180   90   75  17  8  6   3   49  131   1  10  10  .500  0  1.399  4.12
Brach,Brad          63    0  0  66.0   56   40   36   9  2  1   2   32   67   4   3   2  .600  0  1.333  4.91
Bass,Anthony        43    4  0  65.2   72   40   37   2  6  1   0   37   47   2   5   3  .625  0  1.660  5.07
Parra,Manny*        13    0  0  12.1   26   15   15   1  0  0   0    5    9   0   0   0  .000  0  2.514 10.95
Lopez,Javier*        4    0  0   3.0    9   10    9   1  0  0   0    4    3   0   0   1  .000  0  4.333 27.00
                   152  152  2  1394 1270  570  513 107 47 34  25  456 1112  22  92  60  .605 52  1.238  3.31


