Avery Tards          G   AB    H  2B  3B  HR   TB    R  RBI   BB    K  IB SH SF  SB CS   Avg    OB   Slg   OPS
Craig,Allen         52  168   56  13   0   7   90   20   27   14   48   0  1  1   0  0  .333  .399  .536  .935
Carpenter,Matt*    148  617  203  55   2   8  286   97   64   79   88   7  0  2   3  2  .329  .408  .464  .872
Bloomquist,Willi    64  120   39   3   0   0   42   21   10    9    4   0  0  2   0  2  .325  .376  .350  .726
Infante,Omar        24   85   27   6   1   2   41   13   13    2   10   1  0  1   0  0  .318  .330  .482  .812
Eaton,Adam*         51  151   46   7   0   2   59   26   12    8   33   0  1  1   1  3  .305  .338  .391  .729
Utley,Chase*       136  484  146  32   4   9  213   74   61   59   78   1  0  3  11  2  .302  .382  .440  .822
Parra,Gerardo*     132  471  139  37   1  11  211   72   58   30   78   1  7  2  13  4  .295  .337  .448  .785
Posey,Buster        55  156   46  10   2   3   69   21   17   11   20   0  0  1   0  1  .295  .347  .442  .789
Duda,Lucas*         70  102   30   7   1   5   54   14   17   16   31   0  0  1   0  0  .294  .387  .529  .916
Sanchez,Hector#     46  118   33   6   0   3   48    9   15   10   26   2  0  2   0  0  .280  .336  .407  .743
Freeman,Freddie*   135  481  132  23   2  18  213   64   77   65   98   3  0  4   0  0  .274  .362  .443  .805
McCann,Brian*      108  353   93   9   0  25  177   62   60   48   57   2  0  2   0  0  .263  .353  .501  .854
Gomez,Carlos       132  515  134  10   8  22  226   72   74   44  134   4  0  3  37  7  .260  .326  .439  .765
Polanco,Placido     18   39   10   1   0   0   11    3    4    3    6   0  0  0   0  0  .256  .326  .282  .608
Dickerson,Corey*    73   87   22   7   0   0   29   11   14   12   18   2  0  1   1  0  .253  .340  .333  .673
Stanton,Giancarl   121  410  100  20   0  32  216   68   88   68  134   8  0  3   0  0  .244  .356  .527  .883
Tulowitzki,Troy    120  460  111  22   0  19  190   60   78   62   87   8  0  4   0  1  .241  .336  .413  .749
Descalso,Daniel*    58   87   19   7   0   1   29   14    3    4   22   1  0  0   3  0  .218  .253  .333  .586
Ozuna,Marcell       44   91   18   3   1   3   32    9    8    3   21   0  0  0   2  0  .198  .223  .352  .575
Torrealba,Yorvit    19   37    4   1   0   0    5    0    1    3    3   1  0  0   0  0  .108  .175  .135  .310
                   152 5356 1443 284  22 171 2284  746  720  560 1116  41 45 36  71 22  .269  .342  .426  .768

Avery Tards          G   GS CG    IP    H    R   ER  HR SH SF  HP   BB    K  IB   W   L   Pct Sv   WHIP   ERA
Downs,Scott*         9    0  0   5.2    3    0    0   0  0  0   1    4    5   0   0   0  .000  0  1.235  0.00
Brothers,Rex*       17    0  0  16.1    5    4    3   2  0  0   0   12   20   0   0   1  .000  6  1.041  1.65
Harvey,Matt         25   25  2 166.1  152   47   42   3  8  3   5   30  157   0  13   1  .929  0  1.094  2.27
Thornburg,Tyler     35    5  0  60.0   55   17   16   1  1  1   2   29   47   1   9   4  .692  0  1.400  2.40
Parnell,Bobby       48    0  0  49.1   50   17   14   1  2  2   0   12   51   5   4   3  .571 26  1.257  2.55
Harris,Will         58    0  0  52.1   55   16   15   4  2  2   1   17   41   5   5   3  .625  0  1.376  2.58
Ryu,Hyun-Jin*       28   28  1 176.1  151   58   52  13 10  2   0   42  129   2  13   6  .684  0  1.095  2.65
Garcia,Jaime*       11   11  0  61.0   54   23   22   2  3  2   0   22   48   0   4   3  .571  0  1.246  3.25
Gorzelanny,Tom*     61    1  0  85.0   68   33   33   6  1  6   3   43   76   5   3   2  .600  1  1.306  3.49
Petit,Yusmeiro      23    3  0  49.0   54   23   19   3  0  3   0   16   52   0   3   1  .750  0  1.429  3.49
Rosenthal,Trevor    20    0  0  18.0   21    8    7   1  1  0   1    6   20   1   0   0  .000  0  1.500  3.50
Gonzalez,Gio*       10   10  0  60.2   44   25   25   9  1  2   0   24   57   0   4   3  .571  0  1.121  3.71
Nolasco,Ricky       24   24  1 139.2  159   75   67  14  4  4  11   43  114   1   7   9  .438  0  1.446  4.32
Stults,Eric*        25   25  1 157.0  179   88   79  17  5  3   1   36   84   1   9   9  .500  0  1.369  4.53
Ross,Tyson          28    6  0  58.1   65   34   30   6  2  1   4   26   45   1   4   3  .571  0  1.560  4.63
Maholm,Paul*        23   14  0  94.1  112   56   53  15  5  5   1   33   53   0   6   6  .500  0  1.537  5.06
Williams,Jerome     62    0  0 106.0  117   68   60  24  2  5   2   39   72   2   3   5  .375  1  1.472  5.09
Bell,Heath          33    0  0  31.0   38   23   22  11  0  2   1   12   32   2   3   3  .500  5  1.613  6.39
                   152  152  5  1386 1382  615  559 132 47 43  33  446 1103  26  90  62  .592 39  1.319  3.63


Killabeez            G   AB    H  2B  3B  HR   TB    R  RBI   BB    K  IB SH SF  SB CS   Avg    OB   Slg   OPS
Ramirez,Hanley      98  248   89  16   1  19  164   52   56   20   45   5  0  2   6  4  .359  .412  .661 1.073
Green,Grant         84   87   30   9   1   0   41   15   11    6   26   0  0  0   0  0  .345  .394  .471  .865
Denorfia,Chris     109  438  133  25   3   6  182   67   36   39   85   2  0  1  12  1  .304  .360  .416  .776
Goldschmidt,Paul   152  577  171  31   2  31  299  104  104   93  155  18  0  4  14  8  .296  .395  .518  .913
Crawford,Carl*     117  450  129  36   0   4  177   66   37   36   65   2  0  3  14  6  .287  .341  .393  .734
Morrison,Logan*    129  116   33   8   1   1   46   12    8   13   21   0  0  0   0  0  .284  .357  .397  .754
Pence,Hunter       152  623  173  33   0  17  257   79   92   41  127   1  0 13  24  1  .278  .320  .413  .733
Rosario,Wilin      110  433  115  25   2  15  189   33   72   17  119   1  0  4   4  0  .266  .292  .436  .728
Blanco,Gregor*     119  415  108  13   1   3  132   45   27   47  105   0  2  1  12  8  .260  .335  .318  .653
Gregorius,Didi*    120  369   95   5   5   7  131   38   34   48   53   1  1  1   1  1  .257  .347  .355  .702
Zimmerman,Ryan     152  556  128  17   0  17  196   61   58   68  151   4  0  7   2  4  .230  .312  .353  .665
Rendon,Anthony      70  189   43   7   0   6   68   28   22   21   30   2  0  3   0  0  .228  .310  .360  .670
Conger,Hank#        53  176   40   7   1   6   67   21   27   12   37   1  0  2   0  1  .227  .281  .381  .662
Uggla,Dan          130  347   70   7   2  21  144   36   61   51  133   0  0  3   0  0  .202  .315  .415  .730
Asche,Cody*          3    1    0   0   0   0    0    0    0    2    0   0  0  0   0  0  .000  .667  .000  .667
                   152 5318 1392 240  20 153 2131  670  651  518 1276  37 32 44  89 34  .262  .329  .401  .729

Killabeez            G   GS CG    IP    H    R   ER  HR SH SF  HP   BB    K  IB   W   L   Pct Sv   WHIP   ERA
Kimbrel,Craig       54    0  0  51.1   48   15   12   1  0  3   4   18   60   5   1   3  .250 33  1.286  2.10
Choate,Randy*       18    0  0  15.1    7    4    4   0  1  0   0    5   10   0   1   2  .333  0   .783  2.35
Affeldt,Jeremy*     23    0  0  22.0   13    8    6   1  0  0   1   19   14   1   3   0 1.000  0  1.455  2.45
Ramos,A.J.          74    0  0  80.1   63   26   25   8  1  1   0   49   84  11   6   3  .667  0  1.394  2.80
Abad,Fernando*      39    0  0  40.1   31   14   13   2  0  0   0   11   29   0   2   0 1.000  0  1.041  2.90
Cahill,Trevor       31   26  0 160.1  170   71   62   8  9  3   3   67  118   0   9   7  .563  0  1.478  3.48
Peralta,Wily        33   33  0 191.1  199   87   78  19 11  0   7   74  146   0   7  11  .389  0  1.427  3.67
Bastardo,Antonio    50    0  0  45.0   48   24   20   1  1  3   2   28   46   3   5   4  .556  0  1.689  4.00
Veras,Jose          43    0  0  38.1   28   18   18   3  1  0   2   24   38   8   8   2  .800  3  1.357  4.23
Marquis,Jason       22   22  0 119.1  118   76   64  18  7  4   1   82   78   0   5  12  .294  0  1.676  4.83
Lincecum,Tim        32   32  0 184.0  214  115  107  24  9  3  17   65  184   0  14  12  .538  0  1.516  5.23
Ottavino,Adam       77    0  0  84.2   95   58   50   0  4  6   8   63   83   7   4   4  .500  2  1.866  5.31
Kelly,Joe           19    5  0  50.2   59   34   30   3  2  1   6   21   30   0   3   0 1.000  0  1.579  5.33
Wood,Alex*          55    3  0  84.0   90   51   51   5  7  6   1   36   90   2   2   2  .500  0  1.500  5.46
Wheeler,Zack         5    5  0  28.0   31   19   17   1  4  3   1   15   23   0   0   3  .000  0  1.643  5.46
Koehler,Tom         33   16  0  98.1  110   68   64  11  5  7   2   47   68   2   2   9  .182  0  1.597  5.86
Volquez,Edinson     29   10  0  72.0   88   51   50   8  3  3   0   42   54   1   2   4  .333  1  1.806  6.25
                   152  152  0  1365 1412  739  671 113 65 43  55  666 1155  40  74  78  .487 39  1.522  4.42


Dou's Crew           G   AB    H  2B  3B  HR   TB    R  RBI   BB    K  IB SH SF  SB CS   Avg    OB   Slg   OPS
Gindl,Caleb*       123  119   40   7   2   8   75   23   26   17   15   3  3  0   0  0  .336  .419  .630 1.049
Young,Michael       67  165   53   9   1   2   70   22   23   12   26   1  0  0   0  0  .321  .374  .424  .798
Gonzalez,Adrian*   149  619  195  35   3  23  305   81   96   52  108   0  0  4   0  0  .315  .366  .493  .859
Ethier,Andre*      102  381  119  26   1   8  171   60   40   45   74   2  0  2   3  4  .312  .390  .449  .839
Aybar,Erick#        93  350  109  17   5   4  148   35   44   18   47   6  2  1   9  3  .311  .346  .423  .769
Ruiz,Carlos         79  237   73  19   0   2   98   25   22   12   34   1  3  0   0  0  .308  .352  .414  .766
Holliday,Matt      132  511  152  28   0  25  255   89   93   57   87   2  0  6   6  1  .297  .373  .499  .872
Chavez,Eric*        72  217   64  11   0   8   99   33   21   17   46   0  0  5   0  0  .295  .342  .456  .798
Coghlan,Chris*      93  118   34   7   1   0   43    9    9    9   31   0  0  0   0  0  .288  .339  .364  .703
Pennington,Cliff    35   77   22   3   0   0   25    5    8    6   21   2  0  1   0  0  .286  .333  .325  .658
Kendrick,Howie     116  511  140  30   3  11  209   65   41   18   98   0  0  2   7  4  .274  .311  .409  .720
Pollock,A.J.       117  341   90  23   2   6  135   48   31   23   73   2  2  2   8  2  .264  .311  .396  .707
Upton,Justin       149  567  138  21   1  27  242   70   84   86  187   2  0  8   9  4  .243  .341  .427  .768
Iannetta,Chris      98  335   78  10   1  17  141   35   51   73  114   2  0  1   0  0  .233  .371  .421  .792
Uribe,Juan          96  303   65  15   0   6   98   30   31   24   74   0  3  3   0  0  .215  .270  .323  .593
Simmons,Andrelto    59  219   44  10   0   4   66   24   17   16   20   3  0  4   0  1  .201  .251  .301  .552
Kubel,Jason*        49   49    8   2   0   0   10    3    4    5   22   0  0  0   0  0  .163  .241  .204  .445
Lombardozzi,Stev     8    5    0   0   0   0    0    1    0    1    1   0  0  0   0  0  .000  .167  .000  .167
                   152 5428 1468 280  20 151 2241  680  657  503 1194  26 45 41  42 19  .270  .334  .413  .747

Dou's Crew           G   GS CG    IP    H    R   ER  HR SH SF  HP   BB    K  IB   W   L   Pct Sv   WHIP   ERA
Siegrist,Kevin*     22    0  0  22.0    7    3    2   1  0  0   0    7   25   1   2   0 1.000  0   .636  0.82
Diekman,Jake*       36    0  0  33.2   33    8    6   1  0  1   0   14   30   0   1   1  .500  0  1.396  1.60
Clippard,Tyler      32    0  0  30.1   27   10    7   4  1  0   4   10   24   1   2   2  .500  0  1.220  2.08
Avilan,Luis*        73    0  0  65.1   57   24   21   1  3  0   4   36   37   6   4   5  .444  1  1.423  2.89
Vargas,Jason*       11   11  0  71.0   77   23   23   6  5  1   1   15   43   0   4   2  .667  0  1.296  2.92
Ohlendorf,Ross      43    0  0  63.0   53   22   22   5  1  4   1   20   50   4   3   4  .429  1  1.159  3.14
Greinke,Zack        13   13  0  76.0   75   31   28   4  5  5   3   23   56   2   1   7  .125  0  1.289  3.32
Romo,Sergio         56    0  0  58.2   55   22   22   8  0  1   0    8   47   0   5   6  .455 23  1.074  3.38
Wilson,C.J.*        32   32  1 196.1  183   97   87  15  9  7   7   80  168   1   9   7  .563  0  1.340  3.99
Teheran,Julio       28   28  0 167.0  186   82   76  11  6  4   8   36  157   2  10   8  .556  0  1.329  4.10
Jordan,Taylor        7    6  0  38.2   52   20   19   2  0  0   0    4   23   0   4   2  .667  0  1.448  4.42
Lynn,Lance          28   28  0 162.0  169   89   80   9  9  4  10   81  159   1   6   8  .429  0  1.543  4.44
Vincent,Nick        45    0  0  44.2   53   23   23   3  2  2   3   13   44   5   5   2  .714  1  1.478  4.63
Kendrick,Kyle       20   20  1 122.0  152   70   65   9  7  3   2   32   73   1   4   4  .500  0  1.508  4.80
Dunn,Mike*          69    0  0  62.0   66   36   34  10  0  3   2   21   57   5   6   6  .500  1  1.403  4.94
Kennedy,Ian         10   10  0  58.0   59   35   33   7  2  1   2   20   59   0   3   4  .429  0  1.362  5.12
Erlin,Robbie*        4    4  0  20.2   26   17   14   3  2  2   0    8   16   0   1   2  .333  0  1.645  6.10
Belisle,Matt        39    0  0  42.2   63   29   29   4  2  2   0   14   38   1   2   2  .500  0  1.805  6.12
Corpas,Manuel       22    0  0  19.0   20   13   13   1  0  1   1    5   15   1   1   0 1.000  0  1.316  6.16
League,Brandon      29    0  0  24.0   38   20   20   5  0  0   1    5   15   2   4   3  .571  3  1.792  7.50
Garcia,Luis          8    0  0   8.1   17    9    9   0  1  1   0   10    9   1   0   0  .000  0  3.240  9.72
                   152  152  2  1385 1468  683  633 109 55 42  49  462 1145  34  77  75  .507 30  1.394  4.11


Morgen Grinders      G   AB    H  2B  3B  HR   TB    R  RBI   BB    K  IB SH SF  SB CS   Avg    OB   Slg   OPS
Gennett,Scooter*    72  213   72   9   1   9  110   32   35   10   37   0 10  1   2  1  .338  .369  .516  .885
Schumaker,Skip*     52   91   30   2   1   0   34   16    9   17   17   0  2  1   1  0  .330  .431  .374  .805
Jay,Jon*           138  493  159  28   2   5  206   76   50   53   89   4  5  1   9  8  .323  .399  .418  .817
Nieves,Wil          56  195   63   6   0   1   72   24   18   12   28   1  0  0   0  0  .323  .362  .369  .731
Aybar,Erick#        51  217   67   9   4   4   96   21   28   15   35   0  3  0   7  2  .309  .356  .442  .798
Pagan,Angel#        91  206   63   8   1   2   79   27   21   19   30   1  0  1   9  2  .306  .363  .383  .746
Hunter,Torii       136  565  171  22   2   4  209   55   65   27  102   4  3  3   1  4  .303  .342  .370  .712
Beltran,Carlos#    139  560  168  26   3  28  284   85  106   46   96   7  0 13   0  0  .300  .348  .507  .855
Hill,Aaron          88  336  100  26   1   3  137   36   37   24   58   3  0  5   0  1  .298  .340  .408  .748
Guzman,Jesus        83  188   55  13   0   8   92   26   35   24   53   1  0  3   0  0  .293  .376  .489  .865
Belt,Brandon*      142  524  148  32   2  17  235   76   81   47  128   3  1  6   5  2  .282  .344  .448  .792
Gordon,Dee*         30   25    7   0   1   0    9    6    3    1    2   0  1  0   1  0  .280  .308  .360  .668
Calhoun,Kole*       76  197   55  14   0   5   84   29   17   22   37   1  0  1   1  2  .279  .356  .426  .782
Simmons,Andrelto    92  334   91  13   3  10  140   43   37   25   30   3  1  4   4  3  .272  .323  .419  .742
Freese,David       106  360   95  13   3  11  147   47   42   42   78   2  0  2   0  3  .264  .360  .408  .768
Kratz,Erik          56  203   52   8   0   5   75   21   24   13   45   0  0  2   0  0  .256  .298  .369  .667
Federowicz,Tim      50  162   40   3   0   7   64   19   16    9   75   3  0  0   0  0  .247  .287  .395  .682
Davis,Khris         90  139   34  11   0   7   66   20   22   11   38   1  0  1   0  0  .245  .312  .475  .787
Forsythe,Logan     110  150   30   4   0   1   37   15    7   16   40   3  0  3   4  0  .200  .281  .247  .528
d'Arnaud,Travis     20   57   11   1   0   1   15    6    4   14   11   1  0  0   0  0  .193  .352  .263  .615
                   152 5521 1562 251  24 129 2248  701  673  458 1142  38 70 47  44 28  .283  .341  .407  .748

Morgen Grinders      G   GS CG    IP    H    R   ER  HR SH SF  HP   BB    K  IB   W   L   Pct Sv   WHIP   ERA
Howell,J.P.*        68    0  0  62.0   41   13   11   2  2  0   1   42   50   4   3   2  .600  4  1.339  1.60
Strasburg,Stephe     9    9  0  57.2   48   13   11   6  0  0   2   10   63   0   5   2  .714  0  1.006  1.72
Gregerson,Luke      20    0  0  18.0   18    4    4   0  0  0   3    4   14   0   1   2  .333  2  1.222  2.00
Jepsen,Kevin        21    0  0  20.0   21    5    5   3  0  0   0    2   12   1   2   0 1.000  2  1.150  2.25
Chacin,Jhoulys       9    9  0  54.0   41   16   15   1  1  2   1   20   39   0   5   1  .833  0  1.130  2.50
Siegrist,Kevin*     20    0  0  17.2   10    6    5   1  0  0   2   15   19   1   2   3  .400  8  1.415  2.55
Clippard,Tyler      46    0  0  45.1   28   14   13   5  0  0   6   12   44   3   3   1  .750  0   .882  2.58
Erlin,Robbie*        7    7  0  37.0   26   14   11   3  2  0   0    7   22   0   1   3  .250  0   .892  2.68
Greinke,Zack        16   16  1 101.0  107   37   35  10  4  1   5   18   93   0   6   5  .545  0  1.238  3.12
Marmol,Carlos       55    0  0  46.0   44   20   17   4  1  1   5   47   52   5   2   2  .500  2  1.978  3.33
Bumgarner,Madiso    33   32  2 196.2  152   77   73  16 13  4   6   75  209   0  13   8  .619  0  1.154  3.34
Santana,Ervin       32   32  0 197.0  179   85   78  24 10  3   6   47  165   0  11   7  .611  0  1.147  3.56
Buehrle,Mark*       24   24  2 147.1  157   66   63  12  9  3  12   40  103   1   8   7  .533  0  1.337  3.85
Vargas,Jason*        8    8  0  45.1   55   24   21   5  3  0   1   17   42   0   1   2  .333  0  1.588  4.17
Mujica,Edward       59    0  0  64.2   79   31   31  12  2  5   2    8   47   2   3   8  .273 15  1.345  4.31
Stammen,Craig       68    0  0  77.0  105   49   40   5  1  2   2   30   77   3   4   5  .444  1  1.753  4.68
Jordan,Taylor        3    2  0  13.0   24    8    7   0  0  1   0    4    7   0   1   1  .500  0  2.154  4.85
Qualls,Chad         60    0  0  61.0   77   36   35   7  1  0   0   15   48   1   6   5  .545  2  1.508  5.16
Nicasio,Juan        11   10  1  53.1   69   36   35   8  3  4   1   21   36   1   4   3  .571  0  1.688  5.91
Lopez,Wilton        59    0  0  70.1  100   52   50  10  1  1   0   20   47   3   1   2  .333  1  1.706  6.40
Kennedy,Ian          3    3  0  13.2   24   12   12   1  1  0   2    4   17   0   1   0 1.000  0  2.049  7.90
League,Brandon       3    0  0   1.2    6    6    6   1  0  0   0    1    1   0   0   0  .000  0  4.200 32.40
                   152  152  6  1399 1411  624  578 136 54 27  57  459 1207  25  83  69  .546 37  1.337  3.72


Skramalonians        G   AB    H  2B  3B  HR   TB    R  RBI   BB    K  IB SH SF  SB CS   Avg    OB   Slg   OPS
Cedeno,Ronny         5    3    2   0   0   0    2    1    0    0    0   0  0  0   0  0  .667  .667  .667 1.334
Molina,Yadier      119  487  170  46   0   9  243   61   89   30   52   2  0  5   3  2  .349  .387  .499  .886
Infante,Omar        88  374  120  26   1   5  163   41   31   10   34   2  0  2   5  2  .321  .337  .436  .773
Span,Denard*       152  605  175  17   9   4  222   72   47   53   74   5  4  5  30  7  .289  .348  .367  .715
Ramirez,Aramis      60  106   30   5   0   3   44   12   13   13   20   1  0  1   0  0  .283  .374  .415  .789
Prado,Martin       139  540  148  16   1  12  202   57   52   44   49   5  0  1   3  1  .274  .332  .374  .706
Dickerson,Corey*    14   11    3   1   0   0    4    1    1    0    2   0  0  1   0  0  .273  .250  .364  .614
Arias,Joaquin      140  191   51   4   1   1   60   23   11    5   39   2  2  1   0  0  .267  .291  .314  .605
Segura,Jean        149  591  155   4   5   3  178   76   50   25   93   1  1  4  45 11  .262  .297  .301  .598
Buck,John           40  121   29   6   0   2   41    7    7    4   28   1  0  1   0  0  .240  .273  .339  .612
Heyward,Jason*     115  390   91  21   1  14  156   42   56   43   82   1  0  3   2  2  .233  .323  .400  .723
LaRoche,Adam*       88  131   30   2   1  10   64   16   27   18   36   0  0  0   2  0  .229  .322  .489  .811
Fowler,Dexter#      98  384   85  12   4  14  147   66   45   68   93   3  3  2  17  5  .221  .340  .383  .723
Schierholtz,Nate   133  386   85  20   3  14  153   40   47   19   85   1  1  5   6  0  .220  .261  .396  .657
Abreu,Tony#         71   97   21   5   2   1   33   14   11    5   26   0  0  0   0  0  .216  .262  .340  .602
Trumbo,Mark        135  450   96  21   4  14  167   42   68   41  121   0  0  7   2  3  .213  .275  .371  .646
Weeks,Rickie        31   99   16   3   0   1   22    8    5   10   30   1  0  1   0  1  .162  .250  .222  .472
Upton,B.J.          17   32    4   1   0   1    8    1    1    5   15   0  0  0   2  1  .125  .243  .250  .493
Quintanilla,Omar     3    3    0   0   0   0    0    0    0    0    1   0  0  0   0  0  .000  .000  .000  .000
Jimenez,Luis         2    1    0   0   0   0    0    0    0    0    1   0  0  0   0  0  .000  .000  .000  .000
                   152 5282 1343 212  33 108 1945  591  572  397  995  25 44 40 117 35  .254  .310  .368  .678

Skramalonians        G   GS CG    IP    H    R   ER  HR SH SF  HP   BB    K  IB   W   L   Pct Sv   WHIP   ERA
Bell,Heath          18    0  0  19.1   13    4    3   1  3  0   3    4   14   1   0   1  .000  1   .879  1.40
Miller,Shelby       31   30  1 171.1  164   63   61  16  7  4   4   56  177   1   6  11  .353  0  1.284  3.20
Stauffer,Tim        52    0  0  62.2   53   25   23   9  1  3   5   30   55   2   2   2  .500  1  1.324  3.30
Rosenthal,Trevor    59    0  0  59.2   52   28   24   8  1  1   7   21   72   3   3   1  .750  0  1.223  3.62
Soriano,Rafael      59    0  0  66.1   64   27   27   8  1  0   0   22   52   4   9   9  .500 18  1.296  3.66
Badenhop,Burke      61    0  0  65.1   68   32   27  10  4  4   0   17   43   3   3   1  .750  1  1.301  3.72
Alvarez,Henderso    22   22  1 130.1  123   60   55   7  4  4   5   44   80   0   7   7  .500  0  1.281  3.80
Walden,Jordan       51    0  0  49.2   44   22   22   7  0  2   1   15   61   0   2   2  .500  2  1.188  3.99
De La Rosa,Dane     73    0  0  67.1   85   35   34   6  0  2   1   44   61   8   2   8  .200  1  1.916  4.54
Zimmermann,Jorda    36   36  2 206.1  221  110  104  23  6  3  11   40  175   1   9  12  .429  0  1.265  4.54
Gee,Dillon          31   31  0 185.0  230  107  102  27 17  8   7   41  148   3   5  15  .250  0  1.465  4.96
Hefner,Jeremy       26   26  0 129.0  172   98   95  32 11  5   9   39  111   1   4  16  .200  0  1.636  6.63
Capuano,Chris*       8    0  0  12.2   24   10   10   2  0  0   0    2   11   2   0   2  .000  0  2.053  7.11
Figaro,Alfredo      32    0  0  41.0   60   34   34  14  2  1   0   15   31   4   1   4  .200  1  1.829  7.46
Delgado,Randall     33    7  1  68.1  108   67   66  15  2  5   2   23   49   1   2   4  .333  0  1.917  8.69
Blanton,Joe         15    0  0  20.1   36   21   21   2  0  1   2   12   15   1   1   1  .500  0  2.361  9.30
                   152  152  5  1354 1517  743  708 187 59 43  57  425 1155  35  56  96  .368 25  1.434  4.70



B-Rads               G   AB    H  2B  3B  HR   TB    R  RBI   BB    K  IB SH SF  SB CS   Avg    OB   Slg   OPS
Puig,Yasiel        109  381  122  22   0  12  180   48   69   38   90   9  0  8  13  5  .320  .386  .472  .858
Satin,Josh          86  185   56  25   0   2   87   28   22   23   59   2  0  2   0  1  .303  .376  .470  .846
Braun,Ryan          72  249   75   7   0   8  106   30   30   13   69   1  0  4   5  1  .301  .331  .426  .757
Crawford,Brandon   135  442  126  29   2  10  189   48   56   41   75   2  1  0   1  1  .285  .348  .428  .776
Aoki,Norichika*    147  600  170  18   2   6  210   81   53   57   40   1 14  1  24  8  .283  .353  .350  .703
Kemp,Matt           80  238   65  18   2   2   93   30   21   25   57   0  0  0   8  0  .273  .350  .391  .741
Pujols,Albert       79  288   78  10   0   5  103   31   27   19   47   0  0  1   0  0  .271  .322  .358  .680
Schafer,Jordan*     76  253   67   6   1   4   87   37   18   36   86   0  5  0  27  5  .265  .356  .344  .700
Recker,Anthony      49  145   37  11   1   7   71   18   23   12   54   3  1  2   0  0  .255  .308  .490  .798
Ellis,Mark         115  372   95   6   1   3  112   28   29   49   67   4  2  1   0  0  .255  .350  .301  .651
Punto,Nick#        117  239   58  10   0   1   71   30   19   24   56   2  6  1   1  2  .243  .311  .297  .608
Rutledge,Josh       40  124   30   1   1   2   39   11    7    8   26   1  0  0   2  0  .242  .299  .315  .614
Lagares,Juan        31   60   14   4   0   0   18    7    1    0   20   0  0  0   0  1  .233  .258  .300  .558
Montero,Miguel*    118  402   92  18   0  10  140   33   38   47   87   0  0  2   0  0  .229  .316  .348  .664
Sandoval,Pablo#    143  562  127  22   2  18  207   58   74   49   94   0  0  1   0  0  .226  .290  .368  .658
Ruf,Darin           70  172   38   3   0   3   50   10   14   16   71   3  0  0   0  0  .221  .306  .291  .597
Mayberry,John      115  161   34   9   0   3   52   14   25   15   41   0  0  2   3  2  .211  .283  .323  .606
Culberson,Charli    22   25    5   2   0   0    7    4    1    3    6   0  0  0   1  1  .200  .286  .280  .566
                   152 5192 1333 226  13  96 1873  565  542  491 1151  28 74 26  85 27  .257  .325  .361  .686

B-Rads               G   GS CG    IP    H    R   ER  HR SH SF  HP   BB    K  IB   W   L   Pct Sv   WHIP   ERA
Kershaw,Clayton*    33   33  3 231.2  152   39   33   3 11  0   5   44  216   2  17   6  .739  0   .846  1.28
Cishek,Steve        61    0  0  61.2   54   16   15   4  1  1   2   16   69   6   3   8  .273 33  1.135  2.19
De La Rosa,Jorge    30   30  1 174.2  145   53   45   7 10  7   2   63  110   1   8   8  .500  0  1.191  2.32
Lee,Cliff*          32   32  3 222.1  193   66   61  14  9  4   2   38  217   2  13  10  .565  0  1.039  2.47
Henderson,Jim       70    0  0  63.0   49   23   23   8  0  1   1   31   83   4   1   2  .333  3  1.270  3.29
Ziegler,Brad        76    0  0  68.1   74   27   26   2  1  4   2   38   45   9   9   6  .600  4  1.639  3.42
Torres,Carlos       49    2  0  67.2   71   32   27  10  2  2   3   14   59   5   6   2  .750  1  1.256  3.59
Lopez,Javier*       49    0  0  35.2   36   16   16   2  0  2   0    8   28   2   2   1  .667  0  1.234  4.04
Richards,Garrett    27   27  0 146.1  178   78   67  11 14  9   3   45   92   1   6   9  .400  0  1.524  4.12
Haren,Dan           26   25  0 150.2  163   85   83  36  7  2   3   26  128   1   9  12  .429  0  1.254  4.96
Kohn,Michael        66    0  0  56.1   53   36   33   2  1  5   3   36   52   2   2   1  .667  0  1.580  5.27
Slowey,Kevin        44    2  0  74.0   95   49   44   9  6  7   2   23   58   2   2   4  .333  5  1.595  5.35
McCarthy,Brandon     1    1  0   5.0    9    5    4   0  1  0   1    1    4   0   0   1  .000  0  2.000  7.20
Outman,Josh*        10    0  0   8.2   15    9    9   4  0  2   0    5    9   0   1   3  .250  0  2.308  9.35
                   152  152  7  1366 1287  534  486 112 63 46  29  388 1170  37  79  73  .520 46  1.226  3.20


Co Operators         G   AB    H  2B  3B  HR   TB    R  RBI   BB    K  IB SH SF  SB CS   Avg    OB   Slg   OPS
Shuck,J.B.*         17   43   18   0   1   0   20    6    5    5    4   0  2  0   1  0  .419  .479  .465  .944
Pena,Ramiro#        49   95   37   4   1   6   61   21   21   13    9   0  0  0   1  2  .389  .463  .642 1.105
Yelich,Christian   125  244   88  13   1  11  136   47   36   39   68   1  0  1  13  2  .361  .447  .557 1.004
Herrera,Jonathan    68  204   69  10   1   0   81   28   19   15   23   0  3  0   2  4  .338  .384  .397  .781
Laird,Gerald        76  122   38   4   0   1   45   21   10   17   28   1  0  0   2  1  .311  .404  .369  .773
Werth,Jayson       138  484  148  20   0  22  234   68   81   57  103  12  0  3   8  4  .306  .380  .483  .863
Gonzalez,Carlos*   132  407  123  19   7  34  258   76   88   36  138   4  0  8  20  4  .302  .355  .634  .989
Frandsen,Kevin     108  199   60  10   0   3   79   28   33   15   18   0  2  1   0  0  .302  .367  .397  .764
Robinson,Shane      79  145   41   1   2   4   58   28   17   25   20   2  0  0   8  0  .283  .388  .400  .788
Gyorko,Jedd        126  376  104  20   0  15  169   41   48   24  101   1  0  1   0  0  .277  .326  .449  .775
Venable,Will*      123  467  128  21   8  15  210   59   52   38  112   4  4  5  27  2  .274  .328  .450  .778
Torres,Andres#      66  154   42   7   0   0   49   21   13   11   27   1  0  0   3  2  .273  .321  .318  .639
Cabrera,Everth#    125  393  106  18   0   2  130   54   28   44   74   6 12  2  28 14  .270  .342  .331  .673
Adams,Matt*        120  294   73  10   0  12  119   26   44   30   86   2  0  4   1  0  .248  .314  .405  .719
Lucroy,Jonathan    140  514  121  19   3   7  167   54   44   43   83   3  0  4   6  2  .235  .299  .325  .624
Davis,Ike*          95  152   32   5   0   9   64   24   27   36   56   1  0  2   0  2  .211  .358  .421  .779
Headley,Chase#     146  519  107  32   4  17  198   60   70   61  159   3  0  2   4  5  .206  .297  .382  .679
Johnson,Elliot#    114  119   22   0   0   2   28    7   14    4   31   0  0  2   8  1  .185  .208  .235  .443
Davidson,Matt       33   55   10   3   0   2   19   13    9    7   17   0  0  2   0  0  .182  .277  .345  .622
Grandal,Yasmani#    12    8    0   0   0   0    0    0    0    2    2   0  0  0   0  0  .000  .200  .000  .200
                   152 5314 1414 228  28 163 2187  707  684  534 1282  41 61 40 132 45  .266  .335  .412  .746

Co Operators         G   GS CG    IP    H    R   ER  HR SH SF  HP   BB    K  IB   W   L   Pct Sv   WHIP   ERA
Roark,Tanner        30    4  0  50.2   38   12   10   0  5  1   0   10   37   1   3   2  .600  0   .947  1.78
Rodriguez,Paco*     57    0  0  52.2   21   14   12   5  2  0   0   15   56   0   9   3  .750  2   .684  2.05
Jansen,Kenley       63    0  0  67.0   47   18   18   8  0  1   6   18   90   4   5   2  .714 39   .970  2.42
Wacha,Michael       18    8  0  61.1   37   18   17   5  2  1   0   15   62   0   4   3  .571  0   .848  2.49
Shaw,Bryan          70    0  0  70.2   72   26   22   2  2  1   4   30   57   2   2   3  .400  1  1.443  2.80
Kintzler,Brandon    76    0  0  75.1   78   31   25   2  1  0   0   17   64   7   2   3  .400  0  1.261  2.99
Minor,Mike*         32   32  1 212.2  188   74   74  21  5  4   3   48  178   1  14   6  .700  0  1.110  3.13
Chatwood,Tyler      18   18  1 112.0  108   45   40   6  9  3   3   45   72   1   7   6  .538  0  1.366  3.21
Hernandez,David     22    0  0  24.2   19    9    9   4  0  1   1    6   24   0   0   0  .000  1  1.014  3.28
Casilla,Santiago    58    0  0  50.1   35   19   19   3  2  2   3   28   42   6   4   2  .667  3  1.252  3.40
Wainwright,Adam     33   33  4 219.1  239   93   88  23 10 10   7   34  211   1  15  15  .500  0  1.245  3.61
Corbin,Patrick*     31   31  2 197.0  208   87   80  18  6  4   6   49  174   1  12   6  .667  0  1.305  3.65
Westbrook,Jake      17   12  0  78.2   84   39   34   0  7  2   7   30   41   0   5   4  .556  0  1.449  3.89
Turner,Jacob        10   10  0  56.2   52   37   27  11  3  2   1   36   46   0   2   6  .250  0  1.553  4.29
Francis,Jeff*       24    4  0  45.2   60   31   25   6  1  1   0   13   38   0   4   3  .571  0  1.599  4.93
Storen,Drew          8    0  0   7.2   11    6    6   2  0  0   0    5    2   1   0   0  .000  0  2.087  7.04
                   152  152  8  1382 1297  559  506 116 55 33  41  399 1194  25  88  64  .579 46  1.227  3.29



Fentonators          G   AB    H  2B  3B  HR   TB    R  RBI   BB    K  IB SH SF  SB CS   Avg    OB   Slg   OPS
Alonso,Yonder*     122  340  112  11   0   3  132   46   31   26   36   1  0  0   6  1  .329  .377  .388  .765
Harris,Brendan      53  104   34   8   0   6   60   13   16    6   24   0  0  0   0  1  .327  .369  .577  .946
Trout,Mike         147  568  184  34   7  28  316  132   92  110  143  17  0  3  34  6  .324  .442  .556  .998
Perez,Juan          34   85   27   5   0   4   44   13   12    7   18   2  0  0   0  0  .318  .370  .518  .888
Ross,Cody           99  227   72   8   0   5   95   32   40   16   34   2  0  0   2  0  .317  .362  .419  .781
Wright,David       129  419  132  21   5  14  205   58   65   54   83   5  0  4  14  5  .315  .396  .489  .885
Harper,Bryce*      135  417  126  18   5  22  220   65   86   62   81   4  2  7  16  3  .302  .389  .528  .917
Rollins,Jimmy#     152  549  164  36   4   6  226   78   53   71   76   7  1  1  27  5  .299  .379  .412  .791
Cuddyer,Michael    144  483  130  31   0  10  191   59   60   40  106   8  0  6   6  5  .269  .323  .395  .718
Galvis,Freddy#      41  137   35   1   1   5   53   13   17    8   31   2  2  5   0  0  .255  .291  .387  .678
LeMahieu,DJ        107  320   80  17   1   0   99   31   20    9   55   1  6  0  12  4  .250  .271  .309  .580
Lucas,Ed            93  246   60  12   2   0   76   21   23   11   50   0  2  2   0  1  .244  .282  .309  .591
Ramos,Wilson        64  210   51   2   0  14   95   22   45    2   37   0  0  3   0  0  .243  .247  .452  .699
Gattis,Evan         98  338   79  14   0  16  141   35   45   23   87   4  0  3   0  0  .234  .290  .417  .707
Blanks,Kyle         93  194   45   3   0   8   72   18   27   22   68   0  0  3   0  0  .232  .312  .371  .683
Ankiel,Rick*        97  134   29   7   1   3   47   16   11   10   61   0  0  1   0  0  .216  .269  .351  .620
Quiroz,Guillermo    28   93   18  10   0   0   28    7    3    3   15   0  0  0   0  0  .194  .227  .301  .528
Noonan,Nick*        42   80   15   2   0   0   17    3    3    0   15   0  0  0   0  0  .188  .188  .213  .401
Espinosa,Danny#     33   61   10   3   0   2   19    6    8    3   16   0  0  1   0  0  .164  .200  .311  .511
Bianchi,Jeff         9    8    1   0   0   0    1    1    0    0    2   0  0  0   0  0  .125  .125  .125  .250
                   152 5315 1453 244  26 146 2187  691  670  493 1177  53 56 39 117 31  .273  .337  .411  .748

Fentonators          G   GS CG    IP    H    R   ER  HR SH SF  HP   BB    K  IB   W   L   Pct Sv   WHIP   ERA
Fernandez,Jose      29   28  0 169.0  108   40   31  11  8  1   4   54  186   0  12   3  .800  0   .959  1.65
Cain,Matt            6    5  1  34.1   38   11    9   0  0  1   0    6   28   0   2   2  .500  0  1.282  2.36
Putz,J.J.           23    0  0  18.2   14    7    5   1  1  1   0   16   14   4   1   0 1.000  0  1.607  2.41
Estrada,Marco       20   20  0 121.0   98   45   37  20  3  2   1   28  105   0  11   3  .786  0  1.041  2.75
Carpenter,David     66    0  0  61.0   55   24   21   4  1  0   1   34   69   5   2   5  .286  2  1.459  3.10
Medlen,Kris         31   31  1 193.0  189   74   68  13  9  3   7   46  166   0  13  10  .565  0  1.218  3.17
Machi,Jean          58    0  0  43.2   55   16   16   3  0  0   1   12   39   3   5   5  .500  2  1.534  3.30
Lohse,Kyle          30   30  0 198.2  195   84   81  24  8  6   2   37  138   2  15   9  .625  0  1.168  3.67
Street,Huston       59    0  0  55.2   52   29   24  10  1  1   0   23   40   1   2   3  .400 40  1.347  3.88
Weaver,Jered        26   25  0 157.2  155   74   72  22  5  1   4   26  138   2   4  10  .286  0  1.148  4.11
Withrow,Chris       31    0  0  26.2   14   15   13   6  0  0   0   22   37   2   4   3  .571  0  1.350  4.39
Webb,Ryan           82    0  0  84.0  105   45   45   4  1  0   0   56   60   6   8   2  .800  0  1.917  4.82
Germen,Gonzalez     11    0  0  12.2   18    7    7   3  0  1   0    1   13   0   0   0  .000  0  1.500  4.97
Zito,Barry*          8    3  0  20.1   27   12   12   1  1  1   1    3   15   0   2   1  .667  0  1.475  5.31
Atchison,Scott      50    0  0  44.2   59   28   27   3  0  4   0   21   28   2   4   3  .571  0  1.791  5.44
Harang,Aaron         8    8  1  50.0   49   32   31  12  2  5   1   20   36   0   1   3  .250  0  1.380  5.58
Gutierrez,Juan      46    0  0  50.0   75   42   42   9  2  2   0   36   40   4   0   2  .000  0  2.220  7.56
Gaudin,Chad         22    2  0  28.1   37   26   26   0  3  1   2   15   20   2   1   1  .500  0  1.835  8.26
                   152  152  3  1369 1343  611  567 146 45 30  24  456 1172  33  87  65  .572 44  1.314  3.73



Rivercrypts          G   AB    H  2B  3B  HR   TB    R  RBI   BB    K  IB SH SF  SB CS   Avg    OB   Slg   OPS
Torrealba,Yorvit    14   43   16   3   0   0   19    0    2    3    3   0  1  0   0  0  .372  .413  .442  .855
Shuck,J.B.*         60  139   50   5   0   1   58   10    7   12   17   0  2  1   3  2  .360  .412  .417  .829
Murphy,Daniel*     152  666  225  43   8  14  326  101   73   29   87   0  0  8  29  4  .338  .363  .489  .852
Hamilton,Josh*     152  582  174  44   4  17  277   77   85   44  149   2  0  1   3  1  .299  .353  .476  .829
Posey,Buster        84  320   95  21   0   8  140   40   43   36   36   3  0  1   0  0  .297  .383  .438  .821
Craig,Allen         80  335   97  17   0   8  138   40   45   16   83   1  0  4   0  0  .290  .328  .412  .740
Hernandez,Cesar#    25   59   17   0   0   0   17   10    6    8   11   0  0  1   1  1  .288  .368  .288  .656
Turner,Justin       88  216   59  10   0   2   75   25   25    5   39   1  0  2   0  0  .273  .296  .347  .643
Pacheco,Jordan      68   76   20   2   0   0   22    9    4    2   13   0  0  0   0  0  .263  .309  .289  .598
Brown,Domonic*     132  507  133  17   6  15  207   48   63   39  103   5  0  8   9  1  .262  .310  .408  .718
Duda,Lucas*         28   36    9   6   1   0   17    7    6   10   11   0  0  1   0  0  .250  .417  .472  .889
Ozuna,Marcell       30   56   14   5   1   1   24    6    9    2    9   0  0  0   1  0  .250  .276  .429  .705
Morales,Kendrys#   152  602  148  34   1  19  241   70   75   42  126   1  0 12   0  0  .246  .296  .400  .696
Amarista,Alexi*    137  188   45   7   4   3   69   23   18   11   32   0  3  0   2  1  .239  .285  .367  .652
Hechavarria,Adei   133  475  112   4   4   3  133   52   38   24   87   6  1  4   7  9  .236  .270  .280  .550
Hundley,Nick        62  219   48   5   0   4   65   21   25   11   58   0  0  4   0  0  .219  .258  .297  .555
Arenado,Nolan      133  431   92  15   3   7  134   39   39   29   64   5  2  3   0  0  .213  .263  .311  .574
Johnson,Reed        25   76   16   2   0   1   21    6    9    6   17   1  0  0   0  0  .211  .326  .276  .602
Romine,Andrew#      29   34    7   1   0   0    8    2    1    2   12   0  3  0   0  0  .206  .250  .235  .485
                   152 5332 1422 245  32 103 2040  608  585  342 1065  25 51 50  55 19  .267  .314  .383  .696

Rivercrypts          G   GS CG    IP    H    R   ER  HR SH SF  HP   BB    K  IB   W   L   Pct Sv   WHIP   ERA
Ross,Tyson          11    4  0  35.0   33    9    9   2  0  1   0   12   34   0   2   2  .500  0  1.286  2.31
Hudson,Tim          22   22  1 136.1  115   45   39  11  6  1   3   35   99   0  10   5  .667  0  1.100  2.57
Varvaro,Anthony     47    0  0  53.1   49   18   18   2  2  2   4   21   30   5   2   1  .667  0  1.313  3.04
Brothers,Rex*       17    0  0  14.2    8    6    5   0  0  2   0    9   13   1   0   0  .000  1  1.159  3.07
Papelbon,Jonatha    60    0  0  55.0   67   24   19   3  1  2   5   10   51   2   1   7  .125 38  1.400  3.11
Strasburg,Stephe    18   18  0 105.2  102   44   41  11  6  3   7   25  121   0   5   5  .500  0  1.202  3.49
Gregerson,Luke      47    0  0  43.1   37   21   17   2  3  2   2   20   46   7   4   2  .667  0  1.315  3.53
Cashner,Andrew      33   30  0 189.1  203   93   81  16  6  4   4   58  154   0   9  13  .409  0  1.379  3.85
Niese,Jonathon*     20   20  0 119.0  128   56   53  10  2  5   5   39   95   1   9   5  .643  0  1.403  4.01
Gonzalez,Gio*       19   19  0 107.2  105   51   48  10  4  3   0   50   88   0   4   8  .333  0  1.440  4.01
Thayer,Dale         65    0  0  48.2   49   23   22   6  2  1   0   31   46   9   1   6  .143  1  1.644  4.07
Cain,Matt           24   24  0 134.0  113   68   66  17  2  2   5   56  133   1   6  11  .353  0  1.261  4.43
Axford,John         10    0  0   9.1   13    5    5   0  0  0   0    3   10   0   1   1  .500  0  1.714  4.82
Brach,Brad          26    0  0  22.1   33   12   12   1  0  0   0   16   21   1   1   1  .500  0  2.194  4.84
Buehrle,Mark*        8    8  0  46.0   67   27   27   4  2  2   1   10   33   0   0   3  .000  0  1.674  5.28
Rice,Scott*         54    0  0  37.0   46   22   22   0  0  4   0   32   21   4   3   4  .429  0  2.108  5.35
Harang,Aaron         3    3  0  16.0   22   11   10   4  1  0   0    2   11   0   0   1  .000  0  1.500  5.63
Maness,Seth         41    0  0  34.2   63   25   24   3  0  2   0   14   24   3   0   4  .000  0  2.221  6.23
Zito,Barry*         35    2  0  52.2   85   45   42  10  1  2   1   21   37   0   2   1  .667  0  2.013  7.18
Belisario,Ronald    71    0  0  57.0  103   57   56   5  3  2   4   25   49   7   1   4  .200  0  2.246  8.84
Hand,Donovan        36    2  0  55.2   86   72   55  22  2  5   4   24   35   4   3   4  .429  0  1.976  8.89
                   152  152  1  1372 1527  734  671 139 43 45  45  513 1151  45  64  88  .421 40  1.487  4.40



Incarnations         G   AB    H  2B  3B  HR   TB    R  RBI   BB    K  IB SH SF  SB CS   Avg    OB   Slg   OPS
Scutaro,Marco      118  422  136  21   2   2  167   41   40   40   28   0  2  3   0  2  .322  .382  .396  .778
Solano,Donovan      34   83   24   8   0   0   32    7    6    5    8   3  0  1   0  0  .289  .333  .386  .719
Johnson,Chris      123  482  134  16   0  12  186   44   54   19  125   3  0  0   0  0  .278  .312  .386  .698
Blackmon,Charlie    76  234   64  17   2   4   97   17   30   10   44   3  4  0   5  1  .274  .309  .415  .724
Revere,Ben*         88  335   90   1   2   0   95   28   17   11   41   1  9  1  27  5  .269  .291  .284  .575
Quentin,Carlos     104  239   63  16   0   7  100   26   30   32   53   2  0  2   0  0  .264  .360  .418  .778
Van Slyke,Scott    110  127   33  13   0   6   64   20   22   21   35   1  0  1   1  1  .260  .387  .504  .891
Howard,Ryan*        96  294   75  18   0  12  129   37   43   25   77   1  0  3   0  0  .255  .313  .439  .752
Desmond,Ian        149  598  152  34   0  15  231   72   68   45  151   0  1  4  19  6  .254  .310  .386  .696
Francisco,Juan*     98  140   35   6   0   8   65   15   19    6   53   1  0  1   0  0  .250  .279  .464  .743
Ellis,A.J.         109  365   89  15   1  11  139   41   43   34   83   6  3  5   0  2  .244  .313  .381  .694
Galvis,Freddy#      61   66   16   1   0   0   17    4    5    4   20   0  0  0   0  1  .242  .286  .258  .544
Young,Eric#        152  562  122  20   6   2  160   70   22   41   99   1 14  0  40 18  .217  .274  .285  .559
Bourjos,Peter       86   85   18   5   0   0   23   13    3    6   24   0  3  0   2  1  .212  .272  .271  .543
Helton,Todd*       107  274   51   7   0   5   73   16   15   27   77   2  0  3   0  0  .186  .257  .266  .523
Espinosa,Danny#     34  124   22   9   0   3   40    8   10    3   37   0  0  1   0  0  .177  .202  .323  .525
Ruggiano,Justin    117  298   50   5   0   7   76   29   23   28   95   0  1  2   6  8  .168  .242  .255  .497
Mathis,Jeff         49  160   20   4   0   3   33    4   10    7   51   0  0  2   0  0  .125  .160  .206  .366
Betancourt,Yunie     8   11    1   0   0   1    4    1    2    1    1   0  0  1   0  0  .091  .154  .364  .518
Brantly,Rob*         4   12    1   0   0   0    1    0    0    0    2   0  0  0   0  0  .083  .083  .083  .166
                   152 5188 1242 224  13 100 1792  506  484  372 1216  24 69 32 100 46  .239  .294  .345  .639

Incarnations         G   GS CG    IP    H    R   ER  HR SH SF  HP   BB    K  IB   W   L   Pct Sv   WHIP   ERA
Hawkins,LaTroy      67    0  0  74.2   79   23   21   5  2  2   0   11   62   5   7   4  .636  7  1.205  2.53
Chacin,Jhoulys      22   22  0 139.1  134   45   44   5  5  3   1   36   91   1   7   6  .538  0  1.220  2.84
Gallardo,Yovani     30   30  0 168.0  159   59   57  17  8  5   2   67  161   0   5   8  .385  0  1.345  3.05
Jennings,Dan*       50    0  0  43.0   43   15   15   1  1  1   1   15   27   3   2   3  .400  1  1.349  3.14
Gaudin,Chad         18    2  0  34.2   38   15   14   2  0  1   0   11   34   2   3   1  .750  0  1.413  3.63
Wright,Jamey        54    1  0  79.0   88   39   34   4  5  4   5   30   81   3   2   3  .400  0  1.494  3.87
Hamels,Cole*        32   32  1 197.2  206   90   86  24 11  7   1   40  176   0   7  14  .333  0  1.245  3.92
Eovaldi,Nathan      18   18  0 102.0  112   51   45   6  7  4   0   45   83   0   1  10  .091  0  1.539  3.97
Thatcher,Joe*       50    0  0  43.0   49   21   19   7  1  2   0    5   31   2   2   6  .250  0  1.256  3.98
Frieri,Ernesto      67    0  0  57.0   58   26   26   9  1  3   9   30   69   7   9   9  .500 17  1.544  4.11
Miley,Wade*         33   33  0 189.1  217   95   87  18  9  3   1   61  132   0   9  10  .474  0  1.468  4.14
Lyons,Tyler*        39    2  0  57.0   49   28   27   5  0  3   2   17   55   1   2   0 1.000  1  1.158  4.26
Detwiler,Ross*      10    0  0  13.1   16    9    7   2  0  1   0    8    6   2   2   1  .667  0  1.800  4.73
Collmenter,Josh     69    0  0  84.0   90   51   49   5  5  2   2   49   80  11   3   8  .273  0  1.655  5.25
Kennedy,Ian         11   11  0  56.1   54   33   33  10  5  2   6   24   52   0   1   6  .143  0  1.385  5.27
Garcia,Freddy       20    1  0  32.2   37   23   21  10  1  0   1    5   22   1   0   1  .000  1  1.286  5.79
                   152  152  1  1371 1429  623  585 130 61 43  31  454 1162  38  62  90  .408 27  1.373  3.84
