Avery Tards          G   AB    H  2B  3B  HR   TB    R  RBI   BB    K  IB SH SF  SB CS   Avg    OB   Slg   OPS
La Stella,Tommy*    31   39   14   3   0   0   17    7    2    7    6   1  0  0   0  0  .359  .457  .436  .893
Morrison,Logan*     91  195   68  16   1   5  101   27   29   15   29   2  0  4   4  0  .349  .394  .518  .912
Eaton,Adam*        118  492  162  33   6   1  210   65   57   55   90   2  1  3  22 12  .329  .397  .427  .824
Nieuwenhuis,Kirk    89  117   38  16   0   2   60   26   13   17   27   3  0  0   1  2  .325  .410  .513  .923
Tulowitzki,Troy    100  343  107  21   0  23  197   54   66   36   59   7  0  3   0  0  .312  .382  .574  .956
Utley,Chase*       148  605  186  43   6  12  277   92   77   36   83   4  0  3  12  5  .307  .351  .458  .809
Aoki,Nori*         135  285   86  18   1   0  106   33   27   26   27   0  7  1   5  7  .302  .365  .372  .737
Coghlan,Chris*     113  400  114  29   5   9  180   50   54   30   87   3  1  4   9  3  .285  .335  .450  .785
McKenry,Michael     49  178   50  11   0   7   82   27   27   16   52   3  0  3   0  0  .281  .338  .461  .799
Ruiz,Carlos         96  296   77  18   2   2  105   40   31   37   49   0  0  3   1  3  .260  .353  .355  .708
LaRoche,Adam*      134  448  115  23   0  25  213   69   84   63   71   5  0  2   0  2  .257  .350  .475  .825
Tejada,Ruben        58  166   42   2   0   5   59   11   23   15   38   1  1  0   0  1  .253  .319  .355  .674
Carpenter,Matt*    150  569  144  30   5   2  190   76   56   84   97   3  1  3   5  5  .253  .352  .334  .686
Stanton,Giancarl   144  573  144  35   0  48  323  109  119   83  176  33  0  1  13  1  .251  .350  .564  .914
Barnes,Brandon      48  101   24   9   1   0   35   12   18    7   36   0  2  2   3  2  .238  .282  .347  .629
Maldonado,Martin    48  107   25   6   0   2   37   21   13   14   23   1  0  2   0  0  .234  .349  .346  .695
Lucas,Ed            56  112   25   5   0   0   30    9    9    7   36   1  0  0   0  0  .223  .269  .268  .537
Dietrich,Derek*      6   12    0   0   0   0    0    1    0    0    5   0  1  0   0  0  .000  .077  .000  .077
                   152 5344 1459 324  28 143 2268  741  720  556 1106  69 58 36  75 43  .273  .345  .424  .769

Avery Tards          G   GS CG    IP    H    R   ER  HR SH SF  HP   BB    K  IB   W   L   Pct Sv   WHIP   ERA
Russell,James*      11    0  0  11.2    9    1    1   0  0  0   0    1    3   0   2   1  .667  0   .857  0.77
Choate,Randy*       23    0  0  16.0   16    4    3   1  0  0   2    7    6   2   0   0  .000  1  1.438  1.69
Richards,Garrett     9    9  0  58.0   42   13   13   1  2  0   2    9   61   0   5   0 1.000  0   .879  2.02
Kershaw,Clayton*     9    9  4  65.1   45   19   19   5  1  3   2    9   78   0   6   1  .857  0   .827  2.62
Cishek,Steve        14    0  0  13.1   14    5    4   0  0  1   0    7   16   1   2   1  .667  8  1.575  2.70
Neshek,Pat          62    0  0  59.0   40   18   18   5  0  0   0   11   56   4   4   7  .364  9   .864  2.75
Gonzalez,Gio*       25   25  1 144.1  126   51   45  10  6  3   1   46  157   0  11   4  .733  0  1.192  2.81
Wright,Jamey        50    0  0  69.2   81   28   23   1  3  1   2   28   55   4   3   2  .600  2  1.565  2.97
Boyer,Blaine        25    0  0  27.0   35    9    9   0  1  2   0   11   21   4   3   1  .750  1  1.704  3.00
Romo,Sergio         50    0  0  49.2   43   22   17   8  2  2   2   15   41   3   8   3  .727  7  1.168  3.08
Blevins,Jerry*      60    0  0  49.1   39   17   17   5  0  0   0   13   59   2   1   1  .500  0  1.054  3.10
Petit,Yusmeiro      47    8  3 118.2  104   46   43  16  2  2   3   22  129   4   8   2  .800  1  1.062  3.26
Lincecum,Tim        16    5  0  45.0   39   23   20   5  2  5   2   12   37   0   3   0 1.000  0  1.133  4.00
Greinke,Zack        21   21  0 125.1  163   59   56  14  6  0   1   18  117   1  10   5  .667  0  1.444  4.02
Lackey,John         10   10  0  56.1   63   30   26   7  2  2   0   17   50   0   1   6  .143  0  1.420  4.15
Garza,Matt          18   17  0 100.2  115   55   49   6  5  7   3   39   77   0   5   5  .500  0  1.530  4.38
Lyons,Tyler*        13    0  0  18.0   19    9    9   4  0  0   2    4   19   2   0   0  .000  0  1.278  4.50
Ryu,Hyun-jin*       24   24  1 134.2  169   75   68   8  3  4   2   25  124   0   6   6  .500  0  1.441  4.54
Floyd,Gavin          4    4  0  23.1   25   12   12   2  1  0   0    8   23   0   1   2  .333  0  1.414  4.63
Burnett,A.J.        12   12  0  69.2   84   40   36   8  5  1   2   24   47   0   4   3  .571  0  1.550  4.65
Rasmus,Cory         11    1  0  15.2   18    9    9   1  0  1   0   11   16   0   0   1  .000  0  1.851  5.17
Reed,Addison        53    0  0  58.0   57   34   34   9  1  2   2   15   74   5   7   6  .538 12  1.241  5.28
Atchison,Scott      15    0  0  12.2   17    8    8   0  0  0   0    5   10   3   1   0 1.000  0  1.737  5.68
Kendrick,Kyle        9    7  0  35.0   53   32   31   4  3  1   2   13   23   1   1   3  .250  0  1.886  7.97
                   152  152  9  1376 1416  619  570 120 45 37  30  370 1299  36  92  60  .605 41  1.298  3.73




Incarnations         G   AB    H  2B  3B  HR   TB    R  RBI   BB    K  IB SH SF  SB CS   Avg    OB   Slg   OPS
Revere,Ben*        134  586  176  10   2   1  193   70   30   15   43   2  2  2  77 21  .300  .320  .329  .649
Solarte,Yangervi    55  172   49  12   1   3   72   23   25   16   25   0  3  0   0  0  .285  .353  .419  .772
Morneau,Justin*    130  477  136  25   2  20  225   52   72   30   59   6  0  4   0  1  .285  .333  .472  .805
Peralta,David*     104  312   84   8   6   7  125   35   30    8   47   0  2  0   7  3  .269  .290  .401  .691
McGehee,Casey      116  443  117  27   0   0  144   44   27   42   72   2  0  2   5  3  .264  .328  .325  .653
Weeks,Rickie        97  198   51  13   3   3   79   22   23   15   57   3  0  2   2  2  .258  .317  .399  .716
Ruggiano,Justin    100  206   51   9   0   3   69   15   18   11   64   1  0  2   1  3  .248  .299  .335  .634
Ishikawa,Travis*    91   93   23   5   1   2   36    7    5   10   22   0  0  0   0  0  .247  .327  .387  .714
Blackmon,Charlie   146  564  139  21   1  16  210   64   61   30   98   2  6  1  37 14  .246  .291  .372  .663
Stubbs,Drew         74  192   44   7   1   5   68   21   19   10   77   2  0  0   5  3  .229  .267  .354  .621
Van Slyke,Scott     82  160   36   8   0   3   53   22   13   19   65   2  0  1   3  2  .225  .317  .331  .648
Ramos,Wilson        92  306   62  13   0  11  108   23   26   19   53   8  0  2   0  0  .203  .248  .353  .601
Culberson,Charli    24   20    4   2   0   0    6    2    1    1    9   0  0  0   0  0  .200  .273  .300  .573
Desmond,Ian        152  551  109  13   5  26  210   56   81   37  214   0  0  5  22  4  .198  .257  .381  .638
Cabrera,Asdrubal   114  403   76  11   2  10  121   34   42   29   63   1  0  0  12  3  .189  .248  .300  .548
Ellis,A.J.          73  221   39   6   0   2   51   16   13   32   49   0  1  0   0  0  .176  .297  .231  .528
                   152 5189 1224 195  24 113 1806  515  489  330 1148  29 51 22 171 59  .236  .287  .348  .635

Incarnations         G   GS CG    IP    H    R   ER  HR SH SF  HP   BB    K  IB   W   L   Pct Sv   WHIP   ERA
Gutierrez,Juan       6    0  0   5.0    3    0    0   0  0  0   0    1    1   0   1   0 1.000  0   .800  0.00
Kimbrel,Craig       29    0  0  29.2   15    5    4   2  0  0   0   11   37   1   2   2  .500 19   .876  1.21
Hawkins,LaTroy      30    0  0  24.1   13    4    4   1  2  1   0    7   15   1   1   0 1.000  9   .822  1.48
Salas,Fernando      53    0  0  54.1   42   14   14   3  0  0   1   14   58   3   4   2  .667  0  1.031  2.32
Atchison,Scott      49    0  0  40.2   34   11   11   2  1  1   0    7   30   4   6   3  .667  0  1.008  2.43
Duke,Zach*          50    0  0  37.1   34   11   11   1  0  1   0   12   47   1   3   1  .750  0  1.232  2.65
Volquez,Edinson     11   11  0  65.1   55   27   21   2  8  1   3   37   47   0   2   3  .400  0  1.408  2.89
De Fratus,Justin    49    0  0  45.0   47   18   15   5  3  2   3   10   41   2   0   2  .000  0  1.267  3.00
Collmenter,Josh     37   23  3 169.1  151   59   57  18  4  4   1   30  119   2   4  11  .267  0  1.069  3.03
Jansen,Kenley       14    0  0  13.1   13    5    5   1  0  0   0    3   19   1   2   0 1.000  5  1.200  3.38
Hamels,Cole*        22   22  0 134.2  119   53   52  10  4  6   5   52  114   1   7   8  .467  0  1.270  3.48
Eovaldi,Nathan      27   27  1 169.1  171   76   69  12  9  2   7   33  114   1   6  10  .375  0  1.205  3.67
Hale,David          43    5  0  82.1   99   38   35   5  5  2   4   43   32   1   3   4  .429  2  1.725  3.83
Kennedy,Ian         28   28  0 172.1  162   86   79  24  7  3   3   56  175   2   6  12  .333  0  1.265  4.13
Gallardo,Yovani     32   32  1 196.2  192  100   92  18  8  2   6   52  159   1  11  15  .423  0  1.241  4.21
Perez,Oliver*       62    0  0  48.1   50   25   25   3  3  1   7   21   61   9   2   6  .250  0  1.469  4.66
Matsuzaka,Daisuk    27    4  0  48.1   42   28   28   5  0  3   1   28   65   1   2   4  .333  0  1.448  5.21
Grilli,Jason        26    0  0  21.2   30   17   17   2  0  0   3   13   17   3   0   4  .000  1  1.985  7.06
Boyer,Blaine        12    0  0  11.1   13    9    9   3  1  1   0    5    9   1   0   3  .000  0  1.588  7.15
                   152  152  5  1369 1285  586  548 117 55 30  44  435 1160  35  62  90  .408 36  1.256  3.60



Dou's Crew           G   AB    H  2B  3B  HR   TB    R  RBI   BB    K  IB SH SF  SB CS   Avg    OB   Slg   OPS
Howard,Ryan*        10    6    3   1   0   1    7    1    2    2    1   0  0  0   0  0  .500  .625 1.167 1.792
Uribe,Juan         102  398  136  31   0   7  188   38   57   17   86   4  0  1   0  1  .342  .369  .472  .841
Ynoa,Rafael#        43   59   19   7   0   0   26    5    7    7   10   2  0  0   0  0  .322  .394  .441  .835
Cuddyer,Michael     49  111   35  11   0   7   67   17   24    4   16   1  0  0   0  0  .315  .339  .604  .943
Gomez,Carlos       144  606  180  32   7  23  295  102   69   44  147   1  0  3  51 11  .297  .360  .487  .847
Kendrick,Howie     148  630  184  30   5   6  242   86   48   35  140   4  0  4  22  8  .292  .330  .384  .714
Pollock,A.J.        84  276   78  17   7  14  151   39   52   14   46   2  0  3  14  6  .283  .316  .547  .863
Gonzalez,Adrian*   143  561  159  27   0  21  249   72   82   41  113   2  0  2   0  1  .283  .337  .444  .781
Freese,David        62  154   42  14   1   3   67   19   19   14   38   2  0  0   0  2  .273  .337  .435  .772
Upton,Justin       150  594  161  32   2  31  290   89  101   51  187   3  0  7   8  6  .271  .328  .488  .816
Nieves,Wil          27  100   27   6   0   0   33    4   10    2   32   1  0  1   0  0  .270  .282  .330  .612
Bonifacio,Emilio    27   62   16   4   0   0   20    7    1    4   17   0  1  0   3  1  .258  .303  .323  .626
Byrd,Marlon         80  289   74  14   0   7  109   25   32   15  106   1  0  3   0  0  .256  .297  .377  .674
Maybin,Cameron      34   53   12   3   0   0   15    3    5    6   14   0  0  0   0  0  .226  .305  .283  .588
Iannetta,Chris      75  252   57  17   1   4   88   25   15   31   84   1  0  1   0  0  .226  .315  .349  .664
Lobaton,Jose#       31  120   26   8   0   1   37   10    6    8   38   0  0  0   0  0  .217  .266  .308  .574
McCann,Brian*       33  107   23   3   0   2   32   10   10    7   20   0  0  0   0  0  .215  .270  .299  .569
Simmons,Andrelto   140  488  100  14   3   6  138   41   40   25   60   3  0  1   1  1  .205  .243  .283  .526
Gonzalez,Carlos*    56   55   10   3   0   2   19    3    6    1   16   1  0  0   0  0  .182  .196  .345  .541
Galvis,Freddy#     100  113   18   2   1   3   31   10    4    9   40   0  0  1   0  0  .159  .220  .274  .494
Brown,Domonic*       5    5    0   0   0   0    0    0    0    0    2   0  0  0   0  0  .000  .000  .000  .000
                   152 5335 1386 278  27 138 2132  621  600  344 1336  28 34 29  99 37  .260  .308  .400  .707

Dou's Crew           G   GS CG    IP    H    R   ER  HR SH SF  HP   BB    K  IB   W   L   Pct Sv   WHIP   ERA
Papelbon,Jonatha    56    0  0  57.2   36   13   12   4  0  0   4    3   47   2   4   2  .667 42   .676  1.87
Lopez,Javier*       28    0  0  18.2   12    4    4   0  1  0   0    6   12   1   0   0  .000  1   .964  1.93
League,Brandon      56    0  0  55.0   65   18   14   1  3  2   2   25   29   5   4   6  .400  0  1.636  2.29
Nuno,Vidal*          5    4  0  26.1   17   10    7   3  1  0   2    5   18   0   2   1  .667  0   .835  2.39
Strasburg,Stephe    11   11  0  69.0   52   20   19   7  2  1   1   14   71   0   2   1  .667  0   .957  2.48
Teheran,Julio       29   29  2 208.1  152   61   59  18  5  4   2   45  154   3  15   7  .682  0   .946  2.55
Clippard,Tyler      76    0  0  66.0   45   19   19   4  2  1   0   24   67   8   3   4  .429  0  1.045  2.59
Peavy,Jake          31   30  0 186.0  142   69   67  23  8  4   8   58  142   2  15   7  .682  0  1.075  3.24
Wilson,C.J.*        16   16  1  89.0   72   35   34   6  1  3   5   45   73   0   6   3  .667  0  1.315  3.44
Machi,Jean          17    0  0  15.1    7    6    6   2  0  2   0    7   13   3   0   1  .000  0   .913  3.52
Cosart,Jarred       25   25  0 145.0  143   64   57   4 10  5   6   59   94   0   9  10  .474  0  1.393  3.54
Hernandez,Robert    15   12  0  71.1   63   30   29   4  2  5   3   33   29   0   7   2  .778  0  1.346  3.66
Kintzler,Brandon    32    0  0  28.2   28   12   12   2  1  2   1    7   10   0   2   1  .667  0  1.221  3.77
Shoemaker,Matt      12   10  0  60.1   64   29   27   5  2  1   2    3   61   0   3   2  .600  0  1.110  4.03
Mejia,Jenrry        52    1  0  48.1   43   23   23   6  1  1   2   30   54   4   2   2  .500  3  1.510  4.28
Lyles,Jordan        14   14  0  82.0   85   41   41   8  4  1   4   27   45   0   3   6  .333  0  1.366  4.50
Maness,Seth         73    0  0  70.0   97   40   36   9  3  0   3   20   46   7   6   7  .462  1  1.671  4.63
Dyson,Sam           32    0  0  39.0   44   26   24   5  0  0   2   16   34   0   1   0 1.000  0  1.538  5.54
Varvaro,Anthony     13    0  0  10.2    8    7    7   3  0  0   0    2   10   0   1   0 1.000  0   .938  5.91
Freeman,Sam*        36    0  0  34.0   40   24   24   5  0  1   0   18   31   0   0   2  .000  0  1.706  6.35
Dunn,Mike*          15    0  0  12.0   15   11   11   1  0  0   1    6   13   3   1   2  .333  0  1.750  8.25
                   152  152  3  1392 1230  562  532 120 46 33  48  453 1053  38  86  66  .566 47  1.209  3.44



Morgen Grinders      G   AB    H  2B  3B  HR   TB    R  RBI   BB    K  IB SH SF  SB CS   Avg    OB   Slg   OPS
Panik,Joe*         131  276  104   9   4   4  133   38   30   18   28   1  0  0   0  0  .377  .415  .482  .897
Baker,Jeff          15   24    9   2   0   1   14    6    5    2    4   0  0  0   0  0  .375  .444  .583 1.027
Wright,David        39   89   31  10   0   1   44   10   16    9   18   0  0  0   1  2  .348  .408  .494  .902
Posey,Buster        99  378  119  22   0  15  186   46   61   31   51   5  0  7   0  0  .315  .367  .492  .859
Grandal,Yasmani#    47  160   50   9   1  12   97   28   30   15   46   0  0  2   0  0  .313  .367  .606  .973
Owings,Chris        70  129   40  11   0   3   60   16   21    8   32   3  1  0   2  0  .310  .350  .465  .815
den Dekker,Matt*    59  158   48   8   0   0   56   23   12   27   31   2  0  0  19  8  .304  .405  .354  .759
Green,Grant         32   35   10   2   0   0   12    3    3    1    7   1  0  1   0  2  .286  .297  .343  .640
Flores,Wilmer       70  187   49  10   0   4   71   23   15    6   19   0  1  1   0  0  .262  .284  .380  .664
Jay,Jon*            60  233   61   8   1   0   71   26   15   15   38   1  2  0   4  3  .262  .323  .305  .628
Asche,Cody*        124  425  110  20   1   8  156   41   46   29  104   1  1  1   0  0  .259  .305  .367  .672
Gennett,Scooter*    76  255   65  17   1   4   96   28   23   11   32   0 12  2   9  1  .255  .284  .376  .660
Campbell,Eric       35   75   19   5   0   1   27    7    7    4   24   0  0  0   0  1  .253  .291  .360  .651
Calhoun,Kole*      139  522  132  32   3  10  200   57   69   36  100   2  1  7   6  8  .253  .299  .383  .682
Bour,Justin*        58   77   19   3   0   0   22   11    5   13   20   0  0  1   0  0  .247  .352  .286  .638
Aybar,Erick#       147  499  122  15   1   1  142   51   37   32   54   8  1  0  13  4  .244  .297  .285  .582
Davis,Khris        140  514  124  38   2  23  235   57   73   29  130   0  0  5   2  1  .241  .291  .457  .748
Blanco,Gregor*      60  215   51   9   2   3   73   27   17   25   41   1  4  1  14  5  .237  .324  .340  .664
d'Arnaud,Travis     76  244   52   9   1  10   93   22   26   15   36   2  0  2   0  0  .213  .260  .381  .641
Belt,Brandon*       66  223   47   1   2  12   88   27   27   14   67   1  0  0   1  2  .211  .261  .395  .656
Butera,Drew         43   52   10   2   0   2   18    6    4    3   12   0  0  1   0  0  .192  .246  .346  .592
Upton,B.J.          72   98   13   2   1   1   20   20    7   10   38   1  0  0   4  1  .133  .213  .204  .417
Navarro,Efren*       6    3    0   0   0   0    0    0    1    0    0   0  0  0   0  0  .000  .000  .000  .000
                   152 5187 1334 248  20 124 1994  597  575  364 1064  29 60 32  76 38  .257  .308  .384  .693

Morgen Grinders      G   GS CG    IP    H    R   ER  HR SH SF  HP   BB    K  IB   W   L   Pct Sv   WHIP   ERA
Varvaro,Anthony     35    0  0  28.1   28    5    5   0  1  1   0    7   22   3   3   0 1.000  1  1.235  1.59
Ramos,A.J.          71    0  0  67.1   47   16   15   1  3  1   5   30   79   5   2   2  .500  1  1.144  2.00
Qualls,Chad         54    0  0  54.0   48   15   14   3  1  0   3    6   43   2   5   6  .455 29  1.000  2.33
Kahnle,Tommy        61    0  0  68.2   49   24   21   6  3  2   0   43   66  13   4   6  .400  3  1.340  2.75
Delgado,Randall     31   10  0  83.2   78   30   26   5  5  0   3   24   93   2   0   4  .000  0  1.219  2.80
Strasburg,Stephe    21   21  0 126.1  114   48   44  15  6  2   3   25  147   1   4   5  .444  0  1.100  3.13
Shoemaker,Matt      14   14  0  78.0   69   30   28   7  3  1   0   16   67   1   4   4  .500  0  1.090  3.23
Williams,Jerome     19    0  0  25.0   26    9    9   0  0  0   0    8   16   1   0   1  .000  1  1.360  3.24
Flande,Yohan*       10    9  0  53.1   47   25   23   4  4  0   2   19   28   0   4   3  .571  0  1.238  3.88
Vargas,Jason*       26   26  0 161.0  178   75   70  17  8  2   9   34  114   2   7   9  .438  0  1.317  3.91
Wilson,C.J.*         2    2  0   9.0    8    6    4   1  3  2   1    8    8   0   0   1  .000  0  1.778  4.00
Bumgarner,Madiso    32   32  0 212.2  226  103   95  30  8  4   4   36  208   1  15  11  .577  0  1.232  4.02
Jepsen,Kevin        76    0  0  60.1   40   29   27   2  1  0   2   29   71   9   3   4  .429  6  1.144  4.03
Santana,Ervin       27   27  0 160.2  179   82   80  10  8  7   4   40  164   0  10   9  .526  0  1.363  4.48
Affeldt,Jeremy*     33    0  0  27.2   27   14   14   0  0  0   3    8   13   2   2   4  .333  2  1.265  4.55
Vogelsong,Ryan      11   11  0  65.0   68   35   33  11  2  1   3   23   63   0   4   6  .400  0  1.400  4.57
Ziegler,Brad        38    0  0  19.1   19   13   12   0  0  2   0    8   12   2   0   1  .000  1  1.397  5.59
Marshall,Evan       50    0  0  45.1   58   32   30   2  3  2   1   30   56   4   2   3  .400  0  1.941  5.96
Lopez,Javier*       18    0  0  11.2   16    9    8   1  0  1   0    6    9   1   1   3  .250  0  1.886  6.17
                   152  152  0  1357 1325  600  558 115 59 28  43  400 1279  49  70  82  .461 44  1.271  3.70



Skramalonians        G   AB    H  2B  3B  HR   TB    R  RBI   BB    K  IB SH SF  SB CS   Avg    OB   Slg   OPS
Young,Eric#         10   38   12   1   0   0   13   10    2    4    3   0  0  1  10  2  .316  .372  .342  .714
Gattis,Evan         96  360  112  15   1  11  162   31   37   18  106   5  0  2   0  0  .311  .354  .450  .804
Ramirez,Aramis     137  521  155  25   3  19  243   54   85   19   70   3  0  4   0  0  .298  .339  .466  .805
Heyward,Jason*     114  442  131  17   5   5  173   73   48   60   76   1  0  5  27  3  .296  .380  .391  .771
Gordon,Dee*        142  641  187  16   8   7  240   95   52   35  115   3  0  4  68 24  .292  .329  .374  .703
Span,Denard*       130  502  140  24   3   6  188   60   54   53   54   7  2  2  27  9  .279  .346  .375  .721
Freeman,Freddie*   152  601  167  42   4  11  250   87   89   72  161   0  0 10   0  4  .278  .357  .416  .773
Dickerson,Corey*   118  450  120  24   3  22  216   57   79   50  105  11  0  6   5  5  .267  .337  .480  .817
Segura,Jean        125  419  107   9   1   3  127   32   33   19   69   4  4  0  14  9  .255  .296  .303  .599
Arias,Joaquin       93  169   43   2   0   0   45   14   12    7   22   2  0  0   0  1  .254  .284  .266  .550
Fowler,Dexter#      89  285   70  13   3   7  110   36   42   52   67   3  2  3   9  7  .246  .363  .386  .749
Jones,Garrett*      14   13    3   1   0   0    4    1    3    0    5   0  0  0   0  0  .231  .231  .308  .539
Herrera,Elian#     118  129   29   2   0   0   31   15    9    4   37   0  0  0   4  1  .225  .248  .240  .488
Gosselin,Phil      102  122   25   2   0   2   33   11   18    2   30   0  0  2   0  0  .205  .227  .270  .497
Pierzynski,A.J.*    78  217   44   3   0   4   59   16   18   13   40   3  0  1   0  0  .203  .260  .272  .532
Ruf,Darin           87   89   18   8   0   2   32   13    8    4   30   0  0  0   0  0  .202  .237  .360  .597
Hill,Aaron          10   31    6   1   0   2   13    5    5    8    8   0  0  1   0  0  .194  .350  .419  .769
Bethancourt,Chri    28   37    5   0   0   0    5    0    2    1   16   0  0  1   0  0  .135  .233  .135  .368
                   152 5382 1429 214  31 101 2008  636  604  429 1135  42 40 42 164 65  .266  .324  .373  .697

Skramalonians        G   GS CG    IP    H    R   ER  HR SH SF  HP   BB    K  IB   W   L   Pct Sv   WHIP   ERA
Belisle,Matt         1    0  0   2.0    1    0    0   0  0  0   0    0    0   0   0   0  .000  0   .500  0.00
Carlyle,Buddy       22    0  0  28.0   24    5    5   3  1  0   0    6   22   2   1   0 1.000  0  1.071  1.61
Morin,Mike          70    0  0  61.0   58   19   15   4  0  1   5   18   60   5   3   3  .500  3  1.246  2.21
Walden,Jordan       61    0  0  54.0   30   15   14   2  0  1   0   31   58   4   5   1  .833  0  1.130  2.33
Buchanan,David      15   15  0  91.0   87   28   25   8  5  0   4   22   53   0   7   1  .875  0  1.198  2.47
Soriano,Rafael      65    0  0  65.0   55   25   21   2  0  3   1   23   66   5   3   5  .375 33  1.200  2.91
Alvarez,Henderso    31   31  1 203.1  243   92   84  21 13  2   9   45  108   4  10  14  .417  0  1.416  3.72
Zimmermann,Jorda    32   32  0 212.1  209   96   88  26  9  2   6   32  211   2  11  10  .524  0  1.135  3.73
Beckett,Josh        18   18  0 107.1   96   49   45  17  6  5   6   29   98   1   6   5  .545  0  1.165  3.77
Stammen,Craig       61    0  0  76.1   99   46   40   7  0  1   2   14   66   1   1   4  .200  0  1.480  4.72
Thornton,Matt*      48    0  0  38.0   38   22   20   0  1  1   5   19   29   5   3   4  .429  0  1.500  4.74
Colon,Bartolo       29   29  4 172.2  208  103   95  32 10  1   4   29  128   4  12  10  .545  0  1.373  4.95
Hand,Brad*          35    0  0  54.1   47   30   30  11  0  2   0   17   47   2   2   1  .667  3  1.178  4.97
Haren,Dan           27   27  0 156.2  192   96   94  21  6  5   6   28  118   1   8  11  .421  0  1.404  5.40
Morris,Bryan        62    0  0  62.0   81   51   50  12  4  2   2   40   46   8   3   8  .273  1  1.952  7.26
                   152  152  5  1384 1468  677  626 166 55 26  50  353 1110  44  75  77  .493 40  1.316  4.07



B-Rads               G   AB    H  2B  3B  HR   TB    R  RBI   BB    K  IB SH SF  SB CS   Avg    OB   Slg   OPS
Turner,Justin       35  121   42  12   1   1   59   21   11   16   32   4  0  0   4  1  .347  .428  .488  .916
Puig,Yasiel         84  331  111  24  10   9  182   50   29   33   76   5  0  0   4  6  .335  .401  .550  .951
Lagares,Juan       125  432  136  20   3   5  177   55   37   22  101   1  1  1  15  4  .315  .357  .410  .767
Pujols,Albert      152  609  191  48   0  30  329   87  120   32   72   1  0  9   4  2  .314  .351  .540  .891
Descalso,Daniel*    63  131   39   7   0   0   46   24    6   18   16   1  1  0   0  0  .298  .399  .351  .750
Kemp,Matt          120  473  132  21   4  17  212   63   59   45  144   3  0  4   9  4  .279  .339  .448  .787
Trumbo,Mark        111  154   42   5   1   9   76   19   16    6   54   0  0  0   0  0  .273  .309  .494  .803
Ethier,Andre*      137  331   85  12   7   3  120   34   22   19   70   2  1  0   0  2  .257  .307  .363  .670
Crawford,Brandon   125  449  111  22  12   7  178   46   42   56  109   6  2  0   6  3  .247  .332  .396  .728
Colvin,Tyler*       47   57   14   5   0   0   19    5    5    1   23   0  0  0   0  0  .246  .259  .333  .592
Gregorius,Didi*     90  265   62   7   3   6   93   25   40   20   42   2  0  1   0  0  .234  .297  .351  .648
Sandoval,Pablo#     90  326   74  12   2   4  102   27   27   16   55   2  0  2   0  0  .227  .266  .313  .579
Beckham,Gordon     123  412   93  27   0   4  132   34   52   19   89   2  3  5   0  0  .226  .269  .320  .589
Montero,Miguel*    144  481  106  14   1   6  140   42   34   48  104   1  0  3   0  1  .220  .297  .291  .588
Rosario,Wilin       35  106   23   4   1   3   38    9   13    1   10   0  0  3   0  0  .217  .218  .358  .576
Parra,Gerardo*     122  271   57  11   0   2   74   18   21   10   54   2  4  3   4  3  .210  .236  .273  .509
Valdespin,Jordan    45   60   10   0   1   1   15    4    8    1   11   0  3  1   0  0  .167  .177  .250  .427
                   152 5332 1370 255  46 107 2038  577  555  369 1175  32 36 34  46 26  .257  .309  .382  .691

B-Rads               G   GS CG    IP    H    R   ER  HR SH SF  HP   BB    K  IB   W   L   Pct Sv   WHIP   ERA
Kontos,George       24    0  0  23.1   16    8    5   0  0  1   1    7   23   1   1   1  .500  4   .986  1.93
Richards,Garrett    18   18  0 112.2   79   31   26   4  8  3   6   32  113   0   6   4  .600  0   .985  2.08
Russell,James*      46    0  0  44.1   36   12   11   3  0  0   3   18   34   3   2   3  .400  1  1.218  2.23
Rasmus,Cory         36    1  0  43.0   38   13   12   6  1  1   0   13   44   4   1   3  .250  2  1.186  2.51
deGrom,Jacob        22   22  0 134.2  115   48   40   3  7  2   3   44  141   2  10   7  .588  0  1.181  2.67
De La Rosa,Jorge    28   28  0 165.2  133   57   54  16  1  2   4   53  133   0   8   9  .471  0  1.123  2.93
Fister,Doug         26   26  2 175.2  151   66   61  16  6  3   7   26  109   2  12   7  .632  0  1.008  3.13
Fernandez,Jose      10   10  0  58.0   51   28   24   7  2  1   0   16   66   1   2   6  .250  0  1.155  3.72
Lyons,Tyler*        17    0  0  21.0   20   13    9   5  0  1   0    7   16   0   1   0 1.000  1  1.286  3.86
Howell,J.P.*        66    0  0  45.2   38   20   20   1  1  2   1   25   43   0   0   4  .000  4  1.380  3.94
De La Rosa,Eury*    26    0  0  31.2   35   14   14   3  0  0   3    8   27   2   5   3  .625  1  1.358  3.98
Barrett,Aaron       56    0  0  43.2   41   20   20   1  0  2   1   24   53   5   3   4  .429  2  1.489  4.12
Lackey,John         13   13  1  79.0   88   41   39  12  1  3   1    8   59   1   6   2  .750  0  1.215  4.44
Floyd,Gavin          2    2  0  10.0   11    5    5   2  1  0   1    3   11   0   0   2  .000  0  1.400  4.50
McCarthy,Brandon     5    5  0  30.0   33   16   15   3  1  0   0    3   30   0   2   2  .500  0  1.200  4.50
Thayer,Dale         70    0  0  60.1   59   39   32  12  3  4   1   27   59   9   1   3  .250  4  1.425  4.77
Cishek,Steve        43    0  0  46.0   47   27   25   2  0  2   1   21   65   3   2   7  .222 25  1.478  4.89
Miley,Wade*         25   25  0 137.2  153   78   76  15  8  0   4   61  133   1   6  10  .375  0  1.554  4.97
Black,Vic           40    0  0  36.0   33   22   20   3  2  1   2   15   27   3   3   3  .500  2  1.333  5.00
Martinez,Carlos     46    2  0  73.2   95   53   49  10  1  0   3   27   71   0   0   1  .000  2  1.656  5.99
                   152  152  3  1372 1272  611  557 124 43 28  42  438 1257  37  71  81  .467 48  1.246  3.65



Co Operators         G   AB    H  2B  3B  HR   TB    R  RBI   BB    K  IB SH SF  SB CS   Avg    OB   Slg   OPS
Cabrera,Everth#     63   91   32   3   0   1   38   14   11    8   12   0  1  0   6  2  .352  .404  .418  .822
Yelich,Christian   136  563  184  34   5  16  276   94   60   70  129   1  0  1  23 10  .327  .402  .490  .892
Adams,Matt*        138  455  146  31   3  12  219   60   66   17   82   3  0  7   3  2  .321  .346  .481  .827
Wright,David        20   43   13   4   0   1   20    7    7    1    8   0  0  0   0  0  .302  .318  .465  .783
Posey,Buster        53  209   63  11   0   6   92   26   35   12   31   1  0  3   0  0  .301  .335  .440  .775
Rutledge,Josh      102  163   49   6   5   1   68   12   14   13   48   1  4  0   2  2  .301  .356  .417  .773
Trout,Mike         143  561  163  42  10  27  306   98   81   68  183   8  0  3  15  4  .291  .374  .545  .919
Solano,Donovan     116  301   85  11   0   4  108   21   24   22   64   0 10  0   1  2  .282  .341  .359  .700
Hechavarria,Adei   132  443  124  17   1   0  143   29   27   27   74   5  1  0   5  4  .280  .323  .323  .646
Werth,Jayson       136  528  133  38   1   9  200   60   69   63  117   7  0  1  11  2  .252  .334  .379  .713
Sizemore,Grady*     48   68   17   0   0   1   20    7    8    6   13   1  0  2   0  0  .250  .303  .294  .597
Rivera,Rene         80  181   43  13   0   5   71   13   25   13   48   2  1  2   0  0  .238  .289  .392  .681
Brignac,Reid*       20   39    9   1   1   0   12    3    4    1   13   0  0  0   1  0  .231  .250  .308  .558
Medica,Tommy        26   44   10   2   0   3   21    8    5    4   13   1  0  0   0  0  .227  .292  .477  .769
Pennington,Cliff   115  181   41   4   4   2   59   18   14   24   40   2  0  0   6  1  .227  .317  .326  .643
Baker,Jeff          39   58   13   4   1   1   22    8    5    4   17   0  0  0   0  0  .224  .297  .379  .676
Headley,Chase#     143  489  106  19   3  11  164   46   51   51  148   1  0  1   7  4  .217  .299  .335  .634
Grandal,Yasmani#    91  260   56  14   1   8   96   26   42   27   78   2  0  4   0  0  .215  .285  .369  .654
Granderson,Curti   135  217   45   5   3   5   71   30   18   29   57   0  0  2   4  1  .207  .298  .327  .625
Susac,Andrew        31   45    8   1   0   4   21    5    6    8   14   0  0  0   0  0  .178  .302  .467  .769
Gyorko,Jedd         10   13    1   0   0   0    1    1    0    1    3   0  0  0   0  0  .077  .143  .077  .220
                   152 5259 1370 263  38 117 2060  603  584  474 1316  35 57 27  84 34  .261  .324  .392  .716

Co Operators         G   GS CG    IP    H    R   ER  HR SH SF  HP   BB    K  IB   W   L   Pct Sv   WHIP   ERA
Casilla,Santiago    53    0  0  52.0   25    8    8   2  2  0   3   16   42   0   5   3  .625 39   .788  1.38
Fiers,Mike           6    6  0  32.2   27   10    8   2  0  2   0    9   35   0   3   0 1.000  0  1.102  2.20
Wainwright,Adam     30   30  3 209.1  172   54   52   7  7  5  10   49  182   3  14   9  .609  0  1.056  2.24
Storen,Drew         57    0  0  54.1   47   17   15   1  1  1   4   17   42  12   4   3  .571  4  1.178  2.48
Diekman,Jake*       26    0  0  24.2   22    7    7   1  2  1   0   11   37   1   1   1  .500  0  1.338  2.55
Rosenthal,Trevor    33    0  0  31.0   29    9    9   3  2  1   0   22   29   5   6   1  .857  0  1.645  2.61
Bastardo,Antonio    65    0  0  60.1   42   18   18   6  0  2   3   30   70   3   5   2  .714  0  1.193  2.69
Shaw,Bryan          78    0  0  75.0   75   28   24   2  1  1   3   24   53   5   3   3  .500  0  1.320  2.88
Wacha,Michael       17   17  0  98.2   91   35   32   4  3  4   3   21   91   0   4   6  .400  0  1.135  2.92
Familia,Jeurys      46    0  0  42.0   40   14   14   3  1  0   0   25   39   4   2   1  .667  0  1.548  3.00
Santiago,Hector*    36    1  0  47.1   54   19   17   1  3  0   1   24   31   1   3   1  .750  1  1.648  3.23
Roark,Tanner        28   28  1 183.2  170   74   68  11  5  3   3   44  106   0  16   8  .667  0  1.165  3.33
Hudson,Tim          25   25  1 166.1  174   65   63  13  7  1   7   23  107   3   7  11  .389  0  1.184  3.41
Wheeler,Zack        29   29  0 167.2  152   73   67   8  5  5  11   50  168   1  10   6  .625  0  1.205  3.60
Smith,Joe           29    0  0  29.0   20   14   13   3  2  0   5   10   20   5   1   2  .333  3  1.034  4.03
Skaggs,Tyler*       15   15  0  83.1  103   50   48   5  3  3   2   25   73   0   4   5  .444  0  1.536  5.18
Gonzales,Marco*      6    0  0   9.1   11    6    6   1  0  1   1    5    6   0   0   1  .000  0  1.714  5.79
Nelson,Jimmy         1    1  0   3.2    5    5    5   1  0  0   1    2    5   0   0   1  .000  0  1.909 12.27
                   152  152  5  1370 1259  506  474  74 44 30  57  407 1136  43  88  64  .579 47  1.216  3.11



Fentonators          G   AB    H  2B  3B  HR   TB    R  RBI   BB    K  IB SH SF  SB CS   Avg    OB   Slg   OPS
Bonifacio,Emilio    89  231   76  17   2   1  100   38   17   18   45   1  3  0  16  6  .329  .378  .433  .811
Harper,Bryce*      133  338  101   8   1  15  156   35   45   37   97   0  0  1   3  0  .299  .369  .462  .831
Morse,Michael      128  456  133  34   2  14  213   47   54   25  123   4  0  1   0  0  .292  .339  .467  .806
Lobaton,Jose#        4   14    4   0   0   0    4    1    0    0    6   0  0  0   0  0  .286  .286  .286  .572
Johnson,Chris       86  241   68  14   0   4   94   22   33   16   67   4  1  3   1  1  .282  .323  .390  .713
Gwynn Jr.,Tony*     73   54   15   2   0   0   17   11    2   13   15   0  2  0   0  0  .278  .418  .315  .733
LeMahieu,DJ        125  462  127  14   3   4  159   47   34   19   91   2 10  1  16  7  .275  .303  .344  .647
Inciarte,Ender*     39   83   22   3   0   0   25   14    7    3   11   0  0  1   6  1  .265  .287  .301  .588
Peralta,Jhonny     145  564  147  33   2  12  220   58   50   53  113   2  0  4   3  3  .261  .331  .390  .721
Holliday,Matt      143  492  126  26   0  12  188   52   54   53   91   5  0  2   2  1  .256  .338  .382  .720
Amarista,Alexi*     44  135   34   2   2   1   43   17    8   18   25   1  6  1   8  1  .252  .338  .319  .657
Howard,Ryan*        49  149   37   5   0   3   51   11   19   13   39   1  0  2   0  0  .248  .305  .342  .647
Lamb,Jake*          77  102   25   6   0   3   40   10   10    2   24   0  0  1   0  1  .245  .257  .392  .649
Espinosa,Danny#     42  116   28   5   1   4   47   16   22    6   33   1  0  2   2  1  .241  .280  .405  .685
Cowgill,Collin     143  217   50   8   0   2   64   22   19   20   70   0  1  0   1  0  .230  .304  .295  .599
Chavez,Eric*        45   70   16   2   0   3   27    7    5   14   16   0  0  0   0  0  .229  .357  .386  .743
McCann,Brian*       98  395   89  13   0  12  138   37   57   22   55   3  0  3   0  0  .225  .270  .349  .619
Zimmerman,Ryan      98  172   38  12   1   2   58   21   13   14   39   1  0  1   0  0  .221  .278  .337  .615
Gonzalez,Carlos*    29   82   18   4   3   4   40   10   14    6   19   0  0  3   0  0  .220  .264  .488  .752
Conger,Hank#        31  106   22   5   0   5   42   11   15    4   20   0  0  0   0  0  .208  .243  .396  .639
Ross,Cody           34   54   11   1   0   1   15    6    4    9   11   2  0  0   0  0  .204  .317  .278  .595
Schierholtz,Nate   116  294   56   6   2   4   78   19   25   11   47   0  0  3   5  2  .190  .218  .265  .483
Mathis,Jeff         45  100   19   4   0   1   26    7    4    8   40   4  3  0   0  0  .190  .250  .260  .510
Nelson,Chris         5    5    0   0   0   0    0    0    0    0    1   0  0  0   0  0  .000  .000  .000  .000
Perez,Juan           6    9    0   0   0   0    0    0    1    0    5   0  0  0   0  0  .000  .000  .000  .000
                   152 5226 1300 230  19 107 1889  534  524  392 1214  31 64 30  63 24  .249  .304  .361  .665

Fentonators          G   GS CG    IP    H    R   ER  HR SH SF  HP   BB    K  IB   W   L   Pct Sv   WHIP   ERA
Fiers,Mike          30    0  0  25.0   22    5    4   1  0  0   0    6   22   1   0   1  .000  0  1.120  1.44
Smith,Joe           36    0  0  40.0   22    7    7   4  0  0   2    4   33   0   0   2  .000 21   .650  1.58
Machi,Jean          51    0  0  45.2   34   13   13   4  1  1   1   17   33   3   6   2  .750  0  1.117  2.56
Kershaw,Clayton*    18   18  3 131.0  112   43   41  10  4  5   2   24  155   0   5   8  .385  0  1.038  2.82
Rodriguez,Franci    55    0  0  55.0   57   23   21  11  0  1   0   17   59   3   4   6  .400 17  1.345  3.44
Familia,Jeurys      14    0  0  12.0   14    6    5   0  0  0   0    7    6   3   1   0 1.000  1  1.750  3.75
Hahn,Jesse          51    3  0  65.2   67   32   30   3  4  2   5   33   63   5   4   0 1.000  2  1.523  4.11
Weaver,Jered        32   32  1 197.2  191  102   93  27 10  9   7   48  161   0   8  12  .400  0  1.209  4.23
Gee,Dillon          17   17  0  95.1   97   50   45   7  4  1   6   32   82   0   5   6  .455  0  1.353  4.25
Dunn,Mike*          14    0  0  12.1   12    6    6   0  0  1   1    2   10   0   1   1  .500  0  1.135  4.38
Greinke,Zack         8    8  1  51.1   63   26   25   5  3  0   1    6   56   0   3   4  .429  0  1.344  4.38
Jeffress,Jeremy     15    0  0  10.0   13    7    5   1  0  0   2    8    9   1   0   0  .000  0  2.100  4.50
Koehler,Tom         30   30  0 168.1  184   97   90  23  5  3   4   65  139   1   6  13  .316  0  1.479  4.81
Miller,Shelby       31   29  0 171.1  176  100   94  25 14  7   0   72  103   0   7  18  .280  0  1.447  4.94
Cain,Matt           12   12  0  65.2   73   43   41  11  3  2   0   28   63   0   2   5  .286  0  1.538  5.62
Torres,Carlos       70    1  0  96.2  116   77   71  14  0  2   1   54   99   9   3   6  .333  1  1.759  6.61
Estrada,Marco       95    2  0 118.1  158   95   91  20  2  8   2   58   86  10   5   8  .385  0  1.825  6.92
                   152  152  5  1361 1411  732  682 166 50 42  34  481 1179  36  60  92  .395 42  1.390  4.51



Rivercrypts          G   AB    H  2B  3B  HR   TB    R  RBI   BB    K  IB SH SF  SB CS   Avg    OB   Slg   OPS
Adrianza,Ehire#      7   12    6   0   0   0    6    1    1    1    1   0  0  0   0  0  .500  .538  .500 1.038
Turner,Justin       60  186   66   9   1   4   89   21   29   21   38   2  0  1   5  0  .355  .424  .478  .902
Puig,Yasiel         45  175   54  13   1   3   78   22   20   14   34   1  2  0   7  2  .309  .370  .446  .816
Duda,Lucas*        137  487  137  17   1  40  276   79  104   56  129   6  0  6   3  2  .281  .357  .567  .924
Espinosa,Danny#     29   66   18   3   0   3   30   10    9    2   27   0  0  1   2  1  .273  .319  .455  .774
Hamilton,Josh*      67  164   44   9   0   5   68   22   18   15   58   3  0  1   2  1  .268  .342  .415  .757
Ramirez,Hanley     114  414  109  30   1  11  174   68   56   59   82   1  0  6  12  4  .263  .356  .420  .776
Wong,Kolten*        98  282   73   3   1   5   93   33   20    9   40   1  4  1  14  5  .259  .283  .330  .613
Inciarte,Ender*     22   59   15   1   0   0   16    5    4    5   10   1  0  0   3  0  .254  .313  .271  .584
Arenado,Nolan       84  326   82  28   2   5  129   26   31   13   45   2  1  3   2  0  .252  .286  .396  .682
Molina,Yadier      112  405  102  16   0   6  136   29   36   20   58   4  0  5   0  2  .252  .302  .336  .638
Ozuna,Marcell      103  333   82  15   4  11  138   35   41   22  110   2  0  4   0  1  .246  .292  .414  .706
Murphy,Daniel*     124  464  110  14   2   8  152   52   29   30   62   1  0  3  12  5  .237  .282  .328  .610
Amarista,Alexi*     38   77   18   3   0   0   21    9    7    5   13   0  3  1   1  0  .234  .277  .273  .550
Conger,Hank#        58   78   18   4   0   2   28    6    8    2   25   0  1  0   0  0  .231  .268  .359  .627
Lobaton,Jose#       28   92   21   5   0   0   26    8    8   11   34   1  0  2   0  0  .228  .305  .283  .588
Sandoval,Pablo#     43  120   27   4   0   7   52   17   16   11   13   0  0  0   0  0  .225  .290  .433  .723
Smith,Seth*        147  449   98  31   3   9  162   52   45   80   88   5  0  5   0  1  .218  .335  .361  .696
Braun,Ryan         145  487  102  29   3  10  167   44   44   29  131   5  0  3   9  5  .209  .264  .343  .607
Johnson,Chris       19   34    7   3   0   0   10    2    5    2   11   1  0  0   0  0  .206  .250  .294  .544
Venable,Will*       85  108   19   4   1   0   25    7    4   13   26   0  1  1   3  0  .176  .262  .231  .493
Frandsen,Kevin       9   17    3   0   0   0    3    0    0    1    1   0  0  0   0  0  .176  .222  .176  .398
Gosewisch,Tuffy     28   40    6   2   0   0    8    1    0    0    4   0  0  0   0  0  .150  .150  .200  .350
                   152 5160 1256 247  20 129 1930  567  547  432 1168  36 51 46  75 29  .243  .306  .374  .680

Rivercrypts          G   GS CG    IP    H    R   ER  HR SH SF  HP   BB    K  IB   W   L   Pct Sv   WHIP   ERA
Street,Huston       58    0  0  56.1   39   10   10   7  1  1   0    8   58   0   4   3  .571 38   .834  1.60
Quackenbush,Kevi    41    0  0  38.0   32    8    7   1  0  1   1    9   41   3   5   4  .556  2  1.079  1.66
Benoit,Joaquin      54    0  0  51.0   28   10   10   4  0  0   0   16   60   6   2   2  .500  4   .863  1.76
Despaigne,Odrisa     7    7  0  37.1   30   14    9   3  1  1   2   16   30   0   2   3  .400  0  1.232  2.17
Vincent,Nick        51    0  0  50.1   27   13   13   4  1  2   1    8   44   2   4   1  .800  0   .695  2.32
Harang,Aaron        31   31  0 191.2  182   60   56   7  9  6   1   63  156   1  12   9  .571  0  1.278  2.63
Broxton,Jonathan    44    0  0  42.1   41   14   13   4  1  0   2   16   37   1   4   3  .571  0  1.346  2.76
Stauffer,Tim        44    0  0  56.1   56   18   18   4  2  1   1   28   57   2   1   2  .333  3  1.491  2.88
Ross,Tyson          31   31  0 197.0  174   76   68   8 11  1   7   64  197   0   7  12  .368  0  1.208  3.11
Cashner,Andrew      17   17  1 110.0  111   50   43   7  6  2   0   24   89   2   7   7  .500  0  1.227  3.52
Niese,Jonathon*     30   30  0 179.0  204   94   78   9  8  9   4   34  133   1  11   8  .579  0  1.330  3.92
Treinen,Blake       25    1  0  42.2   65   24   20   1  3  1   5   13   18   1   0   1  .000  0  1.828  4.22
Ottavino,Adam       70    0  0  65.1   70   34   31   9  1  3   3   20   67   2   3   3  .500  1  1.378  4.27
Thatcher,Joe*       37    0  0  25.1   41   14   14   1  2  0   1    6   20   2   3   1  .750  0  1.855  4.97
Buehrle,Mark*       32   32  0 186.1  267  110  104  14 15  7   2   36  111   0   8  11  .421  0  1.626  5.02
Smith,Will*         33    0  0  26.1   25   19   18   2  1  0   2   15   38   2   3   4  .429  0  1.519  6.15
Lee,Cliff*           3    3  0  15.1   26   11   11   2  1  0   0    1   14   0   0   2  .000  0  1.761  6.46
                   152  152  1  1370 1418  579  523  87 63 35  32  377 1170  25  76  76  .500 48  1.310  3.43



Coop d'etat          G   AB    H  2B  3B  HR   TB    R  RBI   BB    K  IB SH SF  SB CS   Avg    OB   Slg   OPS
Buck,John            4   14    5   1   0   0    6    3    0    0    2   0  0  0   0  0  .357  .357  .429  .786
Jay,Jon*            29  110   39   7   1   0   48   13    5    5   20   0  0  0   3  4  .355  .383  .436  .819
Crawford,Carl*      96  316  100  14   6   4  138   48   37   24   51   2  0  0  27  4  .316  .376  .437  .813
Figgins,Chone#      65   53   16   5   0   0   21   13    5   16    8   2  0  1   0  0  .302  .465  .396  .861
Goldschmidt,Paul   105  381  109  28   0  17  188   73   75   59  100   8  0  8  11  3  .286  .378  .493  .871
Gennett,Scooter*    38  137   39  12   0   1   54   24   16    3   20   0  2  0   1  1  .285  .300  .394  .694
Campbell,Eric       47   67   19   4   0   0   23    8   10    3   19   0  0  0   0  0  .284  .314  .343  .657
Barney,Darwin       65  108   30   4   3   0   40   12   12   13   20   2  1  0   0  0  .278  .361  .370  .731
Lucroy,Jonathan    147  583  162  46   2  13  251   88   69   59   83   5  0  7   4  4  .278  .343  .431  .774
Pagan,Angel#       106  402  108  21   3   3  144   54   34   21   44   1  1  1  27  7  .269  .306  .358  .664
Cron,C.J.           94  216   58   9   3  13  112   26   43    8   59   1  0  3   0  0  .269  .291  .519  .810
Pence,Hunter       152  597  158  19   9  22  261   65   90   33  144   2  0  3  14 13  .265  .305  .437  .742
Recker,Anthony      38   38   10   3   0   3   22    4   11    4   11   1  1  0   0  0  .263  .349  .579  .928
Rendon,Anthony     147  593  155  34   9  21  270   83   86   50  112   5  2  4  14  7  .261  .321  .455  .776
Pena,Ramiro#        77  125   32   2   0   3   43    8   14    5   32   2  3  1   0  0  .256  .282  .344  .626
Bourjos,Peter      100  226   57   6   4   2   77   23   20   13   57   2  1  0  12  1  .252  .305  .341  .646
Rollins,Jimmy#     133  477  116  22   0  12  174   53   55   56  100   4  0  4  24 12  .243  .322  .365  .687
Abreu,Bobby*        41   52   10   4   0   1   17    5    3    9    3   0  0  0   0  0  .192  .311  .327  .638
Blanco,Gregor*      54  152   28   3   0   1   34   16   11   14   38   2  3  0   6  1  .184  .253  .224  .477
Reynolds,Mark       83  192   34   3   0  13   76   24   27   16   77   0  0  1   2  1  .177  .246  .396  .642
Hernandez,Kike      43   90   14   4   1   3   29    4   11    2   24   0  0  0   0  0  .156  .183  .322  .505
                   152 5214 1326 254  41 132 2058  663  645  421 1147  39 59 36 145 58  .254  .312  .395  .706

Coop d'etat          G   GS CG    IP    H    R   ER  HR SH SF  HP   BB    K  IB   W   L   Pct Sv   WHIP   ERA
Kimbrel,Craig       18    0  0  15.2   11    3    2   0  1  0   0    8   24   1   1   2  .333 11  1.213  1.15
Carpenter,David     60    0  0  55.0   47   10   10   4  2  1   3   16   57   4   3   0 1.000  0  1.145  1.64
Abad,Fernando*      57    0  0  50.1   32   12   11   2  0  1   2   12   41   2   6   2  .750  1   .874  1.97
Jansen,Kenley       46    0  0  43.1   35   10   10   5  0  0   0    9   66   2   2   2  .500 21  1.015  2.08
Giles,Ken           45    0  0  38.1   21    9    9   2  1  1   0   13   49   5   4   4  .500  1   .887  2.11
Hamels,Cole*         9    9  0  57.1   47   18   17   3  3  4   2   16   55   0   5   2  .714  0  1.099  2.67
Hatcher,Chris       53    0  0  57.1   63   20   19   5  1  1   1   10   60   3   4   3  .571  4  1.273  2.98
Affeldt,Jeremy*     32    0  0  31.0   33   11   11   0  0  0   1    8   23   1   1   1  .500  1  1.323  3.19
Nicasio,Juan        49    2  0  78.0   80   34   30   6  0  7   2   17   50   1   2   2  .500  3  1.244  3.46
Lynn,Lance          31   31  1 194.0  186   82   77  20  6  7   8   67  175   1  11   8  .579  0  1.304  3.57
Volquez,Edinson     21   21  0 126.0  115   53   53  13  3  4   5   32  102   0  10   7  .588  0  1.167  3.79
Lohse,Kyle          27   27  0 170.2  187   82   72  17  9  5   4   40  106   0   9   9  .500  0  1.330  3.80
Ziegler,Brad        50    0  0  51.1   49   23   22   3  2  2   2   21   37   4   3   1  .750  0  1.364  3.86
Badenhop,Burke      30    0  0  27.0   36   13   12   3  0  1   1    4    9   0   2   1  .667  2  1.481  4.00
Peralta,Wily        24   24  0 140.1  166   70   67  14  9  2   4   41   92   1   6   9  .400  0  1.475  4.30
Wood,Alex*          26   26  0 143.0  163   76   72  17 10  2   6   49  148   1   5  15  .250  0  1.483  4.53
Matzek,Tyler*       14   12  0  67.0   64   39   36   5  2  5   1   28   55   0   6   4  .600  0  1.373  4.84
Montero,Rafael       4    0  0   3.1    6    2    2   0  0  0   0    2    5   1   0   0  .000  0  2.400  5.40
Frias,Carlos        18    0  0  21.1   29   15   15   3  1  2   0    4   12   0   0   0  .000  0  1.547  6.33
                   152  152  1  1370 1370  582  547 122 50 45  42  397 1166  27  80  72  .526 44  1.290  3.59

