Avery Tards          G   AB    H  2B  3B  HR   TB    R  RBI   BB    K  IB SH SF  SB CS   Avg    OB   Slg    OPS
Pagan,Angel#        38  114   39   6   1   0   47   18    7    7   16   0  0  1   0  2  .342  .377  .412   .789
Span,Denard*        95  251   85  25   0   6  128   43   33   19   29   1  1  2  10  5  .339  .385  .510   .895
Prado,Martin        12   26    8   1   0   2   15    4    5    2    4   0  0  1   0  0  .308  .345  .577   .922
Aoki,Nori*          96  203   62   5   1   4   81   25   19   19   20   0  1  0   7  3  .305  .373  .399   .772
Flores,Wilmer       74  173   51  13   0   8   88   25   25    4   32   0  0  2   0  0  .295  .307  .509   .816
Freeman,Freddie*   120  356  105  28   0  29  220   61   78   51   72   4  0  5   1  1  .295  .390  .618  1.008
Pollock,A.J.       130  522  146  22   4  15  221   65   47   37   82   4  0  6  36 12  .280  .326  .423   .749
Russell,Addison    131  385  106  22   3   9  161   44   44   32  128   2  0  3   2  2  .275  .330  .418   .748
Conforto,Michael    68  179   49  16   1   8   91   21   24   17   40   2  0  4   0  0  .274  .340  .508   .848
Zimmerman,Ryan      70  162   44  11   2   7   80   19   21    6   49   1  0  2   0  0  .272  .294  .494   .788
Markakis,Nick*     111  328   88  24   3   2  124   48   25   32   50   3  0  1   0  0  .268  .336  .378   .714
Grandal,Yasmani#   123  381  101  18   0  20  179   53   63   65  101   3  0  3   0  0  .265  .374  .470   .844
Reyes,Jose#        110  385  101  15   3   7  143   38   32   25   41   4  7  4  18  8  .262  .304  .371   .675
Paulsen,Ben*        19   46   12   2   0   1   17    3    9    1   13   0  0  0   0  0  .261  .277  .370   .647
Coghlan,Chris*     143  439  107  26   2  20  197   77   57   54   92   1  2  4  13  4  .244  .329  .449   .778
Carpenter,Matt*    152  574  139  47   1  41  311   90  108   79  165   2  0  2   3  1  .242  .337  .542   .879
Rosario,Wilin       68  138   33   8   0   2   47   11   16    9   31   3  1  0   0  0  .239  .286  .341   .627
Van Slyke,Scott     76  149   35   9   0   5   59   16   22   23   43   0  0  2   1  1  .235  .333  .396   .729
Espinosa,Danny#    115  377   88  30   0   7  139   38   43   22  112   2  1  6   3  3  .233  .279  .369   .648
Byrd,Marlon        106  357   80  19   3  12  141   35   44   15  119   0  0  3   0  0  .224  .257  .395   .652
Susac,Andrew        44  144   32   5   5   6   65   18   15   13   44   4  0  0   0  0  .222  .291  .451   .742
                   152 5275 1322 312  25 172 2200  662  639  483 1158  35 41 39  75 40  .251  .316  .417  .733

Avery Tards          G   GS CG    IP    H    R   ER  HR SH SF  HP   BB    K  IB   W   L   Pct Sv    WHIP   ERA
Kershaw,Clayton*    34   34  2 225.2  165   69   54  17  8  3   2   42  291   3  15   6  .714  0    .917  2.15
Reed,Addison        27    0  0  25.2   24    8    7   0  0  2   0    6   21   0   0   0  .000  0   1.169  2.45
Benoit,Joaquin      65    0  0  60.0   39   19   18   5  1  4   1   16   54   4   4   2  .667  0    .917  2.70
Grimm,Justin        59    0  0  51.1   31   16   16   7  2  1   4   18   67   4   1   1  .500  0    .955  2.81
Strop,Pedro         74    0  0  67.0   46   23   21   5  3  0   2   26   73  10   2   5  .286  0   1.075  2.82
De La Rosa,Jorge    26   26  0 156.1  117   54   50  15  7  3   2   50  147   1  11   5  .688  0   1.068  2.88
Harvey,Matt         32   32  0 197.0  193   72   67  22 10  1   7   31  199   1   4   3  .571  0   1.137  3.06
Burnett,A.J.        11   11  1  67.2   76   28   25   1  1  5   3   15   53   0   5   2  .714  0   1.345  3.33
Street,Huston       66    0  0  64.1   53   26   24   9  0  0   0   13   57   1   1   3  .250  9   1.026  3.36
Hamels,Cole*        30   30  1 191.1  185   84   77  17  6  3   7   48  195   0  10   6  .625  0   1.218  3.62
Papelbon,Jonatha    65    0  0  68.0   66   29   29   7  1  1   5   12   59   2   4   6  .400  6   1.147  3.84
Miley,Wade*         20   20  1 120.0  101   52   52   6  2  3   5   34   99   0   7   9  .438  0   1.125  3.90
Garcia,Luis         32    0  0  31.1   35   18   15   2  0  2   0   11   25   1   2   1  .667  1   1.468  4.31
Kimbrel,Craig       61    0  0  53.2   39   27   27   9  1  1   0   35   73   6   3   8  .273 21   1.379  4.53
Narveson,Chris*     24    0  0  29.0   30   20   20  11  0  0   0    8   33   1   0   1  .000  0   1.310  6.21
Vogelsong,Ryan      35    2  0  62.0   73   45   44  16  2  3   1   27   45   5   1   4  .200  3   1.613  6.39
                   152  152  5  1388 1180  543  505 129 41 35  33  387 1433  41  82  70  .539 89   1.129  3.27



Incarnations         G   AB    H  2B  3B  HR   TB    R  RBI   BB    K  IB SH SF  SB CS   Avg    OB   Slg    OPS
Murphy,David*       25   72   21   2   0   1   26    6    9    3   10   0  0  0   0  0  .292  .320  .361   .681
Prado,Martin        11   24    7   1   0   0    8    3    5    3    1   0  0  1   0  0  .292  .357  .333   .690
Revere,Ben*        147  607  176  24   6   1  215   84   47   30   57   3  5  1  46 12  .290  .325  .354   .679
Kendrick,Howie     114  442  127  18   3  10  181   47   52   15   84   2  0  2  13  2  .287  .315  .410   .725
Gillespie,Cole      36  100   28   9   1   1   42    7   13    2   15   0  0  0   2  0  .280  .294  .420   .714
Goldschmidt,Paul   151  566  158  25   1  31  278   94   75   89  178  32  0  2  20  8  .279  .376  .491   .867
Giavotella,Johnn    26   86   22   4   1   0   28   10    9    5   11   0  1  1   0  2  .256  .293  .326   .619
Peralta,David*     137  356   89  13   4  16  158   50   51   22   83   5  0  1  11  4  .250  .302  .444   .746
Solarte,Yangervi   139  507  122  21   3  17  200   51   68   29   66   0  1  8   0  0  .241  .285  .394   .679
Peralta,Jhonny     123  404   97  19   0  11  149   33   50   15   84   0  0  4   0  2  .240  .270  .369   .639
Dickerson,Corey*    95   96   23   4   0   6   45   14   12    6   26   0  0  2   0  0  .240  .279  .469   .748
Blackmon,Charlie   148  615  147  17  15  16  242   81   47   42  101   2  3  1  47 20  .239  .296  .393   .689
Rojas,Miguel        79  140   33   5   0   0   38    7    9    6   17   0  4  0   0  1  .236  .267  .271   .538
Moss,Brandon*       64  189   42   8   0   6   68   22   22   24   61   0  0  1   0  0  .222  .312  .360   .672
Saltalamacchia,J    62  160   32  11   0  10   73   19   27   13   45   0  1  1   0  0  .200  .263  .456   .719
Rollins,Jimmy#      54  137   27   4   2   3   44   13   11   11   14   0  0  1   3  4  .197  .255  .321   .576
Perez,Carlos        18   59   11   3   0   0   14    3    1    1   10   0  0  1   0  0  .186  .197  .237   .434
Realmuto,J.T.       37  143   22   5   0   2   33   13    7    8   23   2  0  0   3  1  .154  .204  .231   .435
                   152 5264 1269 204  35 127 1924  564  551  296 1026  33 37 32 132 52  .241  .284  .366  .650

Incarnations         G   GS CG    IP    H    R   ER  HR SH SF  HP   BB    K  IB   W   L   Pct Sv    WHIP   ERA
Torres,Alex*        25    0  0  22.1   12    3    3   0  0  0   1   14   19   0   2   0 1.000  0   1.164  1.21
Jansen,Kenley       51    0  0  55.2   31   12   12   5  0  1   1    7   72   1   2   4  .333 36    .683  1.94
Grilli,Jason        21    0  0  25.0   19    7    6   3  0  0   0   11   42   4   7   1  .875  0   1.200  2.16
Villanueva,Carlo    44    0  0  64.0   50   18   18   3  0  2   4   18   51   0   2   3  .400  3   1.063  2.53
Delgado,Randall     55    0  0  74.1   54   28   23   7  1  4   1   34   90   5   2   3  .400  1   1.184  2.78
Clippard,Tyler      64    0  0  60.2   44   22   22   2  1  0   4   35   56   7   5   1  .833  3   1.302  3.26
Scherzer,Max        31   31  3 208.0  163   80   80  28  3  3   4   22  258   1   7  12  .368  0    .889  3.46
Volquez,Edinson     29   29  0 168.1  166   75   69  11 11  3   9   47  116   2  10  11  .476  0   1.265  3.69
Fiers,Mike          33   31  0 182.0  174   82   80  21 18  3   5   55  187   1  11   9  .550  0   1.258  3.96
Araujo,Elvis*       26    0  0  23.1   19   12   12   3  0  0   0   13   29   1   4   0 1.000  0   1.371  4.63
Anderson,Brett*     28   28  0 167.1  186   89   88  26  4  1   2   43  108   0   9  15  .375  0   1.369  4.73
Gallardo,Yovani     30   30  0 163.2  194   88   86  16  7  4   2   52  113   1   9   9  .500  0   1.503  4.73
Godley,Zack         25    0  0  32.2   30   20   20   6  0  0   6   15   29   1   2   1  .667  1   1.378  5.51
Ramos,Cesar*        52    0  0  29.2   46   19   19   4  0  0   4   15   25   0   0   6  .000  0   2.056  5.76
Collmenter,Josh     42    0  0  74.2   94   48   48  22  1  5   1   16   39   3   1   1  .500  0   1.473  5.79
Neris,Hector        20    0  0  24.0   27   18   18   2  0  1   4   11   24   0   1   0 1.000  0   1.583  6.75
Bolsinger,Mike       3    3  0   9.1   13   12   11   2  0  0   0    6    7   0   0   2  .000  0   2.036 10.61
                   152  152  3  1385 1322  633  615 161 46 27  48  414 1265  27  74  78  .487 82   1.253  4.00



Dou's Crew           G   AB    H  2B  3B  HR   TB    R  RBI   BB    K  IB SH SF  SB CS   Avg    OB   Slg    OPS
Yelich,Christian   121  219   71  20   1   2   99   36   19   25   42   2  0  0   8  7  .324  .396  .452   .848
Maybin,Cameron      37   72   21   2   0   0   23   10    3    6   19   0  0  0   4  0  .292  .354  .319   .673
Galvis,Freddy#     152  556  159  20   5  11  222   53   69   36   94   7  5  5  10  2  .286  .328  .399   .727
Pence,Hunter        80  203   56  11   0  14  109   30   33   12   49   0  0  1   2  2  .276  .315  .537   .852
Soler,Jorge         92  302   80   8   2   5  107   29   23   13  106   1  0  0   2  0  .265  .302  .354   .656
Altherr,Aaron       61  161   41   8   3   4   67   19   19   12   58   1  1  0   6  3  .255  .314  .416   .730
Myers,Wil           99  242   57   9   1   6   86   30   28   23   50   0  0  1   6  1  .236  .309  .355   .664
Upton Jr.,Melvin    89  256   60  16   8   3  101   33   16   19   82   3  2  0  10  5  .234  .287  .395   .682
Gosewisch,Tuffy     35   94   22   2   0   0   24   10    6    5   11   0  0  0   0  1  .234  .280  .255   .535
Francoeur,Jeff      67  203   46   9   1   6   75   17   29   12   53   1  0  3   0  1  .227  .273  .369   .642
Freese,David       123  463  103  24   1   9  156   34   39   28  142   4  0  3   0  0  .222  .271  .337   .608
Ciriaco,Pedro      124  160   35  12   2   1   54   14   10    1   47   0  1  1   0  1  .219  .227  .338   .565
Castillo,Welingt   105  348   75  16   1  18  147   39   46   24  112   5  0  2   0  0  .216  .280  .422   .702
Peterson,Jace*      99  318   61  15   3   1   85   29   24   24   80   0  8  4   8  5  .192  .250  .267   .517
Utley,Chase*       114  323   60  14   0   6   92   25   20   26   47   0  0  1   0  0  .186  .254  .285   .539
Lavarnway,Ryan      33  104   11   0   0   1   14    5    5    9   43   0  0  0   0  0  .106  .177  .135   .312
                   152 5204 1260 253  33 135 1984  546  531  380 1348  32 46 27  81 40  .242  .298  .381  .680

Dou's Crew           G   GS CG    IP    H    R   ER  HR SH SF  HP   BB    K  IB   W   L   Pct Sv    WHIP   ERA
Reed,Addison         6    0  0   5.2    6    1    1   1  0  0   0    1   11   1   0   0  .000  0   1.235  1.59
Fernandez,Jose      12   12  0  71.1   62   21   19   6  0  1   0   15   79   0   0   0  .000  0   1.079  2.40
Conley,Adam*        20   12  0  82.0   87   30   29   6  4  1   4   13   67   0   6   6  .500  0   1.220  3.18
Nola,Aaron          16   14  0  85.2   86   37   36  13  5  1   3   24   60   1   2   4  .333  0   1.284  3.78
Avilan,Luis*        63    0  0  59.1   60   27   25   8  0  2   2   12   61   1   9   5  .643  0   1.213  3.79
Peavy,Jake          19   19  1 118.2  105   54   50  18  2  7   2   24   84   0   4   8  .333  0   1.087  3.79
Vizcaino,Arodys     36    0  0  35.2   31   17   15   1  1  3   0   21   38   6   1   1  .500  4   1.458  3.79
Logan,Boone*        42    0  0  40.1   38   19   19   2  1  0   3   20   45   1   3   1  .750  0   1.438  4.24
Cishek,Steve        57    0  0  59.1   55   30   29   4  2  6   3   33   53   2   1   2  .333  1   1.483  4.40
Robles,Hansel       60    0  0  57.2   45   30   29  12  0  1   4   18   59   2   1   1  .500  3   1.092  4.53
Hudson,Daniel       45    0  0  58.0   68   34   33  10  1  0   0   23   61   1   1   3  .250  3   1.569  5.12
Heston,Chris        22   22  0 125.0  146   83   73  13  3  5   7   37  101   1   2   9  .182  0   1.464  5.26
Nicolino,Justin*    12   12  0  67.1   76   44   43  14  0  1   2   19   27   0   2   6  .250  0   1.411  5.75
Koehler,Tom         23   20  0 115.1  123   76   75  21  6  7   2   49   91   1   5  10  .333  0   1.491  5.85
Hunter,Tommy        65    0  0  63.2   95   45   43   8  0  2   1   10   58   2   1   5  .167  4   1.649  6.08
Frias,Carlos        25    7  0  62.0   98   47   43   3  4  4   3   27   46   2   0   3  .000  2   2.016  6.24
De La Rosa,Rubby    17   17  0  93.1  119   68   67  24  2  4   1   27   78   1   1  11  .083  0   1.564  6.46
Treinen,Blake       15    0  0  17.0   34   14   13   1  1  1   0   14   10   2   1   1  .500  0   2.824  6.88
                   152  152  1  1361 1494  741  697 172 36 46  48  402 1103  25  56  96  .368113   1.393  4.61



Morgen Grinders      G   AB    H  2B  3B  HR   TB    R  RBI   BB    K  IB SH SF  SB CS   Avg    OB   Slg    OPS
Panik,Joe*         103  402  127  31   2  14  204   75   52   38   45   4  6  1   2  3  .316  .378  .507   .885
Iannetta,Chris      11   13    4   0   0   0    4    1    1    1    2   0  0  0   0  0  .308  .357  .308   .665
Piscotty,Stephen   107  244   75  15   2   9  121   29   31   18   63   1  0  1   0  0  .307  .354  .496   .850
d'Arnaud,Travis     77  253   77  17   0  14  136   39   48   20   52   1  0  4   0  0  .304  .350  .538   .888
Davis,Khris        137  413  119  18   4  21  208   69   63   34  123   1  0  2   9  5  .288  .342  .504   .846
Belt,Brandon*      140  519  145  33   2  20  242   62   88   55  157   4  0  2  10  4  .279  .354  .466   .820
Blanco,Gregor*     122  349   96  20   1   6  136   61   26   38   60   1  0  0  16  4  .275  .346  .390   .736
Blanco,Andres#      82  247   68  21   2  12  129   39   39   14   57   1  4  1   0  2  .275  .323  .522   .845
Grichuk,Randal     121  336   91  29   8  15  181   51   56   19  138   1  0  2   3  0  .271  .323  .539   .862
Hundley,Nick       112  365   97  18   4  11  156   40   51   18   73   0  0  4   3  5  .266  .299  .427   .726
Duffy,Matt         147  594  156  31   3   9  220   68   62   24  111   2  4  2  13  2  .263  .294  .370   .664
Calhoun,Kole*      151  574  145  20   6  27  258   78   90   47  157   3  2  6   4  2  .253  .312  .449   .761
Ahmed,Nick         132  449  110  19   9   4  159   43   38   17   91   1  1  2   0  1  .245  .273  .354   .627
Johnson,Kelly*     102  209   48   9   0  13   96   31   27   18   64   2  0  1   1  2  .230  .289  .459   .748
Lagares,Juan        63  116   25   7   1   0   34   14    4   12   34   0  0  3   2  0  .216  .282  .293   .575
Baez,Javier         39   79   16   5   0   0   21    9    1    4   29   0  0  0   0  1  .203  .241  .266   .507
Bourjos,Peter        9    6    1   1   0   0    2    0    0    2    4   0  0  0   0  0  .167  .375  .333   .708
Heisey,Chris        11   19    1   0   0   0    1    0    2    1    7   0  0  0   0  0  .053  .100  .053   .153
                   152 5426 1451 297  44 174 2358  718  698  390 1357  23 40 36  63 32  .267  .319  .435  .753

Morgen Grinders      G   GS CG    IP    H    R   ER  HR SH SF  HP   BB    K  IB   W   L   Pct Sv    WHIP   ERA
Iannetta,Chris       1    0  0   0.0    1    0    0   0  0  0   0    0    0   0   0   0  .000  0    .000  0.00
Socolovich,Migue    34    0  0  22.1   12    5    4   0  0  0   0    7   23   1   1   1  .500  0    .851  1.61
Jepsen,Kevin        69    0  0  62.2   58   12   12   3  0  1   1   16   54   4   1   0 1.000  0   1.181  1.72
Siegrist,Kevin*     76    0  0  70.0   55   19   16   5  1  0   1   30   92   6   5   1  .833  1   1.214  2.06
Ziegler,Brad        64    0  0  63.0   41   25   20   7  0  2   0   23   28   2   2   5  .286 44   1.016  2.86
Bumgarner,Madiso    33   33  2 228.1  210   86   79  22  5  2  10   49  245   2  19  11  .633  0   1.134  3.11
Axford,John         53    0  0  54.1   45   21   19   4  0  0   1   26   53   1   3   2  .600  0   1.307  3.15
Wood,Travis*        26   17  0 100.2   87   39   36   8  3  1   0   35  116   0   9   6  .600  0   1.212  3.22
Strasburg,Stephe    22   22  0 121.0  110   47   45   7  4  2   1   18  144   1   9   4  .692  0   1.058  3.35
Wacha,Michael       30   30  0 175.1  144   72   66  13 14  4   8   46  137   2   9   8  .529  0   1.084  3.39
Hahn,Jesse          16   16  0  91.2   90   38   36   2  3  4   3   22   52   0   7   0 1.000  0   1.222  3.53
Gonzalez,Gio*       25   25  0 137.2  144   63   54   5  6  6   2   41  124   0   7   8  .467  0   1.344  3.53
Ramos,A.J.          71    0  0  70.1   62   29   29  10  1  1   3   32   75   3   6   6  .500  3   1.336  3.71
Richard,Clayton*    38    0  0  41.2   43   20   19   1  0  1   3   16   25   3   2   0 1.000  1   1.416  4.10
Phelps,David         8    8  0  39.1   44   28   26  10  2  2   1    8   31   0   1   4  .200  0   1.322  5.95
Fister,Doug         45    0  0  75.2  113   62   59  15  3  4   6   14   44   2   4   1  .800  1   1.678  7.02
Cahill,Trevor       23    0  0  22.1   42   27   27   7  0  0   1   10   14   1   0   1  .000  0   2.328 10.88
Baez,Javier          1    0  0   1.1    3    2    2   0  0  0   0    0    1   0   0   1  .000  0   2.250 13.50
                   152  152  2  1389 1311  599  551 126 43 31  40  385 1282  29  90  62  .592 55   1.221  3.57



Skramalonians        G   AB    H  2B  3B  HR   TB    R  RBI   BB    K  IB SH SF  SB CS   Avg    OB   Slg    OPS
Bethancourt,Chri     3    2    1   0   0   0    1    1    0    1    0   0  0  0   0  1  .500  .667  .500  1.167
Gordon,Dee*        147  654  191  16   5   3  226   83   38   18  113   3  2  1  74 23  .292  .311  .346   .657
Ruf,Darin           76  192   52   8   0  10   90   18   30   19   49   1  0  0   0  0  .271  .343  .469   .812
Holliday,Matt       79  241   65  18   1   4   97   27   29   15   53   0  0  2   0  2  .270  .318  .402   .720
Pierzynski,A.J.*   129  386  104  20   2   7  149   30   36   21   32   1  0  4   0  1  .269  .311  .386   .697
Denorfia,Chris      47  123   32   4   0   1   39   11    8    6   27   1  3  1   0  0  .260  .292  .317   .609
Heyward,Jason*     143  559  142  34   2   1  183   52   52   61   93   1  0  5  27  7  .254  .328  .327   .655
Bryant,Kris        150  572  144  43   6  21  262   75   80   59  226   8  0  1  13  6  .252  .332  .458   .790
Gosselin,Phil       79  109   27   3   2   3   43   15    9    9   20   3  0  0   0  0  .248  .311  .394   .705
Herrera,Odubel*    146  476  117  18   1   5  152   39   47   13  137   0  2  2  17  9  .246  .277  .319   .596
Bour,Justin*       122  424   97  22   0  23  188   47   66   24  103   1  0  4   0  0  .229  .268  .443   .711
De Aza,Alejandro    91  229   51   7   3   3   73   22   12   23   65   0  1  0   5  8  .223  .302  .319   .621
Schwarber,Kyle*    117  243   52   5   1  13   98   25   32   40   75   1  0  3   1  2  .214  .333  .403   .736
Simmons,Andrelto   152  524  112  13   1   3  136   38   35   28   54   5  1  0   3  1  .214  .258  .260   .518
Pham,Tommy          50  136   25   2   1   3   38   11    7   18   35   1  0  0   0  0  .184  .279  .279   .558
Olivera,Hector       7    7    1   0   0   0    1    0    1    0    1   0  0  0   0  0  .143  .143  .143   .286
Amarista,Alexi*     25   37    1   0   0   0    1    0    1    2    7   0  0  0   0  0  .027  .077  .027   .104
den Dekker,Matt*     1    1    0   0   0   0    0    0    0    0    0   0  0  0   0  0  .000  .000  .000   .000
Cron,C.J.            2    5    0   0   0   0    0    0    0    0    3   0  0  0   0  0  .000  .000  .000   .000
                   152 5221 1242 216  25 100 1808  503  488  360 1208  26 45 23 140 60  .238  .291  .346  .638

Skramalonians        G   GS CG    IP    H    R   ER  HR SH SF  HP   BB    K  IB   W   L   Pct Sv    WHIP   ERA
Weaver,Jered         4    4  1  29.2   16    3    2   1  1  0   1    4   15   0   4   0 1.000  0    .674  0.61
Rondon,Hector       69    0  0  69.0   49   11   11   2  0  2   2   17   57   5   4   2  .667 41    .957  1.43
Gilmartin,Sean*     47    0  0  59.0   47   10   10   1  2  0   1   16   44   2   0   1  .000  0   1.068  1.53
Maurer,Brandon      52    0  0  45.1   42   17    9   3  0  2   1   19   35   5   3   3  .500  0   1.346  1.79
Flande,Yohan*        8    0  0  14.0   10    3    3   1  0  0   1    4    3   0   0   1  .000  0   1.000  1.93
Kelley,Shawn        54    0  0  50.1   29   12   11   6  0  0   0   15   59   8   7   2  .778  0    .874  1.97
Dunn,Mike*          59    0  0  56.0   36   16   15   4  0  1   4   37   55   4   3   1  .750  0   1.304  2.41
Maness,Seth         39    0  0  33.2   40   11   11   1  0  1   0    9   19   3   5   1  .833  1   1.455  2.94
Colon,Bartolo       30   28  1 190.0  198   69   65  14  9  2   2   12  147   1  11  10  .524  0   1.105  3.08
Richards,Garrett    32   32  1 202.2  177   75   71  16  5  4   4   54  161   2  11  15  .423  0   1.140  3.15
Thornton,Matt*      53    0  0  36.2   37   13   13   0  0  0   0   10   15   6   2   3  .400  0   1.282  3.19
Haren,Dan           27   27  0 168.1  133   67   64  26  4  1   8   32  115   1   8   8  .500  0    .980  3.42
Hammel,Jason        29   29  0 172.1  153   72   71  20 11  2   5   45  156   1   9  10  .474  0   1.149  3.71
Zimmermann,Jorda    32   32  0 194.2  184   95   81  26 10  2   9   35  157   0  10  15  .400  0   1.125  3.74
Wada,Tsuyoshi*      19    0  0  32.0   37   14   14   4  0  1   1    8   28   0   1   0 1.000  0   1.406  3.94
Alvarez,Jose*       43    0  0  41.1   22   21   20   1  0  1   4   17   21   6   1   1  .500  1    .944  4.35
                   152  152  3  1395 1210  509  471 126 42 19  43  334 1087  44  79  73  .520 43   1.107  3.04



B-Rads               G   AB    H  2B  3B  HR   TB    R  RBI   BB    K  IB SH SF  SB CS   Avg    OB   Slg    OPS
Wright,David        39  160   53   9   1  11   97   32   27   18   26   0  0  1   1  0  .331  .397  .606  1.003
Eaton,Adam*        150  596  194  34   8  17  295  102   70   66  137   5  1  1  20 15  .326  .399  .495   .894
Robinson,Clint*     99  241   78  12   0   3   99   26   20   23   46   0  0  2   0  0  .324  .380  .411   .791
Ethier,Andre*      137  400  122  21  13  12  205   66   61   44   68   1  0  6   0  3  .305  .379  .513   .892
Realmuto,J.T.       21   73   22   0   0   5   37    8   17    0   13   0  0  0   1  1  .301  .301  .507   .808
Tomlinson,Kelby     54  183   54   4   0   5   73   21   17    6   41   0  0  0   6  1  .295  .317  .399   .716
Turner,Justin      108  412  121  31   1  12  190   55   52   21   83   2  2  6   3  2  .294  .344  .461   .805
Garcia,Adonis       37  106   31   6   0   9   64   15   21    2   20   1  0  1   0  0  .292  .303  .604   .907
Gyorko,Jedd         61  149   40  10   0   5   65   13   17   10   36   0  0  2   0  0  .268  .315  .436   .751
Kemp,Matt          124  438  117  31   3  18  208   62   63   19   96   3  0  1   8  2  .267  .298  .475   .773
Ellis,A.J.          46  174   43  11   0  11   87   33   27   27   41   0  1  0   0  0  .247  .351  .500   .851
Wong,Kolten*       115  406  100  27   2  14  173   56   46   30   72   0  0  0  13  4  .246  .314  .426   .740
Crawford,Brandon   142  510  125  25   6  33  261   68  107   36  127   0  0  9   6  3  .245  .304  .512   .816
Pujols,Albert      149  581  140  32   2  31  269   67   98   28   59   2  0  8   5  1  .241  .273  .463   .736
Upton,Justin       130  395   91  23   4  12  158   49   43   22  131   0  0  2  15  4  .230  .273  .400   .673
Montero,Miguel*    112  366   77  10   0  10  117   47   38   44  112   5  0  3   0  1  .210  .296  .320   .616
Tejada,Ruben        34   85   17   4   1   1   26    9   12    3   19   0  0  0   0  0  .200  .227  .306   .533
Pederson,Joc*      116   98   17   4   0   4   33   19   11   25   44   0  0  0   0  0  .173  .341  .337   .678
McKenry,Michael     11   36    4   2   0   0    6    3    4    3   14   0  0  1   0  0  .111  .175  .167   .342
                   152 5323 1384 283  42 198 2345  722  712  410 1180  20 28 43  70 32  .260  .318  .441  .758

B-Rads               G   GS CG    IP    H    R   ER  HR SH SF  HP   BB    K  IB   W   L   Pct Sv    WHIP   ERA
Liberatore,Adam*     1    0  0   0.1    1    0    0   0  0  0   0    1    0   0   0   0  .000  0   6.000  0.00
Chafin,Andrew*      71    0  0  71.0   41    8    8   0  2  2   1   18   53   2   5   0 1.000  0    .831  1.01
Rivero,Felipe*      39    0  0  40.1   25    9    8   2  0  0   0   10   38   1   3   0 1.000  2    .868  1.79
Capps,Carter        19    0  0  19.1   16    4    4   1  0  0   1    4   34   1   1   1  .500  0   1.034  1.86
Arrieta,Jake        32   32  3 215.1  153   58   50  15  5  1   2   42  221   1   9   6  .600  0    .906  2.09
deGrom,Jacob        29   29  2 178.0  136   44   42  13  4  1   3   32  187   4  12   5  .706  0    .944  2.12
Kontos,George       78    0  0  76.1   67   28   28  16  0  0   0   20   52   4   1   2  .333  0   1.140  3.30
Heaney,Andrew*      19   19  0 103.0   90   41   39   8  4  0   3   18   77   0   3   4  .429  0   1.049  3.41
Hatcher,Chris       41    0  0  35.2   35   15   14   3  0  2   4   20   40   4   1   1  .500  2   1.542  3.53
Niese,Jonathon*     38    4  0  70.1   66   34   31  10  2  2   4   22   38   0   3   1  .750  0   1.251  3.97
Leake,Mike          30   30  2 192.2  176   92   86  23  6  8   2   37  117   3  13  10  .565  0   1.106  4.02
Lincecum,Tim         3    3  0  15.1   15    8    7   3  0  0   0    4    9   0   0   2  .000  0   1.239  4.11
Hendricks,Kyle      29   29  0 167.0  189   84   79  21 14  5  10   32  136   2  13   8  .619  0   1.323  4.26
Giles,Ken           64    0  0  61.0   63   33   29   2  1  0   1   20   66   3   7  12  .368 32   1.361  4.28
Jackson,Edwin       49    0  0  53.2   59   28   27   7  2  3   1   31   41  11   3   4  .429  1   1.677  4.53
Strickland,Hunte    50    0  0  44.1   43   25   24  13  1  1   0    5   39   1   3   1  .750  0   1.083  4.87
Hellickson,Jerem     1    1  0   5.0    8    5    5   1  0  1   0    3    1   0   0   1  .000  0   2.200  9.00
                   152  152  7  1380 1247  559  525 158 43 29  35  350 1150  39  87  65  .572 84   1.157  3.42



Co Operators         G   AB    H  2B  3B  HR   TB    R  RBI   BB    K  IB SH SF  SB CS   Avg    OB   Slg    OPS
Wallace,Brett*     105   95   40   7   0  12   83   19   27   11   21   3  0  0   0  0  .421  .481  .874  1.355
Posey,Buster       152  581  173  27   1  23  271   71   93   47   66   4  0  8   1  0  .298  .349  .466   .815
Escobar,Yunel      147  511  145  19   0   7  185   59   40   43   76   0  1  0   2  2  .284  .348  .362   .710
Cespedes,Yoenis    151  592  166  40   6  31  311   86  105   27  158   7  0  3  10  2  .280  .319  .525   .844
Uribe,Juan          91  129   36   1   0   6   55   18   24   11   28   1  0  2   0  0  .279  .331  .426   .757
Trout,Mike         152  587  160  26  10  33  305   95  100   67  183  14  0  2  12 11  .273  .361  .520   .881
Hechavarria,Adei   135  471  128  18   3   5  167   49   43   19   82   9  0  1   9  3  .272  .302  .355   .657
Owings,Chris       114  290   79  17   2   0  100   25   28   16   75   4  4  2  10  2  .272  .308  .345   .653
Stanton,Giancarl   108  211   55   8   1  19  122   33   44   14   79   2  0  1   2  0  .261  .311  .578   .889
Alonso,Yonder*      95  294   76  10   1   3   97   29   30   29   33   5  0  3   0  1  .259  .322  .330   .652
Rizzo,Anthony*     151  552  142  40   7  22  262   92   67   78   88   4  0  1  13 11  .257  .373  .475   .848
Granderson,Curti   149  491  123  24   2  18  205   83   59   84  122   2  0  2  13  8  .251  .362  .418   .780
La Stella,Tommy*    27   66   15   6   0   2   27   10    9    4    4   1  0  0   0  0  .227  .271  .409   .680
Ruggiano,Justin     47   98   19   4   0   0   23    5    7    5   29   0  0  0   0  1  .194  .233  .235   .468
Hernandez,Cesar#   116  215   41   3   1   0   46   19    8   14   44   1  1  1  13  1  .191  .242  .214   .456
Rupp,Cameron        26   73   13   2   0   2   21    8    6    5   21   0  0  0   0  0  .178  .231  .288   .519
Garcia,Greg*        37   75   11   2   0   1   16    5    7    4   15   0  0  1   0  0  .147  .198  .213   .411
                   152 5259 1369 231  33 162 2152  671  652  435 1175  55 38 27  77 37  .260  .322  .409  .731

Co Operators         G   GS CG    IP    H    R   ER  HR SH SF  HP   BB    K  IB   W   L   Pct Sv    WHIP   ERA
Smith,Will*         73    0  0  61.2   54   15   14   1  5  3   1   12   76   1   3   2  .600  0   1.070  2.04
Smith,Joe           62    0  0  60.2   53   18   16   5  0  1   3   14   44   0   4   1  .800  0   1.104  2.37
Miller,Justin       34    0  0  27.2   18    8    8   3  0  1   1    8   25   2   1   1  .500  1    .940  2.60
Gott,Trevor         45    0  0  43.2   37   15   13   1  0  1   1   12   14   1   3   2  .600  0   1.122  2.68
Wilson,C.J.*        20   20  0 117.2   91   36   36  10  4  4   3   30  121   0  11   4  .733  0   1.028  2.75
Rosenthal,Trevor    46    0  0  48.1   34   17   16   1  0  0   1   30   65   2   3   2  .600 25   1.324  2.98
Ross,Tyson          31   31  0 178.1  143   67   61   9 11  1   8   73  184   3   5   1  .833  0   1.211  3.08
Wood,Alex*          25   25  0 148.2  152   57   51  12  7  2   4   25  109   0   2   1  .667  0   1.191  3.09
Bettis,Chad         18   18  0 109.2   81   42   38   3  6  8   8   29   81   0   7   5  .583  0   1.003  3.12
Storen,Drew         49    0  0  47.0   44   17   17   3  0  4   5   10   53   2   0   4  .000 16   1.149  3.26
Syndergaard,Noah    23   23  1 143.0  114   54   54  21  7  1   3   25  146   1   9   8  .529  0    .972  3.40
Ray,Robbie*         21   20  0 118.2  126   54   47   8  2  1   2   37   98   0   8   7  .533  0   1.374  3.56
Bastardo,Antonio    67    0  0  55.0   42   22   22   6  1  1   7   31   59   3   8   2  .800  2   1.327  3.60
Anderson,Chase      25   25  0 140.2  131   58   58  17  4  3   7   37  131   2  11   5  .688  0   1.194  3.71
Dyson,Sam           81    0  0  73.1   70   32   31   9  1  1   5   24   62   7   3   1  .750  2   1.282  3.80
Lopez,Javier*       55    0  0  35.2   29   16   16   1  0  1   0   11   22   0   1   0 1.000  0   1.121  4.04
Eickhoff,Jerad       6    6  1  34.1   34   24   23   9  1  0   0    8   30   0   0   5  .000  0   1.223  6.03
Bergman,Christia    36    0  0  52.2   61   36   36  10  1  0   0   15   33   1   0   1  .000  0   1.443  6.15
Ruggiano,Justin      1    0  0   0.2    1    1    1   1  0  0   0    0    0   0   0   1  .000  0   1.500 13.50
Rupp,Cameron         1    0  0   0.2    2    1    1   0  0  0   0    1    0   1   0   1  .000  0   4.500 13.50
                   152  152  2  1361 1214  555  530 155 48 35  50  386 1232  21  85  67  .559 80   1.176  3.50



Fentonators          G   AB    H  2B  3B  HR   TB    R  RBI   BB    K  IB SH SF  SB CS   Avg    OB   Slg    OPS
Hernandez,Kike      54  134   50  12   1   9   91   25   18    8   30   1  1  0   0  0  .373  .413  .679  1.092
Harper,Bryce*      147  504  169  43   2  44  348  110  112  116  126  13  0  2   7  7  .335  .467  .690  1.157
Inciarte,Ender*    139  520  151  35   2   5  205   70   46   19   57   1  0  3  21 10  .290  .316  .394   .710
Werth,Jayson        67   98   28   8   1   7   59   14   18    7   31   0  0  1   0  0  .286  .330  .602   .932
Franco,Maikel       96  283   80  26   1  11  141   42   36   20   53   2  0  5   0  0  .283  .333  .498   .831
Aybar,Erick#       139  462  127  22   3   3  164   51   35   21   63   4  0  1  11  4  .275  .311  .355   .666
Norris,Derek       142  437  113  29   1  11  177   40   45   28  116   2  0  2   2  0  .259  .312  .405   .717
LeMahieu,DJ        131  488  121   9   5   2  146   52   35   41  103   4  1  0  18  8  .248  .310  .299   .609
Barnes,Brandon      12   37    9   2   0   0   11    3    5    3    8   1  0  0   0  0  .243  .317  .297   .614
Morneau,Justin*     25   62   15   2   0   0   17    6    6    8    6   1  0  0   0  0  .242  .347  .274   .621
Ruiz,Carlos         55  176   42  11   0   1   56   19   18    7   31   0  2  0   1  0  .239  .287  .318   .605
Conger,Hank#        61  181   43   9   0   7   73   20   21   14   54   0  1  0   0  1  .238  .292  .403   .695
Gonzalez,Carlos*   141  449  105  23   0  28  212   64   80   51  115   9  0  7   0  1  .234  .310  .472   .782
Dietrich,Derek*    102  242   56  10   3  14  114   29   30   21   58   1  0  1   0  2  .231  .310  .471   .781
Reynolds,Mark       80  123   28   7   1   3   46    8   15   11   40   0  0  2   0  0  .228  .292  .374   .666
Howard,Ryan*       114  337   68  17   0  18  139   41   46   15   96   0  0  2   0  0  .202  .245  .412   .657
Desmond,Ian         34   63   12   2   0   1   17    6    3    3   26   0  0  0   1  0  .190  .227  .270   .497
Puig,Yasiel        104  195   37   6   0  11   76   19   31   17   52   0  0  3   0  1  .190  .255  .390   .645
Descalso,Daniel*   123  187   26   1   0   5   42   13   19   11   55   0  7  1   0  0  .139  .186  .225   .411
                   152 5215 1301 272  20 180 2153  644  626  426 1200  39 48 31  61 34  .249  .311  .413  .724

Fentonators          G   GS CG    IP    H    R   ER  HR SH SF  HP   BB    K  IB   W   L   Pct Sv    WHIP   ERA
Garcia,Jaime*       17   17  1 103.2   72   26   22   3  0  3   2   19   81   0  12   2  .857  0    .878  1.91
Greinke,Zack        29   29  0 189.2  159   50   46  17  5  1   3   32  161   2  17   8  .680  0   1.007  2.18
Familia,Jeurys      71    0  0  72.1   49   20   19   5  0  2   0   24   81   0   2   3  .400 18   1.009  2.36
Garcia,Yimi         43    0  0  50.0   44   14   14   7  1  1   2    9   51   1   4   5  .444  0   1.060  2.52
Rodriguez,Franci    57    0  0  51.1   48   17   16   7  1  3   0   15   46   7   4   4  .500 25   1.227  2.81
Miller,Shelby       30   30  0 187.1  157   70   61  13  7  6   4   53  152   1  14  10  .583  0   1.121  2.93
Estrada,Marco       31   25  0 154.1  115   65   55  19  7  3   5   42  118   0  14   5  .737  0   1.017  3.21
Hudson,Tim           6    0  0   8.1   10    3    3   0  0  0   0    1    4   0   1   0 1.000  0   1.320  3.24
Salas,Fernando      64    0  0  68.2   54   26   26  10  0  1   0    9   81   5   1   3  .250  2    .917  3.41
Lester,Jon*         31   31  0 190.1  188   80   73  16  7  5   5   37  186   0   2   3  .400  0   1.182  3.45
Cosart,Jarred       12    7  0  41.2   35   18   16   8  1  0   1   16   28   0   1   2  .333  0   1.224  3.46
Shields,James       25   25  1 146.0  151   81   75  33  6  3   9   46  142   1   3   2  .600  0   1.349  4.62
Lyons,Tyler*        23    1  0  29.0   30   15   15   6  2  2   2    6   31   1   1   0 1.000  0   1.241  4.66
Shoemaker,Matt      26   21  0 115.2  129   61   60  24  2  3   5   21  116   0   5   5  .500  0   1.297  4.67
Verrett,Logan       36    0  0  43.1   44   26   24   3  0  0   2   12   48   3   3   5  .375  4   1.292  4.98
Goeddel,Erik        22    0  0  25.0   24   14   14   1  0  1   2    6   28   0   0   1  .000  0   1.200  5.04
Baez,Pedro          56    0  0  55.1   77   36   36   8  0  2   1   15   69   4   2   5  .286  1   1.663  5.86
                   152  152  2  1373 1241  556  518 158 35 37  36  319 1245  27  86  66  .566 50   1.136  3.40



Rivercrypts          G   AB    H  2B  3B  HR   TB    R  RBI   BB    K  IB SH SF  SB CS   Avg    OB   Slg    OPS
Ross,David           2    8    4   0   0   0    4    0    0    0    2   0  0  0   0  0  .500  .500  .500  1.000
Murphy,Daniel*     134  470  141  37   3  14  226   54   55   25   29   0  0  8   1  3  .300  .331  .481   .812
Braun,Ryan         112  444  123  24   2  14  193   53   50   25  115   1  0  3  22  2  .277  .319  .435   .754
Molina,Yadier      143  545  135  26   3   3  176   46   32   20   71   1  0  2   1  0  .248  .273  .323   .596
Castro,Starlin     143  506  119  18   3   5  158   30   42   20   95  11  0  3   3  3  .235  .268  .312   .580
Jackson,Austin      83  171   39   9   1   2   56   14   19    9   44   2  1  0   4  3  .228  .267  .327   .594
Tomas,Yasmany       52  141   32   6   0   2   44   11    7    6   38   0  0  0   2  0  .227  .264  .312   .576
Arenado,Nolan      152  584  129  29   6  24  242   52   67   34  110  12  0  5   2  2  .221  .269  .414   .683
Duda,Lucas*        133  371   78  24   1  17  155   37   49   36  120   2  0  2   0  0  .210  .291  .418   .709
Spangenberg,Cory    93  255   53   8   2   1   68   19   11   13   59   0 21  0  12  4  .208  .257  .267   .524
Fowler,Dexter#     152  604  125  20   8  15  206   73   44   69  155   3  0  7  26  6  .207  .292  .341   .633
Jay,Jon*           114  247   50   7   2   0   61   13    9   15   51   0  3  0   1  1  .202  .270  .247   .517
Cuddyer,Michael    130  123   24   5   0   2   35    6    7    2   36   1  0  0   0  0  .195  .220  .285   .505
Jankowski,Travis    32   28    5   1   0   2   12    3    3    3    5   0  0  0   0  0  .179  .258  .429   .687
Kozma,Pete           8   14    2   0   0   0    2    1    0    2    6   0  0  0   0  0  .143  .250  .143   .393
Hedges,Austin        7   28    3   0   0   1    6    1    2    0   12   0  0  1   0  0  .107  .103  .214   .317
Featherston,Tayl     3    2    0   0   0   0    0    0    0    0    0   0  0  0   0  0  .000  .000  .000   .000
                   152 5254 1210 243  36 121 1888  473  460  309 1185  34 51 36  84 27  .230  .277  .359  .636

Rivercrypts          G   GS CG    IP    H    R   ER  HR SH SF  HP   BB    K  IB   W   L   Pct Sv    WHIP   ERA
Tropeano,Nick        4    0  0   5.1    5    1    1   1  0  0   0    1    5   0   0   0  .000  0   1.125  1.69
Casilla,Santiago    63    0  0  63.1   57   21   18   6  0  0   2   26   64   2   3   5  .375 29   1.311  2.56
Nelson,Jimmy        30   30  1 179.1  143   55   54  10  5  2   8   55  148   1   7   8  .467  0   1.104  2.71
Ross,Joe            28    6  0  63.1   60   34   28   9  0  1   0   22   63   0   1  10  .091  0   1.295  3.98
Motte,Jason         17    0  0  20.0   22   15    9   2  0  1   0    3   13   1   1   2  .333  0   1.250  4.05
Roark,Tanner        49    7  0 104.0  104   48   47  15  3  5   4   24   84   4   1   2  .333  0   1.231  4.07
Lynn,Lance          32   32  0 171.1  176   84   81  20  7  3   8   79  156   2   8  12  .400  0   1.488  4.25
Santiago,Hector*    29   22  0 124.1  116   63   59  31  6  6   7   40  109   0   0   1  .000  0   1.255  4.27
Petit,Yusmeiro      55    0  0  80.1   85   44   41  13  1  2   1   23   52   5   1   3  .250  2   1.344  4.59
Belisle,Matt        43    0  0  38.0   53   23   20   5  0  1   5   17   21   1   3   3  .500  0   1.842  4.74
Cashner,Andrew      21   21  0 119.1  154   65   63  20  3  2   4   38  102   0   4   9  .308  0   1.609  4.75
Jeffress,Jeremy     78    0  0  71.0   72   41   38  13  0  1   2   21   73   9   2   6  .250  0   1.310  4.82
Kennedy,Ian         14   14  0  74.2   75   47   45  12  0  2   5   28   73   0   2   6  .250  0   1.379  5.42
Quackenbush,Kevi    62    0  0  64.2   72   43   43  10  0  4   0   26   66   2   2   7  .222  2   1.515  5.98
Romo,Sergio         73    0  0  60.2   83   44   42   6  2  4   2   20   73   4   3   8  .273  0   1.698  6.23
Nicasio,Juan        53    1  0  69.0   88   59   54   2  3  8   1   52   65   3   4   5  .444  0   2.029  7.04
Janssen,Casey        6    0  0   5.1    9    9    9   4  0  0   0    1    2   0   0   2  .000  0   1.875 15.19
                   152  152  1  1383 1400  700  651 154 32 35  52  503 1294  32  52 100  .342 66   1.376  4.24



Coop d'etat          G   AB    H  2B  3B  HR   TB    R  RBI   BB    K  IB SH SF  SB CS   Avg    OB   Slg    OPS
Ozuna,Marcell       87  169   60   9   0   3   78   21   20   11   27   1  0  1   0  3  .355  .396  .462   .858
Prado,Martin        55  143   44  13   1   1   62   15   22   11   16   1  1  0   0  0  .308  .357  .434   .791
Seager,Corey*       38   60   18   2   0   3   29   12    9    7    5   0  0  1   0  0  .300  .377  .483   .860
Gonzalez,Adrian*   148  583  163  34   1  26  277   69   92   35  121   2  0  6   0  1  .280  .324  .475   .799
Herrera,Jonathan    31   80   22   7   1   0   31    9    4    2   15   0  6  0   0  0  .275  .293  .388   .681
Gregorius,Didi*    140  444  115  19   0  11  167   51   42   32   76   0  3  3   5  8  .259  .314  .376   .690
Rendon,Anthony      99  287   70  13   2   1   90   27   21   22   63   0  0  2   1  1  .244  .298  .314   .612
Lamb,Jake*         116  370   90  15   4   1  116   42   42   36   88   0  0  2   4  1  .243  .312  .314   .626
Realmuto,J.T.       46  170   41   4   3   4   63   18   15   10   33   2  0  1   3  0  .241  .286  .371   .657
Guerrero,Alex       86  217   52  14   1   8   92   27   24    7   56   1  0  1   0  2  .240  .265  .424   .689
Castro,Daniel       32  101   24   4   3   1   37   10    8    5   16   0  0  0   0  0  .238  .274  .366   .640
Trumbo,Mark        136  473  109  23   4  16  188   47   80   27  137   0  0  7   0  0  .230  .268  .397   .665
Parra,Gerardo*     119  272   62  15   1   7  100   23   25   16   42   5  1  1   5  4  .228  .280  .368   .648
Venable,Will*      124  349   79   6   1   7  108   55   23   37  107   0  0  0  26 10  .226  .304  .309   .613
Taylor,Michael A   141  330   74   8   1  10  114   30   30   20  134   1  0  2  12  8  .224  .267  .345   .612
Suzuki,Ichiro*      41   73   16   0   2   0   20    4    7    5   15   1  0  0   2  1  .219  .269  .274   .543
Plawecki,Kevin      45  149   31   6   0   1   40   10   16    7   46   0  0  2   0  0  .208  .250  .268   .518
Barmes,Clint        32   74   15   4   0   1   22    8    5    6   19   2  0  0   0  0  .203  .272  .297   .569
Ramos,Wilson       106  382   70   5   0  13  114   30   38   11   86   2  0  3   0  0  .183  .205  .298   .503
Herrera,Dilson      33  101   17   2   1   2   27   10    7   14   31   0  0  0   1  0  .168  .300  .267   .567
Mathis,Jeff          3    3    0   0   0   0    0    0    0    0    0   0  0  0   0  0  .000  .000  .000   .000
                   152 5172 1264 220  25 145 1969  599  584  386 1385  25 35 35  72 40  .244  .299  .381  .679

Coop d'etat          G   GS CG    IP    H    R   ER  HR SH SF  HP   BB    K  IB   W   L   Pct Sv    WHIP   ERA
Reed,Addison        21    0  0  18.2   18    5    5   1  0  0   1    6   19   1   1   0 1.000 11   1.286  2.41
Lackey,John         31   31  2 200.1  169   62   60  20 14  6   5   54  137   1   8   1  .889  0   1.113  2.70
Howell,J.P.*        27    0  0  21.0   13    8    8   2  0  1   0    8   20   0   4   3  .571  0   1.000  3.43
Broxton,Jonathan    64    0  0  57.2   58   28   25   9  0  0   0   15   52   4   2   1  .667  0   1.266  3.90
Martinez,Carlos     32   27  0 165.0  170   74   73  18  2  3   4   46  168   2   1   8  .111  0   1.309  3.98
Corbin,Patrick*     15   15  0  78.0   91   40   39   9  6  5   1   13   61   0   6   3  .667  0   1.333  4.50
Despaigne,Odrisa    13    4  0  33.2   36   18   17   6  1  2   4    5   18   0   0   3  .000  0   1.218  4.54
Latos,Mat           22   18  0 106.1  109   60   54  15  3  4   0   22   90   1   2   2  .500  0   1.232  4.57
Johnson,Jim         76    0  0  69.0   88   42   36   6  0  2   6   17   56   4   2   4  .333  2   1.522  4.70
Wisler,Matt         18   15  0  81.2  105   45   43  16  5  3   0   25   51   0   5   7  .417  0   1.592  4.74
Morris,Bryan        60    0  0  57.1   76   38   31   1  0  1   2   17   45   3   2   4  .333  1   1.622  4.87
Rodney,Fernando     58    0  0  53.2   56   31   31  11  1  1   7   21   48   5   2   2  .500  7   1.435  5.20
Gomez,Jeanmar       67    0  0  79.0  104   51   50   5  0  2   2   28   63  13   4   3  .571  0   1.671  5.70
Teheran,Julio       31   31  0 153.1  192  116  112  39  9  6   8   57  128   0   5  16  .238  0   1.624  6.57
De Fratus,Justin    50    0  0  56.2   84   56   52   9  2  2   6   31   42   4   2   2  .500  0   2.029  8.26
                   152  152  2  1352 1453  707  663 175 43 35  52  395 1131  37  69  83  .454125   1.367  4.41

