Avery Tards          G   AB    H  2B  3B  HR   TB    R  RBI   BB    K  IB SH SF  SB CS   Avg    OB   Slg    OPS
Adrianza,Ehire#      5    1    1   0   0   0    1    0    0    0    0   0  0  0   0  0 1.000 1.000 1.000  2.000
Braun,Ryan           6   26   12   2   0   1   17    7    3    3    7   2  0  0   3  0  .462  .517  .654  1.171
Adams,Matt*         51   45   18   4   0   5   37    9   13    6    9   0  0  0   0  0  .400  .471  .822  1.293
Reyes,Jose#        119  208   71  22   3  12  135   40   41   23   40   0  0  0   9  1  .341  .407  .649  1.056
Werth,Jayson        81  227   65  14   0  11  112   40   34   17   57   1  0  2   1  0  .286  .339  .493   .832
Utley,Chase*       122  439  121  17   5  11  181   52   62   39   90   1  0  5   2  0  .276  .341  .412   .753
Dietrich,Derek*     81  249   68  15   2   5  102   41   30   37   65   1  0  1   0  0  .273  .401  .410   .811
Freeman,Freddie*   152  575  153  32   9  35  308  108  102   98  166   9  0  8   7  4  .266  .370  .536   .906
Hazelbaker,Jerem    62  162   42   3   5  13   94   23   31   15   49   0  5  0   3  1  .259  .322  .580   .902
Inciarte,Ender*     86  285   73   9   8   3  107   42   27   22   43   1  2  0  11  4  .256  .314  .375   .689
Drew,Stephen*       91  157   40  12   1  14   96   29   37   19   34   2  0  2   0  1  .255  .339  .611   .950
Reynolds,Mark       29   28    7   0   0   2   13    3    4    1    6   0  0  0   0  0  .250  .300  .464   .764
Carpenter,Matt*    147  496  121  28  16  29  268   76   77   84  128   2  5  3   1  0  .244  .357  .540   .897
Bruce,Jay*          75  295   70  11   8  13  136   39   56   21   65   1  0  3   2  1  .237  .294  .461   .755
Ruiz,Carlos         28  102   24   1   0   2   31   18    6   15   13   0  0  0   0  0  .235  .345  .304   .649
Flores,Wilmer       41   95   22   3   1   4   39   14   12    7   17   0  0  0   0  0  .232  .284  .411   .695
Kemp,Matt           30   79   18   4   0   3   31    7   13    4   28   0  0  1   0  0  .228  .262  .392   .654
Grandal,Yasmani#   115  403   91  17   1  33  209   66   78   68  128   0  0  2   0  1  .226  .338  .519   .857
Span,Denard*       115  351   78   7   1  13  126   58   30   41   58   0  6  0   8  2  .222  .309  .359   .668
Haniger,Mitch       33  106   23   2   1   3   36   10    7   11   28   0  0  0   0  0  .217  .291  .340   .631
Rivera,Rene         16   57   12   2   0   3   23    9    9    5   17   0  0  0   0  0  .211  .274  .404   .678
Moss,Brandon*       82  107   21   3   1   8   50   15   19   15   36   0  0  1   0  0  .196  .304  .467   .771
Russell,Addison    138  466   91  21   1   9  141   55   35   34  144   2  0  4   3  0  .195  .257  .303   .560
Plawecki,Kevin       3    5    0   0   0   0    0    0    0    0    1   0  0  0   0  0  .000  .000  .000   .000
                   152 5249 1283 235  65 235 2353  781  755  593 1332  22 39 33  50 15  .244  .326  .448  .774
Avery Tards          G   GS CG    IP    H    R   ER  HR SH SF  HP   BB    K  IB   W   L   Pct Sv    WHIP   ERA
Edwards Jr.,Carl    24    0  0  23.0   11    3    3   0  0  1   0   13   35   1   3   1  .750  0   1.043  1.17
Siegrist,Kevin*      4    0  0   5.0    1    1    1   1  0  0   0    1    5   0   0   0  .000  0    .400  1.80
Maeda,Kenta         20   20  0 116.2   97   39   33  10  3  3   3   26  116   0  11   2  .846  0   1.054  2.55
Kimbrel,Craig       58    0  0  54.2   25   16   16   4  0  2   6   45   78   4   4   5  .444 27   1.280  2.63
Oh,Seung Hwan       55    0  0  55.2   42   18   18   7  0  1   0   12   58   6   2   1  .667  1    .970  2.91
Baez,Pedro          31    0  0  33.0   24   12   11   4  0  3   0   20   30   7   2   1  .667  1   1.333  3.00
Logan,Boone*        41    0  0  36.0   33   13   13   6  0  1   1   13   47   3   1   0 1.000  1   1.278  3.25
Duke,Zach*          52    0  0  45.0   41   18   18   3  1  2   5   29   45   3   1   2  .333  1   1.556  3.60
Foltynewicz,Mike    11   11  0  60.2   69   35   32  10  2  3   1   23   55   0   2   3  .400  0   1.516  4.75
Chacin,Jhoulys      47   20  0 152.0  186   89   81  14  9  3   7   48  131   1   7   9  .438  0   1.539  4.80
Estevez,Carlos      59    0  0  58.1   58   41   35   7  0  3   5   27   59   2   1   4  .200  1   1.457  5.40
De La Cruz,Joel     13    0  0  20.1   22   13   13   5  2  1   0    8   11   1   1   0 1.000  0   1.475  5.75
deGrom,Jacob        14   14  0  80.0  101   55   52  12  3  2   2   21   72   0   2   7  .222  0   1.525  5.85
Alvarez,Jose*       68    0  0  64.0   94   44   42   5  2  2   1   28   44   0   3   4  .429  0   1.906  5.91
Roe,Chaz            31    0  0  32.0   33   25   21   5  2  2   2   19   38   1   1   3  .250  1   1.625  5.91
Wainwright,Adam     35   35  1 186.2  259  144  136  26  5 10   3   64  144   0  10  12  .455  0   1.730  6.56
Ramirez,JC           3    0  0   5.1    7    4    4   0  0  0   0    2    1   1   0   0  .000  0   1.688  6.75
Wood,Alex*          18    2  0  32.1   42   26   25   3  3  2   2   13   38   0   0   2  .000  1   1.701  6.96
Harvey,Matt         12   12  0  60.2   98   52   49   5  3  4   2   15   50   0   3   3  .500  0   1.863  7.27
Garcia,Jaime*       39   18  0 122.1  149  103  100  29  3  2   8   39  119   1   6  13  .316  0   1.537  7.36
Weaver,Jered        17   17  0  80.2  124   74   71  28  3  0   3   22   56   0   2  10  .167  0   1.810  7.92
Norris,Bud          23    0  0  23.2   32   24   23   7  0  2   0   13   26   1   2   3  .400  1   1.901  8.75
Moore,Matt*          2    2  0   9.0   16   11   10   2  0  0   0    7   10   0   0   1  .000  0   2.556 10.00
Adrianza,Ehire       2    0  0   2.0    4    3    3   1  0  0   0    0    0   0   1   0 1.000  0   2.000 13.50
Latos,Mat            1    1  0   3.2   10    7    7   1  0  1   0    2    3   0   0   1  .000  0   3.273 17.18
                   152  152  1  1362 1578  870  817 195 41 50  51  510 1271  32  65  87  .428 35   1.533  5.40



Dou's Crew           G   AB    H  2B  3B  HR   TB    R  RBI   BB    K  IB SH SF  SB CS   Avg    OB   Slg    OPS
Nimmo,Brandon*      22   74   29   0   0   1   32   10    7    7   14   0  0  0   0  0  .392  .458  .432   .890
Howard,Ryan*        65   77   29   0   0   5   44   13   17    5   19   0  0  1   0  0  .377  .417  .571   .988
Escobar,Yunel       67  152   53  13   0   2   72   16   17   11   18   0  0  2   0  0  .349  .392  .474   .866
Wong,Kolten*        24   56   19   1   5   0   30   10    8    2    5   0  0  0   2  1  .339  .393  .536   .929
Trout,Mike          58  211   70  20   7  11  137   49   49   46   44   3  0  2  14  3  .332  .456  .649  1.105
Gregorius,Didi*    137  540  178  44   3  17  279   74   89   17   72   1  5  3   8  1  .330  .353  .517   .870
Yelich,Christian    94  346  104  28   3   6  156   53   50   50   91   1  0  3   5  7  .301  .391  .451   .842
Maybin,Cameron      79  283   85   7   7   4  118   52   19   32   65   2  0  0  12  7  .300  .373  .417   .790
Cespedes,Yoenis    128  510  148  33   2  28  269   79   92   40  140   5  0  8   0  3  .290  .343  .527   .870
Castillo,Welingt   105  416  120  31   0  15  196   67   66   39  130   6  0  2   0  0  .288  .352  .471   .823
Pence,Hunter       103  352   97  21   1  13  159   55   43   26   80   0  0  3   0  0  .276  .325  .452   .777
Panik,Joe*         128  444  122  19   8  17  208   72   62   35   52   2  1  5   4  1  .275  .330  .468   .798
Turner,Justin      117  450  120  18   3  22  210   63   74   24   83   3  0  1   3  1  .267  .313  .467   .780
Myers,Wil          145  537  141  28   1  28  255   85   77   51  151   2  0  3  25  4  .263  .332  .475   .807
La Stella,Tommy*    37  145   38   5   2   4   59   21   16   12   29   0  0  0   0  0  .262  .335  .407   .742
Tomlinson,Kelby     22   77   20   2   0   0   22    9    9    8   13   0  0  0   3  1  .260  .367  .286   .653
Bandy,Jett          51  179   44   2   1   9   75   19   28    7   30   3  0  2   0  0  .246  .275  .419   .694
Soler,Jorge         28   71   14   2   0   2   22    5    9    8   32   0  0  1   0  0  .197  .275  .310   .585
Kendrick,Howie      37   56   11   1   0   0   12    7    4    4   10   0  0  0   3  0  .196  .250  .214   .464
Espinosa,Danny#    138  168   30   3   0   5   48   22   14   20   51   2  1  0   6  1  .179  .296  .286   .582
Ellis,A.J.           9    7    1   0   1   0    3    1    0    1    1   0  0  0   0  0  .143  .250  .429   .679
                   152 5441 1531 284  46 194 2489  807  779  458 1231  30 32 36  85 30  .281  .342  .457  .800

Dou's Crew           G   GS CG    IP    H    R   ER  HR SH SF  HP   BB    K  IB   W   L   Pct Sv    WHIP   ERA
Cishek,Steve        60    0  0  62.1   49   20   18   7  0  0   4   21   77   4   6   7  .462 30   1.123  2.60
Blanton,Joe         78    0  0  81.2   66   25   25  10  1  1   4   23   73   3   3   1  .750  1   1.090  2.76
Lyons,Tyler*        42    0  0  48.1   40   16   16   6  0  1   0    8   48   0   2   1  .667  0    .993  2.98
Friedrich,Christ    11   11  0  61.2   50   25   21  11  1  2   1   23   50   1   7   1  .875  0   1.184  3.06
Arrieta,Jake        32   32  0 194.1  141   80   72  19  5  0   7   79  192   0  15   7  .682  0   1.132  3.33
Hudson,Daniel       59    0  0  62.1   66   35   26   6  2  1   3   24   44   0   2   1  .667  0   1.444  3.75
Fernandez,Jose      31   31  0 177.2  186   83   75  21  4  3   5   66  257   0  15   6  .714  0   1.418  3.80
Leake,Mike           7    7  0  40.2   51   20   19   4  2  1   0    4   26   0   3   3  .500  0   1.352  4.20
Treinen,Blake       77    0  0  68.0   72   34   32   4  0  1   0   51   63  10   6   3  .667  0   1.809  4.24
Maurer,Brandon      71    0  0  71.1   82   40   37  10  1  4   2   30   76   3   2   5  .286  2   1.570  4.67
Syndergaard,Noah    20   20  0 101.1  115   61   56  10  3  0   2   29  134   0   8   6  .571  0   1.421  4.97
Rea,Colin           25   14  0  95.0  100   57   55  14  3  3  11   41   79   1   6   2  .750  0   1.484  5.21
Rondon,Hector       36    0  0  32.2   37   22   19  12  0  0   4    4   33   0   1   1  .500  7   1.255  5.23
Corbin,Patrick*     23   14  0  80.2  106   56   51   8  1  4   1   40   63   0   4   8  .333  0   1.810  5.69
Dyson,Sam           26    0  0  22.0   24   14   14   3  0  1   2   18   15   1   2   0 1.000  1   1.909  5.73
Perez,Oliver*       29    0  0  27.1   34   20   20   6  1  1   2   20   29   0   0   0  .000  0   1.976  6.59
Conley,Adam*        12   12  0  56.2   70   46   43   5  4  1   3   30   50   0   0   7  .000  0   1.765  6.83
Nola,Aaron          11   11  0  54.2   76   48   43   8  4  1   5   18   63   0   2   7  .222  0   1.720  7.08
Gearrin,Cory        32    0  0  29.2   52   33   31   6  0  0   0   10   28   0   0   2  .000  0   2.090  9.40
                   152  152  0  1368 1417  735  673 170 32 25  56  539 1400  23  84  68  .553 41   1.430  4.43



Morgen Grinders      G   AB    H  2B  3B  HR   TB    R  RBI   BB    K  IB SH SF  SB CS   Avg    OB   Slg    OPS
Dietrich,Derek*     30  114   44  12   1   4   70   31   17    7   24   0  0  0   1  0  .386  .435  .614  1.049
Prado,Martin       118  384  142  20   1   8  188   65   51   22   43   3  0  1   1  2  .370  .406  .490   .896
Contreras,Willso    74  238   79  17   0  10  126   41   45   26   69   1  0  4   0  3  .332  .399  .529   .928
Diaz,Aledmys       119  408  133  42   3  14  223   54   88   27   70   4  2  1   2  4  .326  .374  .547   .921
Calhoun,Kole*      151  583  189  40  12  15  298   89  111   69  107   2  0  3   0  1  .324  .398  .511   .909
Belt,Brandon*      147  562  176  54  13  18  310  106   87  100  154   3  0  4   0  1  .313  .421  .552   .973
Peralta,Jhonny     107  295   92  19   3   9  144   45   40   24   55   1  0  4   0  0  .312  .359  .488   .847
Piscotty,Stephen   149  573  170  33   3  30  299   94  115   40  142   0  0  8   8  3  .297  .346  .522   .868
Zobrist,Ben#       141  535  154  38   3  12  234  104   74   94   71   4  2  7   7 14  .288  .393  .437   .830
Davis,Khris        140  559  156  24   1  34  284   85  110   29  189   3  0 11   1  1  .279  .320  .508   .828
Montero,Miguel*     86  248   60  10   4   7   99   33   20   36   64   1  0  2   0  0  .242  .340  .399   .739
Duda,Lucas*        124  121   28   6   0   4   46   15   19   13   35   0  0  0   0  0  .231  .306  .380   .686
Perez,Carlos        44   74   17   4   0   1   24   10    4    3    9   1  0  0   1  1  .230  .260  .324   .584
Marte,Jefry         56   85   19   8   0   2   33   13   13   13   28   0  0  3   0  0  .224  .330  .388   .718
Rosales,Adam        99  195   42  10   0   6   70   36   28   32   86   3  0  1   0  0  .215  .333  .359   .692
Heyward,Jason*      49   31    5   1   0   0    6    6    1    4    6   1  0  0   0  0  .161  .257  .194   .451
Amarista,Alexi*     65   38    6   0   0   0    6   24    3    0    7   0  0  0   5  0  .158  .158  .158   .316
Cowart,Kaleb#        8   20    1   1   0   0    2    1    0    0    6   0  0  0   0  0  .050  .050  .100   .150
                   152 5381 1567 354  45 176 2539  885  847  553 1287  27 37 50  26 30  .291  .360  .472  .832

Morgen Grinders      G   GS CG    IP    H    R   ER  HR SH SF  HP   BB    K  IB   W   L   Pct Sv    WHIP   ERA
Melancon,Mark       65    0  0  64.1   49   12    9   0  0  1   1   15   64   2   6   4  .600 40    .995  1.26
Logan,Boone*        23    0  0  11.0    9    2    2   2  0  0   0    1   11   0   0   1  .000  0    .909  1.64
De La Rosa,Rubby     9    9  0  44.0   33   16   13   4  0  0   2   17   45   0   3   0 1.000  0   1.136  2.66
Strasburg,Stephe    24   24  0 144.2  137   57   48   9  7  3   1   31  173   0  11   6  .647  0   1.161  2.99
Bumgarner,Madiso    33   33  2 222.0  185   86   79  30 10  8   7   44  231   1  17   5  .773  0   1.032  3.20
Maeda,Kenta         10   10  0  58.1   47   23   22  10  2  2   2   25   64   1   4   2  .667  0   1.234  3.39
Phelps,David        70    1  0  83.1   66   33   32   4  2  3   4   49  105   5   6   5  .545  0   1.380  3.46
Samardzija,Jeff     32   32  1 191.2  196   92   83  23  6 13   3   55  157   0  17   6  .739  0   1.310  3.90
Bedrosian,Cam       44    0  0  31.1   42   19   16   2  2  1   2   13   48   4   3   4  .429  0   1.755  4.60
Solis,Sammy*        41    0  0  37.1   36   21   20   2  1  0   0   29   41   4   4   3  .571  0   1.741  4.82
Kazmir,Scott*       22   22  0 110.2  136   66   60  20  1  2   4   40  111   0   5   7  .417  0   1.590  4.88
Withrow,Chris       32    0  0  30.1   34   20   17   6  0  0   0   14   24   0   4   1  .800  0   1.582  5.04
Ziegler,Brad        71    0  0  69.1   84   43   39   3  2  2   6   27   53   4   6   1  .857  3   1.601  5.06
Foltynewicz,Mike    13   13  0  70.0   80   46   44   9  4  2   3   27   60   0   6   2  .750  0   1.529  5.66
Papelbon,Jonatha    32    0  0  36.1   46   25   24   6  0  2   0   11   31   0   1   1  .500  0   1.569  5.94
Perez,Williams       6    6  0  28.2   35   30   19   4  1  1   1    6   10   0   0   3  .000  0   1.430  5.97
Collmenter,Josh     32    0  0  44.0   54   33   33   8  0  0   4   19   35   2   1   1  .500  1   1.659  6.75
Osich,Josh*         47    0  0  18.1   16   14   14   4  0  1   0    9    4   1   0   0  .000  0   1.364  6.87
Norris,Bud          36    2  0  49.0   69   50   44  11  0  2   3   27   44   0   2   2  .500  1   1.959  8.08
Bailey,Andrew       27    0  0  25.0   37   25   25   6  0  2   1   15   21   1   2   0 1.000  1   2.080  9.00
                   152  152  3  1369 1391  713  643 163 38 45  44  474 1332  25  98  54  .645 46   1.362  4.23



Skramalonians        G   AB    H  2B  3B  HR   TB    R  RBI   BB    K  IB SH SF  SB CS   Avg    OB   Slg    OPS
Rivera,T.J.         67  110   46   8   1   4   68   22   21    8   12   1  0  1   0  0  .418  .467  .618  1.085
Pena,Ramiro#        39  104   35  10   2   1   52   12   18    1   19   0  0  0   0  0  .337  .361  .500   .861
Simmons,Andrelto   121  480  151  24   2   4  191   64   54   27   39   2  0  2  10  1  .315  .350  .398   .748
Pujols,Albert      121  257   78   8   1  20  148   52   54   24   40   2  0  2   1  0  .304  .365  .576   .941
Herrera,Odubel*     93  396  117  12   1   6  149   46   41   27   89   2  0  0  20  7  .295  .344  .376   .720
Cron,C.J.          130  435  126  33   1  13  200   54   59   19   97   1  0  3   0  1  .290  .328  .460   .788
Pagan,Angel#        75  269   78  15   5   6  121   41   33   23   38   0  0  2  10  2  .290  .346  .450   .796
Garcia,Adonis       70  201   58   7   1   6   85   28   29    9   26   0  0  2   1  1  .289  .322  .423   .745
Rendon,Anthony      59  226   65  17   0   6  100   35   43   34   57   3  0  2   6  4  .288  .380  .442   .822
Bryant,Kris         93  365  105  18   1  20  185   68   61   48  122   7  0  2   5  4  .288  .389  .507   .896
Markakis,Nick*     146  564  159  41   2  14  246   90   65   64   97   4  0  5   0  1  .282  .356  .436   .792
Flowers,Tyler       91  330   88  20   0   7  129   37   51   19  122   0  0  2   0  0  .267  .324  .391   .715
Gordon,Dee*        101  331   87   5   5   0  102   41   30   32   64   6  0  1  24  3  .263  .327  .308   .635
Ozuna,Marcell       59  246   64   6   0  13  109   44   38   30   59   0  0  3   0  0  .260  .342  .443   .785
Mathis,Jeff         44  116   29   2   1   1   36   13   12    7   36   0  1  0   0  0  .250  .298  .310   .608
Soto,Geovany        34   83   20   2   1   2   30   11   11    6   26   0  1  1   0  0  .241  .289  .361   .650
Harper,Bryce*       59  220   51   8   1  10   91   38   32   46   60   1  0  2   9  3  .232  .371  .414   .785
Descalso,Daniel*    94  202   46   6   1   4   66   25   25   39   49   6  0  4   0  0  .228  .355  .327   .682
Altherr,Aaron       56   44    9   2   0   0   11    5    3    4   10   0  0  0   4  1  .205  .327  .250   .577
Pierzynski,A.J.*    44  108   20   4   0   1   27    3    5    5   12   0  0  0   0  1  .185  .228  .250   .478
Wright,David         4    2    0   0   0   0    0    1    0    1    1   0  0  0   0  0  .000  .333  .000   .333
                   152 5408 1479 258  26 139 2206  745  696  478 1209  35 35 34  90 29  .273  .338  .408  .746

Skramalonians        G   GS CG    IP    H    R   ER  HR SH SF  HP   BB    K  IB   W   L   Pct Sv    WHIP   ERA
Chavez,Jesse        25    0  0  22.2   23    6    6   1  0  1   0    5   17   0   2   0 1.000  1   1.235  2.38
Gant,John            2    2  0   9.1    3    4    3   1  0  0   0   10    9   0   1   1  .500  0   1.393  2.89
Scherzer,Max        31   31  1 203.0  144   78   76  29  3  7   4   44  227   0  13  10  .565  0    .926  3.37
Rodney,Fernando     60    0  0  59.1   59   25   23   4  0  1   6   40   73   3   5   8  .385 27   1.669  3.49
Cueto,Johnny        19   19  2 126.0  124   54   50  10  4  2   4   22  125   0   5   3  .625  0   1.159  3.57
Rusin,Chris*        30    2  0  62.1   66   27   27   5  1  3   2   23   39   0   2   3  .400  1   1.428  3.90
Lackey,John         12   12  0  71.1   63   32   32   8  2  0   2   23   78   0   4   1  .800  0   1.206  4.04
Belisle,Matt        44    0  0  48.0   53   26   22   2  0  1   1    9   38   4   1   4  .200  2   1.292  4.13
Hammel,Jason        25   25  0 137.2  134   71   67  31  7  0   8   43  122   1   6   7  .462  0   1.286  4.38
Barrett,Jake        67    0  0  57.0   42   31   28   8  0  2   3   34   50   4   3   5  .375  0   1.333  4.42
Colon,Bartolo       34   31  0 192.2  228  106   96  32 11  4   4   42  128   1   9  13  .409  0   1.401  4.48
Kelley,Shawn        68    0  0  61.0   61   36   33  14  1  1   0   24   76   6   5   4  .556  0   1.393  4.87
Salas,Fernando      33    0  0  33.2   37   20   19   8  0  0   0    9   32   2   2   0 1.000  0   1.366  5.08
Guerra,Deolis       47    0  0  55.1   70   35   34   8  0  1   2   11   32   3   4   3  .571  1   1.464  5.53
Peavy,Jake          11    5  0  39.1   43   29   26   7  2  2   0   15   39   0   1   2  .333  0   1.475  5.95
Suarez,Albert       31    9  0  90.2  110   66   63  18  1  5   7   28   64   0   6   5  .545  0   1.522  6.25
Achter,A.J.         25    0  0  24.0   39   22   21   6  0  2   1   14    9   2   1   3  .250  0   2.208  7.88
Clemens,Paul        16   16  0  72.1   86   68   65  19  4  4   1   44   59   0   2   8  .200  0   1.797  8.09
                   152  152  1  1365 1385  736  691 211 36 36  45  440 1217  26  72  80  .474 32   1.337  4.55



Incarnations         G   AB    H  2B  3B  HR   TB    R  RBI   BB    K  IB SH SF  SB CS   Avg    OB   Slg    OPS
Recker,Anthony      37   39   14   4   1   0   20    6    6    8    8   0  1  0   0  0  .359  .468  .513   .981
Blackmon,Charlie    96  375  113  24   4  14  187   55   61   31   77   5  1  2   9  4  .301  .367  .499   .866
Realmuto,J.T.      125  495  148  22   1   5  187   68   48   28  102   4  0  4  15  6  .299  .340  .378   .718
Nunez,Eduardo      123  538  152  23   2  11  212   73   39   23   77   0  0  1  48 12  .283  .316  .394   .710
Loney,James*        18   18    5   2   0   0    7    0    1    0    1   0  0  0   0  0  .278  .278  .389   .667
Castro,Starlin     145  455  125  20   1   6  165   49   63   18  105   1  0  5   2  0  .275  .302  .363   .665
Goldschmidt,Paul   152  575  157  30   3  19  250   89   87   80  166   8  0  5  34  3  .273  .365  .435   .800
Solarte,Yangervi   105  415  110  29   2  12  179   63   63   38   66   3  0  2   0  0  .265  .330  .431   .761
Gosselin,Phil       87  185   49   8   0   1   60   19   13   12   43   2  1  0   0  0  .265  .317  .324   .641
Puig,Yasiel        115  342   89   8   9  14  157   44   56   28   79   0  0  3   6  1  .260  .325  .459   .784
Heisey,Chris        43   43   11   1   0   3   21    8    6    9   17   1  0  0   0  0  .256  .385  .488   .873
Jay,Jon*            98  232   56  13   2   1   76   24   25   27   60   1  0  0   0  1  .241  .331  .328   .659
Pham,Tommy          50  124   29  10   0   6   57   21   13   18   63   1  0  1   1  1  .234  .351  .460   .811
Holliday,Matt      103  372   86  20   0  17  157   39   58   27   95   0  0  5   0  0  .231  .292  .422   .714
d'Arnaud,Travis     43  140   32   3   0   1   38   11   10   10   34   0  0  0   0  0  .229  .285  .271   .556
Baez,Javier        107  336   74  12   0   3   95   36   30   21   91   1  0  4  12  4  .220  .275  .283   .558
Peterson,Jace*     124  299   58   8   2   4   82   27   27   44   66   2  0  3   0  2  .194  .299  .274   .573
                   152 5259 1348 243  27 117 1996  653  622  442 1252  29 40 35 127 35  .256  .320  .380  .699

Incarnations         G   GS CG    IP    H    R   ER  HR SH SF  HP   BB    K  IB   W   L   Pct Sv    WHIP   ERA
Siegrist,Kevin*     19    0  0  15.2    3    3    3   1  0  0   0   11   17   3   1   0 1.000  1    .894  1.72
Edwards Jr.,Carl    10    0  0  10.0    5    2    2   1  1  0   0    4   11   0   0   0  .000  3    .900  1.80
Jansen,Kenley       27    0  0  28.1   14    7    7   4  0  0   1    7   43   1   2   1  .667 16    .741  2.22
Cahill,Trevor       45    0  0  55.1   45   18   16   4  0  2   6   35   51   2   2   0 1.000  0   1.446  2.60
Strickland,Hunte    58    0  0  47.2   39   23   14   6  0  1   1   20   42   6   2   0 1.000  4   1.238  2.64
Broxton,Jonathan    59    0  0  55.1   40   22   21   3  1  1   3   15   58   1   1   4  .200  0    .994  3.42
Greinke,Zack        24   24  0 150.0  149   65   63  23  3  2   0   32  120   0  10   6  .625  0   1.207  3.78
Moore,Matt*         17   17  0  97.2   94   49   46   7  2  1   7   37   81   1   5  10  .333  0   1.341  4.24
McCarthy,Brandon    12    0  0  17.2   21   12    9   1  1  1   0    9   21   1   0   0  .000  0   1.698  4.58
Chen,Wei-Yin*       21   21  0 119.0  136   70   63  15  6  2   7   25  100   0   7   8  .467  0   1.353  4.76
Quackenbush,Kevi    25    0  0  23.2   22   14   13   2  0  3   0   12   11   2   2   2  .500  0   1.437  4.94
deGrom,Jacob        12   12  0  72.0   86   41   40  10  4  0   4   17   75   1   1   5  .167  0   1.431  5.00
Nolasco,Ricky       29   29  1 179.2  201  114  104  29  3  4   8   42  124   2   8  15  .348  0   1.353  5.21
Gonzalez,Gio*       30   30  0 163.1  183  103   95  23  5  2   7   55  151   0   8  12  .400  0   1.457  5.23
Clippard,Tyler      60    0  0  56.2   51   38   34  14  0  1   1   29   66   4   3   1  .750  1   1.412  5.40
Tropeano,Nick       12   12  0  60.2   70   39   37   9  2  3   2   21   69   0   1   7  .125  0   1.500  5.49
Smith,Joe           56    0  0  47.2   49   32   31   8  0  1   8   27   45   4   5   6  .455 12   1.594  5.85
Wood,Alex*           7    7  0  34.0   45   26   25   2  1  1   1    9   36   0   3   2  .600  0   1.588  6.62
Wood,Travis*        68    0  0  51.0   58   45   40  14  1  3   1   23   39   4   3   5  .375  0   1.588  7.06
Ellington,Brian     32    0  0  26.2   26   22   22   1  0  1   5   24   23   0   0   1  .000  0   1.875  7.43
Coleman,Louis       43    0  0  33.0   34   29   29   7  0  1   3   12   26   2   0   3  .000  0   1.394  7.91
                   152  152  1  1345 1371  774  714 184 30 30  65  466 1209  34  64  88  .421 37   1.366  4.78



B-Rads               G   AB    H  2B  3B  HR   TB    R  RBI   BB    K  IB SH SF  SB CS   Avg    OB   Slg    OPS
Rizzo,Anthony*      59  250   76  24   4   8  132   33   40   21   51   1  0  1   1  2  .304  .368  .528   .896
Sardinas,Luis#      72  123   36   7   2   8   71   19   27    5   36   0  2  0   0  0  .293  .320  .577   .897
Turner,Trea        109  317   92  11   4  11  144   49   40   13   68   1  0  2  32  4  .290  .318  .454   .772
Braun,Ryan          41  167   47   8   0   8   79   19   28   10   40   0  0  1   5  1  .281  .328  .473   .801
Posey,Buster        93  334   91  24   2   8  143   51   39   31   51   0  0  1   5  2  .272  .339  .428   .767
Freese,David       138  402  108  21   0  14  171   56   44   38  130   2  0  1   0  0  .269  .343  .425   .768
Crawford,Brandon   149  542  146  26   9  12  226   60   46   54  103   4  0  2   8  0  .269  .338  .417   .755
Granderson,Curti    59  215   57  10   3  10  103   33   37   19   53   1  0  3   2  0  .265  .340  .479   .819
Pederson,Joc*      132  387  102  24   3  22  198   70   62   55  122   4  0  1  11  3  .264  .360  .512   .872
Rupp,Cameron        59  225   59  12   1   9  100   27   22   12   70   2  0  0   0  0  .262  .308  .444   .752
Rojas,Miguel        70  159   40   5   0   3   54   10   23    4   27   2  0  1   0  0  .252  .281  .340   .621
Kemp,Matt           93  358   87  14   1  21  166   47   48   12  112   1  0  1   1  0  .243  .267  .464   .731
Gyorko,Jedd        138  408   98  12   0  37  221   65   85   29  115   0  0  7   0  0  .240  .288  .542   .830
Bour,Justin*        65  201   48   4   2  14   98   30   35   31   42   1  0  1   0  0  .239  .339  .488   .827
Taylor,Michael A    65  131   30   6   0   5   51   19   13    9   55   0  0  0   9  1  .229  .279  .389   .668
Upton,Justin        93  342   71  18   1  11  124   39   40   30  133   0  0  1   6  4  .208  .275  .363   .638
Thompson,Trayce     96  182   37   7   0   7   65   22   27   16   66   0  0  2   1  0  .203  .265  .357   .622
Blanco,Andres#      75   71   13   5   1   0   20    8    8    7   18   1  0  0   0  0  .183  .266  .282   .548
Kelly,Ty#           51   47    8   0   0   0    8    5    1   10   11   0  0  1   0  0  .170  .310  .170   .480
Herrmann,Chris*     41   49    8   2   2   1   17    7    3    5   21   1  0  0   0  0  .163  .241  .347   .588
Garneau,Dustin      19   18    2   0   0   0    2    2    1    2    9   0  0  0   0  0  .111  .200  .111   .311
                   152 5215 1305 245  35 209 2247  700  680  424 1436  21 34 28  81 17  .250  .310  .431  .741

B-Rads               G   GS CG    IP    H    R   ER  HR SH SF  HP   BB    K  IB   W   L   Pct Sv    WHIP   ERA
Chapman,Aroldis*    53    0  0  57.1   22    4    4   1  2  1   0    5   66   1   6   3  .667 36    .471  0.63
Buchter,Ryan*       16    0  0  14.1    7    2    2   0  1  0   2   10   21   2   2   0 1.000  0   1.186  1.26
Bowman,Matt         24    0  0  29.2   22   11    9   3  1  1   0    8   17   1   2   0 1.000  0   1.011  2.73
Blevins,Jerry*      59    0  0  41.2   36   15   14   5  0  0   3   15   54   1   3   1  .750  1   1.224  3.02
Strop,Pedro         50    0  0  41.0   22   17   15   2  1  0   2   23   46   2   1   1  .500  3   1.098  3.29
Chatwood,Tyler      28   28  0 160.2  123   62   59  17  4  6   4   61  122   0  14   5  .737  0   1.145  3.30
Reyes,Alex          31    0  0  43.1   30   18   16   2  1  1   0   19   40   3   9   3  .750  0   1.131  3.32
Hendricks,Kyle      30   30  1 194.0  168   84   75  22  8  3   6   59  168   0  13   8  .619  0   1.170  3.48
Cosart,Jarred        7    7  0  31.0   25   12   12   3  1  0   1   22   18   0   0   2  .000  0   1.516  3.48
Kontos,George       61    0  0  53.2   38   23   23   5  1  2   6   23   28   7   1   4  .200  3   1.137  3.86
Hellickson,Jerem    31   31  1 190.1  174   86   85  24  7  4   6   47  161   0  10  12  .455  0   1.161  4.02
Gray,Jon            30   30  0 169.2  152   85   79  15  6  3  12   53  168   0  10  14  .417  0   1.208  4.19
Smith,Will*         46    0  0  40.0   31   22   22   7  0  1   1   21   44   0   1   1  .500  1   1.300  4.95
Bradley,Archie      15   15  0  83.1  101   52   51   6  1  1   2   28   73   0   5   6  .455  0   1.548  5.51
Morin,Mike          57    0  0  58.2   74   42   41  10  0  2   0   26   52   0   0   0  .000  1   1.705  6.29
De La Rosa,Jorge    40   11  0  91.2  122   68   67  20  3  5   2   37   71   0   5   5  .500  0   1.735  6.58
Delgado,Randall     12    0  0  12.2   13   10   10   2  0  0   0    4   10   1   0   0  .000  0   1.342  7.11
Gomez,Jeanmar       28    0  0  25.1   36   23   23   3  1  2   1   18   20   7   1   2  .333  0   2.132  8.17
Ramirez,Jose        25    0  0  22.2   31   21   21   5  1  0   2   13   26   1   1   1  .500  0   1.941  8.34
                   152  152  2  1361 1227  657  628 152 39 32  50  492 1205  26  84  68  .553 45   1.263  4.15



Coop d'etat          G   AB    H  2B  3B  HR   TB    R  RBI   BB    K  IB SH SF  SB CS   Avg    OB   Slg    OPS
Suzuki,Ichiro*     119  318  109  27   9   0  154   50   35   27   58   4  0  1  13  3  .343  .397  .484   .881
Seager,Corey*      144  575  193  41   8  21  313  113   90   55  127   4  0  4   2  4  .336  .397  .544   .941
Pagan,Angel#        49  183   61  11   1   5   89   28   26   11   23   0  0  2   6  1  .333  .367  .486   .853
Ozuna,Marcell       83  328  106  14   3  25  201   53   69   21   81   0  0  1   0  0  .323  .365  .613   .978
Herrera,Odubel*     39  144   46   5   1   6   71   27   20   13   41   0  1  0   7  0  .319  .384  .493   .877
Ramos,Wilson       123  437  138  25   1  13  204   58   73   35   73   7  0  6   0  0  .316  .365  .467   .832
Inciarte,Ender*     52  191   59  12   3   2   83   25   21   12   29   1  1  1   6  3  .309  .354  .435   .789
Trumbo,Mark        151  510  155  33   0  44  320  105  127   49  158   0  0  7   0  0  .304  .368  .627   .995
Conforto,Michael    56  145   42  16   5   0   68   15   15   18   34   0  0  1   1  1  .290  .366  .469   .835
Bryant,Kris         58  227   63   8   2  11  108   38   33   30   65   2  0  1   5  3  .278  .380  .476   .856
Ross,David          69  184   50   4   0   9   81   26   34   27   61   3  5  1   0  0  .272  .363  .440   .803
Smith,Mallex*       72  144   37   5   3   3   57   25   24   16   36   0  0  2  10  5  .257  .327  .396   .723
Rendon,Anthony      94  362   93  24   3  13  162   66   55   41   80   0  0  3   8  3  .257  .341  .448   .789
Joseph,Tommy        90  292   73  11   0  11  117   45   38   27   59   2  0  2   0  0  .250  .314  .401   .715
Walker,Neil#       106  350   86   8   0  17  145   58   60   36   75   2  0  3   2  0  .246  .319  .414   .733
Harper,Bryce*       67  237   58   9   4   5   90   48   19   51   59   1  0  4  11  5  .245  .380  .380   .760
Reynolds,Matt       26   64   15   7   0   0   22    8    9    3   27   2  1  1   0  1  .234  .275  .344   .619
Schimpf,Ryan*      106  239   53  10   7  18  131   44   60   30   86   1  0  4   0  1  .222  .319  .548   .867
Ahmed,Nick          76   56   12   1   0   0   13    7    3    2   12   0  0  0   1  0  .214  .254  .232   .486
Toles,Andrew*       15   49   10   1   0   1   14    7    4    6   15   1  0  0   0  0  .204  .291  .286   .577
Pennington,Cliff    17   28    5   1   1   0    8    3    4    2   12   0  0  0   0  0  .179  .233  .286   .519
                   152 5358 1509 275  51 206 2504  866  844  520 1302  30 44 46  72 30  .282  .348  .467  .816

Coop d'etat          G   GS CG    IP    H    R   ER  HR SH SF  HP   BB    K  IB   W   L   Pct Sv    WHIP   ERA
Jansen,Kenley       23    0  0  23.0   13    5    4   1  0  0   0    2   33   0   2   0 1.000 16    .652  1.57
Reed,Addison        80    0  0  72.0   78   28   26   3  0  6   0   20   84   8   5   2  .714  0   1.361  3.25
Matz,Steven*        17   17  1  98.1  102   45   36   8  3  1   1   21  111   0   9   3  .750  0   1.251  3.29
Ramos,A.J.           9    0  0   7.2    6    3    3   1  0  0   0    6    7   3   1   1  .500  0   1.565  3.52
Cueto,Johnny        11   11  2  78.2   66   34   31   6  2  2   6   12   67   1   3   5  .375  0    .992  3.55
Teheran,Julio       27   27  1 167.0  149   72   68  22  5  5   7   40  158   1   7   9  .438  0   1.132  3.66
Barraclough,Kyle    70    0  0  62.1   57   27   26   1  2  2   2   40   85   2   6   3  .667  1   1.556  3.75
Johnson,Jim         44    0  0  40.0   39   18   18   2  2  2   2   22   35   1   1   6  .143 22   1.525  4.05
Ramos,Edubray       40    0  0  39.1   37   18   18   5  0  1   1   14   45   2   2   1  .667  0   1.297  4.12
Liberatore,Adam*    47    0  0  37.1   32   19   19   5  0  1   1   17   43   1   1   3  .250  0   1.313  4.58
Roark,Tanner        16   13  0  76.1   88   42   40   8  2  1   6   29   71   1   3   4  .429  0   1.533  4.72
Martinez,Carlos     31   31  0 177.0  179  102   94  17 10  7  14   72  160   1  12   8  .600  0   1.418  4.78
Duke,Zach*          13    0  0   9.1   11    5    5   0  0  1   0    6   12   0   0   0  .000  0   1.821  4.82
McCarthy,Brandon    18    0  0  27.0   25   16   16   2  0  1   2   25   33   2   1   1  .500  0   1.852  5.33
Anderson,Tyler*     20   20  0 106.2  135   70   64   7  7  5   1   27   84   0   4   8  .333  0   1.519  5.40
Richard,Clayton*    25    4  0  53.1   75   43   36   8  4  1   2   20   29   0   1   4  .200  1   1.781  6.08
Lyles,Jordan        20    0  0  26.2   38   24   21   2  1  4   3   12   15   2   3   0 1.000  1   1.875  7.09
Lackey,John         20   20  0  94.1  116   85   81  21  5  4   6   49   96   0   5  10  .333  0   1.749  7.73
Salas,Fernando      49    0  0  44.0   67   43   41   8  2  1   0   16   42   0   4   2  .667  0   1.886  8.39
Urias,Julio*        11    8  0  36.1   57   36   34   2  2  3   4   12   34   0   2   3  .400  0   1.899  8.42
Grimm,Justin        56    0  0  48.0   61   50   48   4  0  3   0   28   54   0   3   2  .600  0   1.854  9.00
Butler,Eddie        17    1  0  25.1   51   35   31   7  2  1   1    4   20   0   1   1  .500  0   2.171 11.01
                   152  152  4  1350 1482  820  760 140 49 52  59  494 1318  25  76  76  .500 41   1.464  5.07



Co Operators         G   AB    H  2B  3B  HR   TB    R  RBI   BB    K  IB SH SF  SB CS   Avg    OB   Slg    OPS
Rizzo,Anthony*      90  351  122  20  10  24  234   83   78   47   64   6  0  3   1  0  .348  .434  .667  1.101
Trout,Mike          93  364  122  26   2  16  200   90   68   62  108   5  0  5  21  6  .335  .432  .549   .981
Dahl,David*         79  230   71  10   6   9  120   44   44   20   49   1  0  3   2  1  .309  .360  .522   .882
Blanco,Andres#      44  135   41  14   1   1   60    9   14    8   26   1  0  1   2  1  .304  .354  .444   .798
Cabrera,Asdrubal   137  534  159  27   3  25  267   85  100   52  121   2  0  3   5  1  .298  .365  .500   .865
Hernandez,Cesar#   137  524  154   5  23   7  226   95   57   61  115   2  0  4  20 11  .294  .367  .431   .798
Garcia,Greg*        94  218   61   6   1   1   72   41   20   43   49   0  0  0   0  1  .280  .408  .330   .738
Yelich,Christian    56  209   58  16   0   6   92   22   23   28   50   0  0  2   5  1  .278  .363  .440   .803
Almora Jr.,Alber    92  115   32   7   1   2   47   10   17    5   27   1  0  1   0  0  .278  .306  .409   .715
Parker,Jarrett*     70  119   33   1   2   6   56   26   16   22   40   0  0  1   0  0  .277  .412  .471   .883
Hechavarria,Adei    25   47   13   2   0   0   15    6    7    4    9   1  0  0   0  0  .277  .333  .319   .652
Herrmann,Chris*     48   89   24   1   1   4   39   10   13    7   22   2  0  0   1  0  .270  .323  .438   .761
Stanton,Giancarl   124  345   93  12   3  19  168   50   66   43  136   1  0  6   0  0  .270  .350  .487   .837
Grichuk,Randal     134  261   70  26   1  12  134   45   44   20   86   0  0  4   1  2  .268  .321  .513   .834
Posey,Buster        59  221   59  14   1   5   90   27   21   25   27   4  0  3   3  2  .267  .337  .407   .744
Petit,Gregorio     107  156   41  13   0   2   60   21   17   10   37   2  1  1   0  0  .263  .305  .385   .690
Zimmerman,Ryan      27   64   16   5   1   1   26   13   10    6   15   0  0  0   0  0  .250  .314  .406   .720
Escobar,Yunel       50  189   47   6   0   2   59   23   23   15   34   2  0  1   0  1  .249  .306  .312   .618
Upton,Justin        32   78   19   2   1   2   29   13    9    7   27   0  0  0   1  1  .244  .314  .372   .686
Granderson,Curti    68  202   48  11   2  10   93   39   45   42   56   1  0  1   1  2  .238  .380  .460   .840
Wong,Kolten*        24   69   16   0   3   2   28   10   15    5   13   0  0  1   1  0  .232  .280  .406   .686
Franco,Maikel       64  103   23   1   0   4   36   10   15    3   26   0  0  2   0  0  .223  .248  .350   .598
Bour,Justin*        35   88   18   7   0   5   40   11   16   14   18   1  0  3   0  0  .205  .305  .455   .760
Rupp,Cameron        54  162   33   8   0   6   59   11   17    8   51   0  0  0   0  1  .204  .250  .364   .614
Wolters,Tony*       65  170   34   7   3   2   53   24   20   21   47   1  2  1   0  1  .200  .286  .312   .598
                   152 5320 1439 251  65 174 2342  839  799  592 1373  33 39 49  64 32  .270  .346  .440  .787

Co Operators         G   GS CG    IP    H    R   ER  HR SH SF  HP   BB    K  IB   W   L   Pct Sv    WHIP   ERA
Rondon,Hector       15    0  0  24.1   17    2    2   0  0  0   1    1   24   0   0   1  .000  7    .740  0.74
Buchter,Ryan*       48    0  0  49.1   32   20   19   3  0  2   1   33   68   6   7   3  .700  0   1.318  3.47
Gearrin,Cory        20    0  0  23.2   20   10   10   0  1  0   0   11   21   0   0   1  .000  0   1.310  3.80
Vizcaino,Arodys     26    0  0  25.2   25   11   11   4  0  1   1   16   32   1   0   0  .000  5   1.597  3.86
Stripling,Ross      52    2  0  79.1   88   38   34   6  1  6   1   26   45   1   2   3  .400  1   1.437  3.86
Nola,Aaron          10   10  0  58.1   64   26   26   8  1  0   2   12   53   0   1   5  .167  0   1.303  4.01
Dyson,Sam           31    0  0  29.0   37   13   13   3  1  1   1   10   33   4   4   4  .500 15   1.621  4.03
Cabrera,Mauricio    44    0  0  40.1   48   26   19   2  1  4   5   26   27   5   2   3  .400  6   1.835  4.24
Syndergaard,Noah    11   11  0  57.2   59   32   28   4  2  0   0   18   72   0   3   2  .600  0   1.335  4.37
Leake,Mike          20   20  2 124.2  145   62   61  13  2  3   1   18   82   1  11   3  .786  0   1.307  4.40
Friedrich,Christ    14   11  0  71.0   81   42   42   8  6  2   2   29   46   1   4   5  .444  0   1.549  5.32
Gsellman,Robert     26    0  0  45.2   68   28   27   2  1  0   3   21   41   3   1   4  .200  0   1.949  5.32
Bettis,Chad         32   32  1 178.1  205  115  107  25 10  9   8   57  139   0   9  15  .375  0   1.469  5.40
Miller,Shelby        3    3  0  15.1   16   10   10   2  1  1   0    6   11   0   1   1  .500  0   1.435  5.87
Bowman,Matt         35    0  0  40.1   51   27   27   5  0  1   1   13   27   0   1   1  .500  1   1.587  6.02
Ray,Robbie*         30   30  0 147.0  174  104  100  31  9  3   4   68  182   0   8   9  .471  0   1.646  6.12
Neris,Hector        81    0  0  81.2   86   60   58  15  1  4   3   42  104   8  10   3  .769  1   1.567  6.39
Krol,Ian*           27    0  0  25.2   36   24   20   7  1  1   4   11   26   0   0   4  .000  0   1.831  7.01
Wittgren,Nick       46    0  0  53.2   83   47   42  10  2  1   3   15   33   1   3   1  .750  0   1.826  7.04
Bradley,Archie       5    5  0  22.2   30   19   18   4  2  2   0    7   25   0   1   2  .333  0   1.632  7.15
Skaggs,Tyler*       10   10  0  42.2   64   39   37   8  3  1   0   18   49   0   0   2  .000  0   1.922  7.80
Wacha,Michael       40   18  0 120.1  185  113  109  20  9  8   5   35  104   0   4   8  .333  1   1.828  8.15
Ramirez,Jose         5    0  0   4.0    7    7    7   3  0  0   1    2    3   0   0   0  .000  0   2.250 15.75
                   152  152  3  1360 1621  875  827 183 54 50  47  495 1247  31  72  80  .474 37   1.556  5.47



Fentonators          G   AB    H  2B  3B  HR   TB    R  RBI   BB    K  IB SH SF  SB CS   Avg    OB   Slg    OPS
Szczur,Matt         22   81   26   2   0   3   37    8   12    4   16   0  0  1   0  6  .321  .364  .457   .821
Flores,Wilmer       43   88   27   3   0   8   54   16   18    5   16   0  0  2   0  0  .307  .337  .614   .951
LeMahieu,DJ        130  528  153  21   6   3  195   76   52   61   86   6 11  2  11  4  .290  .367  .369   .736
Reddick,Josh*      111  350  100  16   1  13  157   56   37   54   37   2  0  3  13  2  .286  .378  .449   .827
Desmond,Ian        148  594  168  29   3  26  281   82   84   41  180   3  0  3  19  5  .283  .334  .473   .807
Drury,Brandon       97  255   70  18   0   5  103   31   30   16   67   1  0  0   1  3  .275  .320  .404   .724
Gonzalez,Adrian*    90  299   81  16   0   6  115   32   30   27   71   4  0  4   0  1  .271  .329  .385   .714
Galvis,Freddy#     147  483  130  29   9  16  225   52   60   18  113   2 15  4  16 10  .269  .300  .466   .766
Gonzalez,Carlos*   134  516  139  34   7  13  226   83   74   53   91   3  0  3   0  0  .269  .336  .438   .774
Weeks Jr.,Rickie    77  134   34   5   2   6   61   19   21   20   36   2  0  1   1  1  .254  .357  .455   .812
Reynolds,Mark       45  183   46   9   0   4   67   21   27   14   67   1  0  2   0  0  .251  .308  .366   .674
Adams,Matt*         79  130   32   7   0   7   60   21   18    8   28   0  0  0   0  0  .246  .290  .462   .752
Lamb,Jake*         147  493  117  19  16  30  258   76   93   45  130   1  0  1   7  4  .237  .303  .523   .826
Swanson,Dansby      45  107   25   5   0   1   33   11    8    4   30   1  1  0   2  0  .234  .261  .308   .569
Ruiz,Carlos         20   45   10   0   0   0   10    2    4    3   15   1  0  0   0  0  .222  .286  .222   .508
Rivera,Rene         29   88   19   7   0   2   32   11    8   10   30   0  0  1   0  0  .216  .293  .364   .657
Story,Trevor         6   10    2   0   1   0    4    0    0    1    4   0  0  0   0  1  .200  .273  .400   .673
Norris,Derek       114  388   73  14   1  13  128   40   48   18  167   0  0  5   7  0  .188  .225  .330   .555
Lagares,Juan        70  106   19   4   1   0   25   14    8   13   32   0  3  0   2  1  .179  .275  .236   .511
Adrianza,Ehire#     13   23    4   0   0   0    4    2    1    1    9   0  4  0   0  0  .174  .208  .174   .382
Lobaton,Jose#       28   63    9   1   0   2   16    8    6   14   13   1  0  0   0  0  .143  .299  .254   .553
                   152 5272 1324 242  47 158 2134  677  650  439 1344  28 64 32  79 38  .251  .311  .405  .715

Fentonators          G   GS CG    IP    H    R   ER  HR SH SF  HP   BB    K  IB   W   L   Pct Sv    WHIP   ERA
Oh,Seung Hwan       17    0  0  17.1   12    3    3   0  0  1   1    3   22   1   1   1  .500  2    .865  1.56
Kershaw,Clayton*    24   24  0 141.2  106   36   28   9  1  2   3   14  174   0  12   6  .667  0    .847  1.78
Law,Derek           58    0  0  49.1   39   14   13   3  0  1   0   14   44   2   2   1  .667  1   1.074  2.37
Hill,Rich*          17   17  0  93.1   69   27   26   4  4  0   7   30  114   0   7   4  .636  0   1.061  2.51
Lester,Jon*         31   31  2 184.2  160   64   54  16  8  1   3   51  205   0  14   5  .737  0   1.143  2.63
Familia,Jeurys      69    0  0  75.0   57   25   23   1  1  3   3   26   85   5   6  11  .353 42   1.107  2.76
Estrada,Marco       29   29  0 165.1  105   60   54  22  6  2   4   58  142   0  11   6  .647  0    .986  2.94
Romo,Sergio         33    0  0  30.1   19   10   10   6  0  0   0    4   36   2   3   1  .750  0    .758  2.97
Siegrist,Kevin*     35    0  0  31.2   18   11   11   4  0  1   1   11   31   0   1   1  .500  0    .916  3.13
Moore,Matt*         10   10  0  57.1   48   25   21  10  1  0   0   15   54   0   3   1  .750  0   1.099  3.30
Montgomery,Mike*    52    9  0  99.1   83   39   37   6  6  4   6   38   99   1   4   3  .571  0   1.218  3.35
Baez,Pedro          44    0  0  45.1   35   24   21   5  0  3   1   26   54   2   3   3  .500  0   1.346  4.17
Goeddel,Erik        38    0  0  38.2   36   24   21   7  1  4   1   19   34   1   1   2  .333  0   1.422  4.89
Howell,J.P.*        15    0  0  14.2   22   10    8   0  0  1   3    4   10   0   0   1  .000  1   1.773  4.91
Shoemaker,Matt      27   26  1 149.1  174   95   83  21  5  0   8   29  140   1   7   9  .438  0   1.359  5.00
Maness,Seth          6    0  0   5.1    7    3    3   0  0  0   0    0    0   0   1   0 1.000  0   1.313  5.06
Wisler,Matt         31    5  0  69.1   75   41   40  13  1  2   1   24   50   3   6   2  .750  0   1.428  5.19
Ramirez,JC          46    0  0  52.0   66   33   30  12  0  3   5   16   37   2   5   4  .556  0   1.577  5.19
Verrett,Logan        8    1  0  13.0   13    8    8   3  0  0   0   10    9   2   0   0  .000  0   1.769  5.54
Petit,Yusmeiro      40    0  0  65.2   87   44   44  14  5  3   1   15   56   4   2   2  .500  1   1.553  6.03
                   152  152  3  1398 1231  596  538 156 39 31  48  407 1396  26  89  63  .586 47   1.172  3.46



Rivercrypts          G   AB    H  2B  3B  HR   TB    R  RBI   BB    K  IB SH SF  SB CS   Avg    OB   Slg    OPS
Murphy,Daniel*     111  450  151  33   5  19  251   69   80   29   55   4  0  3   5  3  .336  .381  .558   .939
Braun,Ryan          88  359  109  16   1  18  181   51   61   15   67   0  0  3  11  3  .304  .331  .504   .835
Johnson,Kelly*     114  155   47   1   0   9   75   18   30    8   30   0  0  4   1  0  .303  .329  .484   .813
Bruce,Jay*          52  194   56  13   3  11  108   35   40   17   50   1  0  1   1  1  .289  .347  .557   .904
Owings,Chris        85  225   64   8   3   2   84   31   24    9   49   2  0  1  11  6  .284  .316  .373   .689
Hundley,Nick        18   46   13   2   0   0   15    5    3    3   16   0  0  0   0  0  .283  .327  .326   .653
Gillaspie,Conor*   102  205   57   4   7  11  108   31   31   14   29   1  0  2   1  1  .278  .321  .527   .848
Segura,Jean        152  659  179  29   1  13  249   92   69   30   95   2  2  3  38 13  .272  .314  .378   .692
Story,Trevor        88  328   86  15   2  14  147   36   41   28  125   0  3  6   7  3  .262  .324  .448   .772
Molina,Yadier      122  453  118  28   2   5  165   49   35   28   51   1  0  1   2  1  .260  .314  .364   .678
Dickerson,Alex*     76  221   55  20   1   8  101   29   32   29   44   3  0  1   3  0  .249  .343  .457   .800
Tomas,Yasmany      116  347   86  19   1  16  155   45   48   14   92   4  0  1   1  1  .248  .278  .447   .725
Fowler,Dexter#     123  445  109  29   9   9  183   89   42   92  118   5  1  2  16  3  .245  .382  .411   .793
Arenado,Nolan      152  605  146  25   3  30  267   77  111   45  110   2  0 14   1  2  .241  .289  .441   .730
Bethancourt,Chri    26   95   21   4   1   3   36   10    9    2   30   0  0  0   0  0  .221  .237  .379   .616
Jankowski,Travis   105  219   46   3   0   1   52   24   15   27   65   1  2  2  21  6  .210  .294  .237   .531
Conforto,Michael    33   37    7   1   0   1   11    2    4    6   13   0  0  0   0  0  .189  .302  .297   .599
Giavotella,Johnn    27   24    4   0   0   1    7    2    4    2    5   0  1  0   0  0  .167  .231  .292   .523
d'Arnaud,Chase       5    3    0   0   0   0    0    0    0    1    1   0  0  0   0  0  .000  .250  .000   .250
                   152 5329 1403 258  40 171 2254  717  689  407 1129  26 28 47 119 43  .263  .319  .423  .742

Rivercrypts          G   GS CG    IP    H    R   ER  HR SH SF  HP   BB    K  IB   W   L   Pct Sv    WHIP   ERA
Cervenka,Hunter*    17    0  0  13.1    6    5    5   2  0  0   0    4   10   0   1   1  .500  0    .750  3.38
McGowan,Dustin      68    0  0  71.0   57   36   30   8  3  4   2   49   51   2   6   1  .857  0   1.493  3.80
Ross,Joe            20   20  0 110.0  119   60   49  12  5  3   6   28   83   0   5   8  .385  0   1.336  4.01
Ramos,A.J.          17    0  0  15.1   20    7    7   1  0  0   3   17   17   0   0   3  .000  2   2.413  4.11
Casilla,Santiago    61    0  0  48.0   44   22   22  12  0  2   4   15   62   2   4   7  .364  1   1.229  4.13
Dunn,Mike*          46    0  0  43.0   56   21   21   6  1  0   1   12   45   0   2   0 1.000  0   1.581  4.40
Hand,Brad*          81    0  0  71.0   62   36   36   7  0  3   2   32   85   5   3   1  .750  0   1.324  4.56
Jeffress,Jeremy     47    0  0  45.2   58   29   24   2  0  0   4   31   26   4   2   6  .250 26   1.949  4.73
Eickhoff,Jerad      26   26  1 147.2  142   90   85  27  5  5  10   36  128   1   7   9  .438  0   1.205  5.18
Roark,Tanner        26   18  0 103.1  105   65   62  10  1  1   7   48   87   0   4   7  .364  0   1.481  5.40
Lugo,Seth           33    5  0  61.0   65   41   40   7  0  3   4   36   50   0   4   3  .571  0   1.656  5.90
Kennedy,Ian         35   35  0 174.1  171  121  116  45  6  6   6   68  176   2   8  15  .348  0   1.371  5.99
Rzepczynski,Marc    64    0  0  43.0   43   30   29   2  0  0   1   28   44   2   2   3  .400  0   1.651  6.07
Robles,Hansel       70    0  0  67.1   81   49   47   9  1  2   1   48   84  11   3   4  .429  0   1.916  6.28
Koehler,Tom          9    9  0  38.1   48   29   29   7  4  4   0   28   30   0   1   4  .200  0   1.983  6.81
Hernandez,David     77    0  0  77.0  112   59   59  20  1  1   0   31   94   2   1   1  .500  0   1.857  6.90
Velasquez,Vince     30   30  0 142.2  191  125  111  35  6  2   3   56  165   1   2  16  .111  0   1.731  7.00
Perdomo,Luis        29    9  0  79.2  105   70   64  13  1  3   6   22   63   1   1   7  .125  0   1.594  7.23
                   152  152  1  1351 1485  895  836 225 34 39  60  589 1300  33  56  96  .368 29   1.535  5.57

