Avery Tards          G   AB    H  2B  3B  HR   TB    R  RBI   BB    K  IB  SH SF  SB CS   Avg    OB   Slg    OPS
Ruiz,Rio*            3    2    1   1   0   0    2    1    0    0    1   0   0  0   0  0  .500  .500 1.000  1.500
Freeman,Freddie*   113  432  134  36   1  30  262   88   95   62   80   3   0  5  10  2  .310  .400  .606  1.006
Pirela,Jose         15   47   14   5   0   3   28    5   15    4   11   0   0  0   0  0  .298  .353  .596   .949
Lind,Adam*          40   86   25   4   0   7   50   15   16    8   11   0   0  0   0  1  .291  .358  .581   .939
Haniger,Mitch      106  373  114  28   2  20  206   71   80   32  101   0   1  3   9  2  .306  .382  .552   .934
Cabrera,Asdrubal   111  296   97  18   1  14  159   49   49   23   44   2   0  4   2  0  .328  .375  .537   .912
Hundley,Nick        46  134   38  14   0   8   76   19   27   11   41   2   0  0   0  0  .284  .338  .567   .905
Williams,Nick*       9   19    5   3   1   0   10    3    1    2    4   0   0  0   0  2  .263  .364  .526   .890
Wong,Kolten*       118  375  124  30   3   5  175   65   41   39   67   3   0  2   8  3  .331  .402  .467   .869
Herrera,Odubel*    118  328   98  27   4  11  166   55   44   18   76   1   0  1   4  3  .299  .338  .506   .844
Adams,Lane          59  114   34   1   0   6   53   22   18   12   26   1   1  1   4  1  .298  .362  .465   .827
Nimmo,Brandon*      86  169   45  13   0   3   67   31   16   46   58   1   1  1   2  0  .266  .427  .396   .823
Fowler,Dexter#     124  429  115  29   6  14  198   79   62   54  109   0   0  2   7  2  .268  .354  .462   .816
Reddick,Josh*       56  169   51  10   1   3   72   26   24   20   25   3   0  0   1  0  .302  .376  .426   .802
Arenado,Nolan      151  612  161  39   6  26  290   84  100   39  126   2   2 11   2  4  .263  .309  .474   .783
Crawford,Brandon    76  283   81  21   0   9  129   33   43   13   56   2   0  2   1  1  .286  .315  .456   .771
Seager,Corey*       61  225   58  11   0   6   87   28   21   22   61   0   0  2   1  1  .258  .327  .387   .714
Adams,Matt*         74  145   36   9   2   4   61   18   24   10   43   0   0  3   0  0  .248  .291  .421   .712
Reyes,Jose#         31   50   14   4   0   0   18    7    4    3   10   0   1  0   1  0  .280  .333  .360   .693
Grandal,Yasmani#   111  382   85  18   0  15  148   42   50   48  120   1   0  7   0  0  .223  .304  .387   .691
Jay,Jon*           124  237   66   2   1   1   73   31   16   20   46   0   0  0   6  0  .278  .352  .308   .660
Barnes,Austin       17   52   11   2   1   1   18    5    3    5   16   0   0  0   0  0  .212  .293  .346   .639
La Stella,Tommy*    10   22    5   1   0   1    9    3    1    0    1   0   0  0   0  0  .227  .227  .409   .636
Rupp,Cameron         8   25    5   1   0   0    6    2    0    6   12   0   0  0   0  0  .200  .355  .240   .595
                   152 5307 1473 335  29 192 2442  813  773  499 1224  21  41 46  58 22  .278  .344  .460   .804

Avery Tards          G   GS CG    IP    H    R   ER  HR  SH SF  HP   BB    K  IB   W   L   Pct Sv    WHIP   ERA
Kimbrel,Craig       56    0  0  55.1   14    3    3   3   0  0   4    6   88   1   5   0 1.000 38    .361  0.49
Chen,Wei-Yin*       20    0  0  13.0    8    1    1   0   0  0   0    4    8   0   2   0 1.000  2    .923  0.69
McGee,Jake*         22    0  0  18.1   11    4    3   1   0  0   0    7   22   1   0   0  .000  0    .982  1.47
Cecil,Brett*        66    0  0  68.0   60   12   12   2   0  1   0   10   67   1   5   2  .714  0   1.029  1.59
Ramirez,Jose        21    0  0  21.0   11    5    4   2   0  1   1    9   14   0   2   0 1.000  0    .952  1.71
Madson,Ryan         60    0  0  53.2   46   15   14   1   0  1   6    9   62   4   5   1  .833  1   1.025  2.35
Kershaw,Clayton*    14   14  0  91.1   80   28   25  10   1  1   1   12  109   1   8   3  .727  0   1.007  2.46
Garcia,Jarlin*      39    0  0  38.1   41   13   13   2   0  0   4   11   23   1   0   0  .000  0   1.357  3.05
Morrow,Brandon      18    0  0  16.2   16    6    6   1   1  1   0    5   20   0   1   0 1.000  0   1.260  3.24
Newcomb,Sean*        5    5  0  25.0   26   10   10   1   1  0   1   14   28   0   2   2  .500  0   1.600  3.60
Eickhoff,Jerad      22   22  0 124.0  130   57   52  14   5  2   2   33  116   0   7   6  .538  0   1.315  3.77
McFarland,T.J.*     26    0  0  36.1   35   20   16   3   0  2   2   18   19   0   3   1  .750  0   1.459  3.96
Chacin,Jhoulys      33   33  1 186.1  157   87   83  24   5  5  13   70  148   0  13  11  .542  0   1.218  4.01
Hill,Rich*          12   12  0  64.0   49   33   29   8   2  2   6   21   68   0   6   2  .750  0   1.094  4.08
Montgomery,Mike*    20    4  1  47.2   38   26   25   6   4  0   3   20   36   0   3   4  .429  0   1.217  4.72
Dickey,R.A.         16   16  0  93.1   89   53   50  14   2  3   4   39   73   0   4   8  .333  0   1.371  4.82
Neshek,Pat          68    0  0  57.2   66   32   31   5   0  3   0   16   71   6   6   4  .600  0   1.422  4.84
deGrom,Jacob        18   18  1 107.1  116   67   63  19   2  2   3   36  131   0  10   4  .714  0   1.416  5.28
Garcia,Jaime*       25   25  0 135.0  151   87   81  20   4  6   2   52  123   0   9   6  .600  0   1.504  5.40
Norris,Bud          33    1  0  49.2   55   33   33  11   3  0   2   19   73   1   2   2  .500  2   1.490  5.98
Stratton,Chris      26    2  0  42.0   54   33   33  10   2  2   1   22   35   1   1   2  .333  0   1.810  7.07
Jackson,Luke         3    0  0   2.1    5    2    2   0   0  0   0    0    1   0   0   0  .000  0   2.143  7.71
Grimm,Justin         6    0  0   7.2   15   11   11   2   0  0   0    2    6   0   0   0  .000  0   2.217 12.91
                   152  152  2  1354 1273  638  600 159  32 32  55  435 1341  17  94  58  .618 43   1.261  3.99

B-Rads               G   AB    H  2B  3B  HR   TB    R  RBI   BB    K  IB  SH SF  SB CS   Avg    OB   Slg    OPS
Coleman,Dusty        3    5    1   0   0   1    4    1    1    0    1   0   0  0   0  0  .200  .200  .800  1.000
Suzuki,Kurt        105  291   82  18   0  23  169   46   52   17   37   3   0  2   0  0  .282  .349  .581   .930
Rizzo,Anthony*      82  308   77   9   1  18  142   43   48   41   54   3   0  3   5  1  .250  .355  .461   .816
Peralta,David*      64  233   65   6   3   7   98   39   19   27   43   0   0  0   8  1  .279  .364  .421   .785
Barnes,Austin       56  193   52  11   2   6   85   28   21   21   47   1   0  2   1  1  .269  .344  .440   .784
Pollock,A.J.       132  395  107  21   2  13  171   39   61   37   69   6   0  4  16  7  .271  .341  .433   .774
Adams,Matt*         57  101   28   7   1   2   43    9   12    4   28   0   0  0   0  0  .277  .305  .426   .731
Taylor,Michael A   123  321   75  20   3  11  134   32   30   26  129   3   1  3   9  7  .234  .291  .417   .708
Bader,Harrison      41  102   27   2   0   5   44   12   12    0   19   0   0  0   2  2  .265  .272  .431   .703
Forsythe,Logan     101  260   59  18   0   5   92   30   22   45   78   0   0  1   6  0  .227  .346  .354   .700
Solarte,Yangervi   145  486  113  18   0  21  194   50   65   36   61   1   0  2   2  1  .233  .291  .399   .690
Bryant,Kris         69  272   59  18   2   7  102   36   20   30   75   0   0  0   4  1  .217  .308  .375   .683
Rojas,Miguel        87  312   86  12   1   1  103   33   24   26   50   0   3  2   6  1  .276  .341  .330   .671
Lind,Adam*          74  199   42   6   0   7   69   26   29   20   37   0   0  2   0  0  .211  .284  .347   .631
Russell,Addison    123  343   64  23   2   9  118   41   38   34  102   3   0  2   2  2  .187  .270  .344   .614
Happ,Ian#          118  384   67  11   3  18  138   46   45   38  167   1   3  2   4  5  .174  .253  .359   .612
Kemp,Matt          103  143   27   4   0   8   55   16   14    3   28   0   0  1   0  1  .189  .204  .385   .589
Rupp,Cameron        29   99   16   6   0   4   34   10    9    9   38   2   0  0   0  0  .162  .231  .343   .574
Hundley,Nick        20   51   10   9   0   0   19    6    3    0   12   0   0  0   0  0  .196  .196  .373   .569
Werth,Jayson        67  153   27   6   0   3   42   15   14   26   43   1   0  1   2  2  .176  .294  .275   .569
Ahmed,Nick          13   11    2   1   0   0    3    2    1    0    4   0   0  0   0  0  .182  .182  .273   .455
Zobrist,Ben#        70  244   25   2   0   3   36   22   12   32   50   3   1  2   4  1  .102  .211  .148   .359
Rivera,Rene          3    2    0   0   0   0    0    0    0    0    0   0   0  0   0  0  .000  .000  .000   .000
                   152 5178 1138 229  20 172 1923  588  560  476 1304  27  41 30  71 33  .220  .293  .371   .664

B-Rads               G   GS CG    IP    H    R   ER  HR  SH SF  HP   BB    K  IB   W   L   Pct Sv    WHIP   ERA
Hoover,J.J.          2    0  0   1.2    0    1    0   0   0  0   0    3    3   0   0   0  .000  0   1.800  0.00
Stewart,Brock       18    1  0  25.1   16   10    6   3   0  0   0   12   24   1   2   2  .500  3   1.105  2.13
Ottavino,Adam       32    0  0  28.2   16    8    7   0   1  0   3   17   38   1   3   1  .750  0   1.151  2.20
Robles,Hansel       48    0  0  59.0   31   17   15  10   0  0   1   29   56   3   1   2  .333  4   1.017  2.29
Kintzler,Brandon    35    0  0  34.2   30   12    9   2   0  1   3   11   16   1   3   2  .600 17   1.183  2.34
McFarland,T.J.*     15    0  0  23.0   17    7    6   2   0  0   2    6   11   0   2   0 1.000  2   1.000  2.35
Ramirez,Jose        48    0  0  41.2   28   13   11   4   0  1   4   24   39   3   1   2  .333  1   1.248  2.38
McGee,Jake*         36    0  0  37.1   25   13   11   5   0  1   0   10   34   2   1   1  .500  1    .938  2.65
Hernandez,David     33    0  0  30.1   23    9    9   1   1  0   1    4   26   4   1   1  .500  0    .890  2.67
Stripling,Ross      58    0  0  73.1   68   33   27  13   2  0   0   16   71   2   5   5  .500  6   1.145  3.31
Chatwood,Tyler      28   28  0 155.1  107   62   59  17   4  3   5   76  130   0   8   9  .471  0   1.178  3.42
Ramirez,JC          28   28  1 158.0  157   69   64  21   5  7   6   44  120   0  10   9  .526  0   1.272  3.65
Quintana,Jose*      31   31  0 182.2  137   80   75  25  11  4  12   64  184   1   6  15  .286  0   1.100  3.70
Blanton,Joe          3    0  0   2.1    2    1    1   1   0  0   0    1    2   0   1   0 1.000  0   1.286  3.86
Lamet,Dinelson      24   24  0 125.2   85   59   59  25   2  2   5   59  153   1   6   7  .462  0   1.146  4.23
Cingrani,Tony*      53    0  0  46.2   43   24   24  10   1  0   2   20   62   4   1   4  .200  0   1.350  4.63
Ramirez,Neil         2    0  0   3.2    1    2    2   1   0  0   0    2    6   0   0   0  .000  0    .818  4.91
Hill,Rich*          14   14  0  73.0   51   41   40  16   3  0   8   27   77   0   3   4  .429  0   1.068  4.93
Norris,Bud          35    0  0  50.0   45   30   28  10   1  0   4   29   53   4   4   3  .571  6   1.480  5.04
Oberg,Scott         21    0  0  26.2   33   17   15   4   0  0   1   13   17   0   0   0  .000  0   1.725  5.06
Belisle,Matt        35    0  0  33.0   31   26   22  10   0  1   3    7   24   0   1   3  .250  1   1.152  6.00
Gsellman,Robert     26   19  1 119.1  135   87   82  17   1  5   4   48   71   2   5  10  .333  1   1.534  6.18
Wheeler,Zack        25    7  0  60.2   68   45   42  17   0  1   6   26   61   0   4   3  .571  0   1.549  6.23
Estevez,Carlos       2    0  0   2.1    4    3    3   2   0  0   0    3    2   1   1   0 1.000  0   3.000 11.57
                   152  152  2  1394 1153  669  617 216  32 26  70  551 1280  30  69  83  .454 42   1.222  3.98

Co Operators         G   AB    H  2B  3B  HR   TB    R  RBI   BB    K  IB  SH SF  SB CS   Avg    OB   Slg    OPS
Martinez,Jose      122  242   75  15   0  21  153   47   60   34   58   4   2  0   1  0  .310  .397  .632  1.029
Nava,Daniel#        99  164   56   7   1   3   74   28   23   30   34   0   0  0   0  0  .341  .455  .451   .906
Hernandez,Kike      88  157   41  13   1  11   89   27   36   18   45   1   0  2   0  1  .261  .333  .567   .900
Stanton,Giancarl   152  600  144  27   1  54  335  110  149   77  180   8   0  6   4  0  .240  .333  .558   .891
Valbuena,Luis*      44  109   25   7   0   8   56   21   19   25   31   0   0  1   0  1  .229  .370  .514   .884
Carpenter,Matt*    152  447  115  30   1  24  219   91   65  100  103   1   0  5   3  0  .257  .394  .490   .884
Upton,Justin       134  447  119  39   2  18  216   73   65   77  165   4   0  3   9  3  .266  .375  .483   .858
Yelich,Christian   152  558  166  41   4  12  251   86   74   84  106   1   0  4  14  1  .297  .394  .450   .844
Asuaje,Carlos*      61  184   53   7   2   5   79   22   26   24   53   1   5  1   0  0  .288  .380  .429   .809
Bour,Justin*        94  325   84  18   0  16  150   39   52   33   92   3   0  4   0  0  .258  .325  .462   .787
Posey,Buster       136  481  134  21   0  10  185   57   66   35   71   5   0  5   5  0  .279  .341  .385   .726
Hernandez,Cesar#   108  389   98  20   4   6  144   75   34   46   79   1   0  2  11  1  .252  .330  .370   .700
Rosario,Amed        82  163   42   3   2   6   67   23   28    1   41   0   0  1   3  2  .258  .261  .411   .672
Lagares,Juan        76   50   12   0   0   2   18    6    6    5   11   3   0  0   1  0  .240  .309  .360   .669
Plawecki,Kevin      28   85   16   7   0   2   29   10    7   11   20   2   0  0   1  0  .188  .296  .341   .637
Turner,Trea        110  315   68  11   1   4   93   41   24   22   68   1   0  0  28  6  .216  .271  .295   .566
Marte,Ketel#       109  205   40   7   2   0   51   16   14   24   40   4   0  2   3  1  .195  .283  .249   .532
Kelly,Carson         6   21    3   1   0   0    4    4    0    3    3   0   0  0   0  0  .143  .250  .190   .440
Toles,Andrew*        5   17    2   1   0   0    3    1    2    0    0   0   0  0   0  0  .118  .118  .176   .294
                   152 5277 1336 279  21 203 2266  798  774  660 1321  39  29 41  83 16  .253  .340  .429   .769

Co Operators         G   GS CG    IP    H    R   ER  HR  SH SF  HP   BB    K  IB   W   L   Pct Sv    WHIP   ERA
Harvey,Matt          1    1  0   5.0    3    2    0   0   1  0   0    3    2   0   0   1  .000  0   1.200  0.00
Strasburg,Stephe    13   13  0  84.2   53   14   12   2   0  0   2   25  113   0   9   0 1.000  0    .921  1.28
Jansen,Kenley       59    0  0  58.1   41   16   11   2   0  0   0   18   86   5   5   6  .455 34   1.011  1.70
Duensing,Brian*     50    0  0  50.0   45   11   10   5   2  2   2   12   49   0   4   0 1.000  0   1.140  1.80
Bradley,Archie      62    0  0  68.2   58   21   16   2   0  0   0   26   67   7   5   4  .556  1   1.223  2.10
Ray,Robbie*         26   26  0 154.1   92   45   38  14   2  1   5   48  218   0  10   5  .667  0    .907  2.22
Hand,Brad*          72    0  0  76.2   46   23   19   8   0  1   1   22  104   4   3   3  .500  7    .887  2.23
Nola,Aaron          25   25  2 155.0  116   47   45  11   5  5   1   43  164   0  13   4  .765  0   1.026  2.61
Parker,Blake        30    0  0  25.2   15    8    8   4   0  0   0    8   41   0   2   0 1.000  1    .896  2.81
Senzatela,Antoni    61    3  0 116.1  119   48   46  13   0  3   7   39   94   1   4   1  .800  3   1.358  3.56
Meyer,Alex          12   12  0  58.1   32   25   24   3   3  4   5   35   53   0   5   2  .714  0   1.149  3.70
Marquez,German      26   26  0 154.1  127   71   65  32   4  2   8   33  129   0  12   9  .571  0   1.037  3.79
Leake,Mike          26   26  1 157.0  176   73   69  16   7  7   4   32   98   0  12   6  .667  0   1.325  3.96
Wilson,Justin*      62    0  0  57.2   42   27   27   5   1  2   0   38   79   3   7   2  .778  0   1.387  4.21
Anderson,Tyler*      4    0  0   6.0    5    3    3   0   0  0   0    2    5   0   0   0  .000  0   1.167  4.50
Maeda,Kenta         31   19  0 112.1  108   65   62  18   4  1   4   47  114   1   5   6  .455  0   1.380  4.97
Barraclough,Kyle    26    0  0  25.0   29   22   22   3   0  1   0   19   34   4   2   2  .500  0   1.920  7.92
Wood,Blake          10    0  0   8.0   12    9    9   3   0  0   0    5   10   1   0   1  .000  0   2.125 10.13
Oh,Seung Hwan        7    0  0   5.1   14    8    8   3   0  0   0    0    4   0   0   1  .000  0   2.625 13.50
Matz,Steven*         1    1  0   2.2    7    7    7   0   0  1   0    3    0   0   0   1  .000  0   3.750 23.63
                   152  152  3  1381 1140  545  501 144  29 30  39  458 1464  26  98  54  .645 46   1.157  3.26

Coop d'etat          G   AB    H  2B  3B  HR   TB    R  RBI   BB    K  IB  SH SF  SB CS   Avg    OB   Slg    OPS
Martinez,J.D.      146  345   88  17   2  29  196   62   67   46  120   5   0  5   2  1  .255  .338  .568   .906
Granderson,Curti   133  385   90  21   2  25  190   69   63   68  104   1   0  1   5  3  .234  .349  .494   .843
Castro,Starlin      97  336   99  25   1  15  171   44   52   19   78   1   0  1   0  0  .295  .333  .509   .842
Ramos,Wilson        74  188   53   9   0   9   89   27   35    9   27   0   0  3   0  0  .282  .310  .473   .783
Gyorko,Jedd        125  367   92  22   2  15  163   44   34   33   82   0   0  0   7  0  .251  .314  .444   .758
Seager,Corey*       82  340   94  16   0   9  137   49   34   41   84   1   0  1   5  1  .276  .355  .403   .758
Inciarte,Ender*     93  389  114  24   4   2  152   46   30   32   60   1   2  0  12  3  .293  .347  .391   .738
Dietrich,Derek*    132  430  100  20   2  19  181   46   61   45  115   1   0  5   0  0  .233  .316  .421   .737
Avila,Alex*         72  252   61   8   1   7   92   36   30   49   97   2   1  0   0  5  .242  .368  .365   .733
Crawford,Brandon    69  221   53  11   2   7   89   16   26   21   49   0   0  1   2  3  .240  .305  .403   .708
Cespedes,Yoenis    106  276   60  16   1  10  108   35   33   26   75   2   0  2   0  0  .217  .288  .391   .679
Myers,Wil          145  506  104  20   5  17  185   57   58   66  192   2   0  4  15  5  .206  .300  .366   .666
Pennington,Cliff    72   69   17   3   0   1   23   10    4    6   25   0   0  0   0  0  .246  .307  .333   .640
Schwarber,Kyle*    110  263   43   5   0  17   99   34   41   33   93   1   0  1   0  0  .163  .261  .376   .637
Martin,Leonys*      62  135   22   2   3   6   48   20   12    9   36   0   0  0   5  2  .163  .257  .356   .613
Almora Jr.,Alber    38  141   28   5   2   1   40   10    7    7   31   0   2  0   0  0  .199  .236  .284   .520
Desmond,Ian         96  159   29   4   0   0   33   12    5    8   52   3   0  1   5  1  .182  .238  .208   .446
Arroyo,Christian    35   34    3   0   0   0    3    1    2    2    9   0   0  2   0  0  .088  .132  .088   .220
                   152 5115 1177 232  27 190 2033  631  602  534 1472  20  29 29  58 24  .230  .306  .397   .703

Coop d'etat          G   GS CG    IP    H    R   ER  HR  SH SF  HP   BB    K  IB   W   L   Pct Sv    WHIP   ERA
Morrow,Brandon       3    0  0   3.0    0    0    0   0   0  0   0    0    5   0   0   0  .000  0    .000  0.00
Suarez,Albert       16    0  0  18.2   13    2    2   0   0  0   1    4   17   0   0   0  .000  0    .911  0.96
Hendricks,Kyle      14   14  0  83.0   66   22   18   7   4  0   2   22   75   0   6   2  .750  0   1.060  1.95
Reed,Addison        38    0  0  36.2   35   10    9   5   0  0   0    8   39   2   1   1  .500 18   1.173  2.21
Wacha,Michael       10   10  0  62.1   52   21   21   7   2  0   1   19   73   0   2   5  .286  0   1.139  3.03
Johnson,Jim         62    0  0  60.1   48   26   22   6   3  4   0   26   59   2   5   1  .833  1   1.227  3.28
Godley,Zack         16   16  1  91.0   71   35   34   8   5  2   1   34   96   0   5   4  .556  0   1.154  3.36
Weaver,Luke         12    6  0  39.0   43   26   16   6   3  1   0    6   50   0   1   4  .200  1   1.256  3.69
Hoffman,Jeff        14    9  0  54.1   54   26   23   8   1  4   4   17   40   0   3   6  .333  0   1.307  3.81
Roark,Tanner        33   33  0 188.0  156   84   81  20  10  6   3   72  159   1  10  12  .455  0   1.213  3.88
Sewald,Paul         28    0  0  33.1   39   17   16   6   0  2   0   16   38   4   1   2  .333  0   1.650  4.32
Ziegler,Brad        31    0  0  26.1   33   13   13   1   0  1   3   12   13   2   2   1  .667  4   1.709  4.44
Watson,Tony*        20    0  0  16.0   18    8    8   2   1  0   2    6   10   2   1   0 1.000  3   1.500  4.50
Tuivailala,Sam      29    0  0  30.0   31   15   15   3   0  3   2   12   20   3   1   1  .500  0   1.433  4.50
Freeland,Kyle*      33   29  0 151.1  166   97   91  15   9  8   4   60  110   0   5  15  .250  0   1.493  5.41
Ramos,Edubray       62    0  0  57.1   53   35   35   3   1  0   1   41   62   8   7   3  .700  2   1.640  5.49
De La Rosa,Jorge    66    0  0  50.0   58   31   31   8   1  1   2   17   52   0   3   1  .750  0   1.500  5.58
Blach,Ty*           31   14  2 113.0  140   79   74  19   6  4   1   23   57   0   7   7  .500  1   1.442  5.89
Lugo,Seth           13   11  0  64.2   89   49   45   9   4  2   1   18   42   1   2   6  .250  0   1.655  6.26
Torres,Jose M.*     61    0  0  73.2   98   54   53  19   2  3   4   15   63   0   2   6  .250  2   1.534  6.48
Rondon,Hector       63    0  0  57.0   58   42   42   9   0  2   1   24   77   1   2   3  .400  2   1.439  6.63
Pivetta,Nick        10   10  0  46.1   70   50   49  10   5  2   2   21   44   0   1   5  .167  0   1.964  9.52
                   152  152  2  1355 1391  742  698 171  57 45  35  473 1201  26  67  85  .441 34   1.376  4.64

Dou's Crew           G   AB    H  2B  3B  HR   TB    R  RBI   BB    K  IB  SH SF  SB CS   Avg    OB   Slg    OPS
Bryant,Kris         58  209   62  13   0  14  117   46   36   37   50   2   0  1   3  1  .297  .417  .560   .977
Turner,Justin      129  488  162  33   1  23  266   98   85   54   65   4   2  1   8  0  .332  .418  .545   .963
Trout,Mike         108  397  113  22   6  22  213   73   70   74   97   2   0  1  18  7  .285  .406  .537   .943
Zimmerman,Ryan     138  548  162  42   0  34  306   79  111   41  153   1   0  4   0  1  .296  .350  .558   .908
Valaika,Pat         93  188   56   9   0  15  110   29   37    5   63   0   8  2   0  0  .298  .313  .585   .898
Kendrick,Howie      84  312   98  14   4  10  150   50   43   24   64   0   0  2   9  2  .314  .374  .481   .855
Panik,Joe*         133  515  157  24   4  19  246   74   82   32   61   4   4  2   4  1  .305  .345  .478   .823
Anderson,Brian      23   38   11   6   0   0   17    7    3    5   16   0   0  0   0  0  .289  .372  .447   .819
Hoskins,Rhys        47  163   37   2   0  12   75   33   25   29   36   2   0  2   1  0  .227  .347  .460   .807
Castillo,Welingt    91  363   98  15   0  14  155   46   46   18  109   1   0  0   0  0  .270  .304  .427   .731
Hanigan,Ryan        16   60   15   2   0   2   23    8    7    6   15   0   0  0   0  0  .250  .318  .383   .701
Story,Trevor       134  501  111  36   3  21  216   63   68   30  225   0   0  4   7  1  .222  .265  .431   .696
Goodwin,Brian*       3   12    2   0   0   1    5    1    1    1    3   0   0  0   0  0  .167  .231  .417   .648
Peralta,David*      67  275   63   6   1   8   95   44   29   25   51   0   0  0   4  3  .229  .298  .345   .643
Utley,Chase*       122  120   26   6   1   3   43   19   19   12   20   1   0  3   0  0  .217  .281  .358   .639
Parra,Gerardo*      81  247   62  12   0   3   83   33   26   11   44   4   0  2   0  3  .251  .289  .336   .625
Zobrist,Ben#        32   64   13   5   0   1   21    6   15    7    7   0   1  1   0  0  .203  .288  .328   .616
Iannetta,Chris      55  172   25   9   0   5   49   24   19   28   71   0   0  2   0  0  .145  .280  .285   .565
Young Jr.,Eric#     55  106   24   3   0   1   30   17   11    4   31   0   0  0   5  2  .226  .281  .283   .564
Slater,Austin       35   95   20   2   0   1   25    9    7    5   23   0   0  0   0  0  .211  .272  .263   .535
Rizzo,Anthony*      21   74   13   2   0   3   24    9    7    2   11   0   0  0   1  0  .176  .208  .324   .532
Reynolds,Matt       26   29    5   0   1   0    7    2    3    4   10   0   0  0   0  0  .172  .273  .241   .514
                   152 5267 1381 264  22 212 2325  785  762  460 1382  21  48 29  60 21  .262  .328  .441   .770

Dou's Crew           G   GS CG    IP    H    R   ER  HR  SH SF  HP   BB    K  IB   W   L   Pct Sv    WHIP   ERA
Rosenthal,Trevor    15    0  0  13.1    6    0    0   0   0  0   0    6   24   0   3   0 1.000  0    .900  0.00
Smith,Joe           58    0  0  55.2   45   10   10   2   1  0   1   15   69   2   2   1  .667  0   1.078  1.62
Lyons,Tyler*        51    0  0  54.0   38   10   10   3   2  1   7   22   65   2   4   1  .800  0   1.111  1.67
Cishek,Steve        38    0  0  31.2   19    7    7   3   1  0   1   15   25   2   0   1  .000  1   1.074  1.99
Gray,Jon            19   19  0 115.2  108   47   37  13   5  0   1   25  119   0   9   2  .818  0   1.150  2.88
Hernandez,David     32    0  0  27.2   29   11    9   3   0  0   1    7   22   1   5   1  .833  1   1.301  2.93
Rodney,Fernando     58    0  0  53.1   38   21   20   2   0  0   1   33   58   4   4   2  .667 38   1.331  3.38
Nicolino,Justin*     1    0  0   2.2    3    1    1   1   0  0   0    0    1   0   0   0  .000  0   1.125  3.38
Thompson,Jake       14    0  0  28.1   27   14   12   5   1  2   2    8   28   1   2   0 1.000  0   1.235  3.81
Leiter Jr.,Mark     42    5  0  95.0   99   48   43  15   1  4   7   34   89   0   5   1  .833  0   1.400  4.07
Kintzler,Brandon    12    0  0  10.2   14    5    5   2   0  0   1    5    6   0   1   1  .500  1   1.781  4.22
Volquez,Edinson     17   17  1  93.2   93   47   44   6   3  2   5   59   76   0   6   6  .500  0   1.623  4.23
Belisle,Matt        30    0  0  29.0   22   14   14   5   1  0   2    6   24   1   3   1  .750  1    .966  4.34
Scherzer,Max        15   15  0  82.2   62   44   41  10   3  3   5   31  119   0   4   6  .400  0   1.125  4.46
Ottavino,Adam       34    0  0  29.2   30   15   15   6   0  1   3   17   34   2   3   2  .600  1   1.584  4.55
Teheran,Julio       29   29  0 159.0  150   88   82  28   7  8   5   76  135   0  11   9  .550  0   1.421  4.64
Dunn,Mike*          60    0  0  51.0   48   29   29   8   0  2   0   29   51   3   3   1  .750  0   1.510  5.12
Perez,Oliver*       36    0  0  30.2   31   19   19   5   0  1   2   10   31   2   1   1  .500  0   1.337  5.58
Darvish,Yu          31   31  1 172.1  183  117  109  32   8  6   3   47  192   0   6  12  .333  0   1.335  5.69
Corbin,Patrick*     17   16  0  85.0  110   55   54   9   3  2   3   28   79   0   4   5  .444  0   1.624  5.72
Strickland,Hunte    41    0  0  33.1   40   31   26   5   0  2   1   25   38   2   2   6  .250  2   1.950  7.02
Perdomo,Luis        20   20  0 100.1  142   94   87  15   5  5   3   52   86   0   6   9  .400  0   1.934  7.80
                   152  152  2  1354 1337  727  674 178  41 39  54  550 1371  22  84  68  .553 45   1.394  4.48

Fentonators          G   AB    H  2B  3B  HR   TB    R  RBI   BB    K  IB  SH SF  SB CS   Avg    OB   Slg    OPS
Pirela,Jose         56   98   34   9   0   5   58   22   14   10   24   1   0  1   0  0  .347  .409  .592  1.001
Reddick,Josh*       74  284  101  20   5   4  143   48   29   39   36   1   1  4   4  2  .356  .428  .504   .932
Lamb,Jake*          98  290   81  13   4  16  150   43   50   48   70   2   0  4   4  2  .279  .388  .517   .905
Camargo,Johan#     112  239   70  20   0   9  117   34   36    9   54   0   0  0   0  0  .293  .319  .490   .809
d'Arnaud,Travis     92  363   93  17   4  20  178   45   59   23   59   0   0  3   0  0  .256  .300  .490   .790
Goodwin,Brian*      86  143   31   4   1  10   67   22   17   10   50   0   0  0   1  1  .217  .268  .469   .737
Renfroe,Hunter     130  314   66  29   0  15  140   40   46   19  105   1   0  3   1  0  .210  .264  .446   .710
Pujols,Albert      105  374   92  14   2  12  146   35   38   31   56   5   0  3   1  0  .246  .305  .390   .695
Williams,Nick*      67  189   47   7   1   5   71   24   12   14   62   0   0  0   2  2  .249  .311  .376   .687
Knapp,Andrew#       58  106   22   4   0   3   35   16   15   23   46   0   0  1   1  0  .208  .346  .330   .676
LeMahieu,DJ        145  605  154  24   4   6  204   67   35   55  110   1   1  1   8  0  .255  .318  .337   .655
Gonzalez,Carlos*   139  405   89  22   0   9  138   42   43   54  105   0   0  7   3  0  .220  .310  .341   .651
Reynolds,Matt       23   53   11   1   3   0   18    7   10    5   13   0   0  0   0  0  .208  .288  .340   .628
Pederson,Joc*       95  280   47  16   0   9   90   30   29   44   73   0   0  2   3  1  .168  .301  .321   .622
Eaton,Adam*         36   96   19   4   2   0   27   11    2   12   26   2   0  0   5  1  .198  .294  .281   .575
Difo,Wilmer#        48   97   21   1   2   2   32   15   10    3   23   0   3  0   1  1  .216  .240  .330   .570
Joseph,Tommy        47  165   31  12   0   3   52    9   14   12   48   1   0  3   0  1  .188  .239  .315   .554
Reyes,Jose#         49  111   19   3   1   3   33   12    7   11   20   0   2  1   6  1  .171  .244  .297   .541
Alfaro,Jorge        13   40    8   0   0   1   11    2    3    0   15   0   0  0   0  0  .200  .238  .275   .513
Swanson,Dansby     136  470   87  21   1   5  125   25   40   35  138   1   0  1   3  2  .185  .241  .266   .507
Herrmann,Chris*     65  172   21   6   0   5   42    8    9   20   52   0   0  2   0  1  .122  .211  .244   .455
Diaz,Aledmys        12   33    6   0   0   1    9    3    5    0    6   0   0  0   1  0  .182  .182  .273   .455
Drury,Brandon       11   27    4   1   0   0    5    1    0    3   12   0   0  0   0  0  .148  .233  .185   .418
                   152 5225 1191 254  30 146 1943  572  542  494 1318  15  32 38  44 15  .228  .297  .372   .669

Fentonators          G   GS CG    IP    H    R   ER  HR  SH SF  HP   BB    K  IB   W   L   Pct Sv    WHIP   ERA
Crick,Kyle           9    0  0   9.0    4    2    0   0   0  0   0    6    7   1   0   0  .000  1   1.111  0.00
Albers,Matt         30    0  0  31.1   11    4    4   3   0  2   3    9   32   0   1   1  .500  0    .638  1.15
Doolittle,Sean*     32    0  0  31.1   27    9    6   3   1  1   0    4   34   2   1   5  .167  9    .989  1.72
Strickland,Hunte    25    0  0  22.0   21    9    7   2   0  0   1    8   20   1   0   1  .000  0   1.318  2.86
Kershaw,Clayton*    15   15  0  78.2   62   27   26  11   4  2   0    7   83   0   6   3  .667  0    .877  2.97
Steckenrider,Dre    17    0  0  16.1   17    7    6   1   1  0   0    9   18   2   0   2  .000  0   1.592  3.31
Bradford,Chasen     17    0  0  20.2   20    9    9   0   0  2   0   12   13   3   1   1  .500  1   1.548  3.92
Montgomery,Mike*    19   12  0  70.0   63   36   33   9   3  2   9   37   59   0   3   5  .375  0   1.429  4.24
Bowman,Matt         60    0  0  53.1   59   31   26   1   2  0   6   26   39   2   1   1  .500  0   1.594  4.39
Lester,Jon*         32   32  0 186.2  189   99   92  23   8  4   1   57  183   2   5  15  .250  0   1.318  4.44
deGrom,Jacob        11   11  0  65.1   60   35   34  11   1  1   0   16   78   0   3   6  .333  0   1.163  4.68
Cain,Matt           37    2  0  76.0   88   47   40  12   2  6   1   31   44   1   1   5  .167  0   1.566  4.74
Ross,Joe            13   13  0  71.1   88   54   39  16   4  2   1   21   68   0   1   8  .111  0   1.528  4.92
Rosenthal,Trevor    29    0  0  29.1   28   22   19   3   0  0   2   16   45   3   1   2  .333  0   1.500  5.83
Conley,Adam*        20   16  0  82.1   91   59   56  14   0  0  11   41   48   1   1   7  .125  0   1.603  6.12
Maton,Phil          41    0  0  42.0   49   29   29  14   0  1   1   17   41   3   0   5  .000  0   1.571  6.21
Ramos,AJ            67    0  0  60.0   55   50   43  12   2  3   6   42   77   5   3  10  .231  0   1.617  6.45
Newcomb,Sean*       14   14  0  68.1   83   55   51  10   7  3   5   47   67   0   3   8  .273  0   1.902  6.72
Bridwell,Parker     13   13  0  71.2   80   60   55  18   1  5   3   29   56   0   1   8  .111  0   1.521  6.91
Moore,Matt*         27   23  0 124.1  159  112  102  23  11  4   5   45  115   0   2  15  .118  0   1.641  7.38
Middleton,Keynan    65    0  0  56.2   76   47   47  13   0  3   4   20   70   5   0   4  .000  1   1.694  7.46
Montero,Rafael      65    1  0  98.2  167  101   95  16   2  7   5   75  106   9   1   5  .167  1   2.453  8.67
Wittgren,Nick        4    0  0   0.2    0    2    2   0   0  0   0    1    0   0   0   0  .000  0   1.500 27.00
                   152  152  0  1366 1497  906  821 215  49 48  64  576 1303  40  35 117  .230 13   1.518  5.41

Incarnations         G   AB    H  2B  3B  HR   TB    R  RBI   BB    K  IB  SH SF  SB CS   Avg    OB   Slg    OPS
Blackmon,Charlie   152  586  192  25   8  32  329   98  114   68  112   7   3  2  18  8  .328  .400  .561   .961
Blash,Jabari        50   69   22   6   0   4   40    9   20    7   24   0   0  3   3  0  .319  .375  .580   .955
Pham,Tommy         127  456  137  23   2  25  239   95   83   57  133   1   0  6  26  8  .300  .389  .524   .913
Lamb,Jake*          43  108   28   4   1   7   55   20   18   18   32   0   0  1   3  0  .259  .367  .509   .876
Diaz,Aledmys        37   52   15   4   1   2   27    5    6    3   11   0   0  0   0  0  .288  .327  .519   .846
Goldschmidt,Paul   151  563  139  33   5  19  239   91   57   86  156   6   0  5  18  5  .247  .356  .425   .781
Puig,Yasiel        109  359   88  18   1  18  162   44   67   38   73   1   0  5   9  4  .245  .317  .451   .768
Aoki,Norichika*     99  190   54  10   4   2   78   25   18   18   25   1   0  0   6  2  .284  .349  .411   .760
Suzuki,Ichiro*      70  195   64   5   1   0   71   22   20   11   33   0   0  0   1  0  .328  .364  .364   .728
Phillips,Brandon    71  151   39   2   2   5   60   19   13    7   24   1   0  0   3  3  .258  .304  .397   .701
Taylor,Chris       126  491  120  25   2  16  197   63   43   34  158   0   0  4  16  8  .244  .295  .401   .696
Baez,Javier        108  403   93  21   4  15  167   44   56   17  153   4   6  3   7  3  .231  .262  .414   .676
Ellis,A.J.          13   33    5   1   0   2   12    5    7    3    7   0   0  1   0  0  .152  .310  .364   .674
Realmuto,J.T.      142  518  119  32   4  14  201   64   70   34  117  11   0 10   7  2  .230  .279  .388   .667
Nunez,Eduardo      101  423  103  24   0   7  148   61   41   16   56   3   0  0  22  7  .243  .276  .350   .626
Difo,Wilmer#        43  141   34   5   0   1   42   13   10    8   26   0   4  2   5  0  .241  .283  .298   .581
Drury,Brandon       89  184   33   7   1   4   54   11   19    8   41   0   0  2   2  0  .179  .219  .293   .512
Aviles,Mike          7   19    3   2   0   0    5    1    0    2    7   0   0  0   0  0  .158  .238  .263   .501
Peterson,Jace*       6   13    2   0   0   0    2    1    0    2    7   0   0  0   0  0  .154  .267  .154   .421
Wieters,Matt#       12   17    2   1   0   0    3    0    1    0    3   0   0  0   0  0  .118  .118  .176   .294
                   152 5272 1327 255  36 173 2173  697  676  442 1323  35  43 45 146 51  .252  .314  .412   .726

Incarnations         G   GS CG    IP    H    R   ER  HR  SH SF  HP   BB    K  IB   W   L   Pct Sv    WHIP   ERA
Chapman,Aroldis*    13    0  0  14.2    8    2    2   1   0  0   1    6   20   2   1   2  .333  3    .955  1.23
Freeman,Sam*        53    0  0  53.2   37   14   11   2   2  1   5   19   44   2   7   3  .700  1   1.043  1.84
Edwards Jr.,Carl    74    0  0  64.2   30   17   14   5   1  0   3   42   89   4   5   1  .833  1   1.113  1.95
McCarthy,Brandon    10   10  0  58.0   45   18   17   5   0  0   1   15   52   0   4   3  .571  0   1.034  2.64
Holland,Greg        62    0  0  58.0   43   17   17   5   0  0   1   22   61   2   1   2  .333 44   1.121  2.64
Greinke,Zack        32   32  1 198.1  172   71   60  24   4  5   0   46  202   0  17   8  .680  0   1.099  2.72
Alvarez,Jose*       53    0  0  45.2   54   21   15   8   0  0   0    8   46   1   3   0 1.000  2   1.358  2.96
Wood,Alex*          29   25  1 159.2  136   70   56  19   8  5   1   33  164   0   9   7  .563  0   1.058  3.16
Gonzalez,Gio*       27   27  0 158.0  129   70   59  13   2  4   4   60  144   0  10   7  .588  0   1.196  3.36
Baez,Pedro          67    0  0  62.2   55   28   24   4   2  2   3   28   62   8   8   3  .727  0   1.324  3.45
Delgado,Randall     38    3  0  60.0   55   25   23   2   1  1   0   14   72   0   3   0 1.000  1   1.150  3.45
Martinez,Carlos     35   35  1 210.0  201  105   93  36   7  6   6   72  221   0  10  11  .476  0   1.300  3.99
Strop,Pedro         59    0  0  51.1   34   29   29   2   1  2   7   33   50   8   5   4  .556  3   1.305  5.08
Lackey,John         21   17  1 106.2  109   65   63  23   1  3   8   37  109   0   8   4  .667  0   1.369  5.32
Chafin,Andrew*      11    0  0   6.2   10    4    4   0   0  0   1    6    8   1   1   0 1.000  1   2.400  5.40
Yates,Kirby         38    0  0  34.2   28   23   22  13   1  0   3   13   60   1   1   0 1.000  2   1.183  5.71
Chavez,Jesse        28    2  0  45.2   70   35   34  12   0  1   1   10   44   0   2   1  .667  0   1.752  6.70
Cole,A.J.            1    1  0   4.2    5    4    4   1   1  0   1    4    2   0   0   1  .000  0   1.929  7.71
                   152  152  3  1393 1221  618  547 175  31 30  46  468 1450  29  95  57  .625 58   1.212  3.53

Morgen Grinders      G   AB    H  2B  3B  HR   TB    R  RBI   BB    K  IB  SH SF  SB CS   Avg    OB   Slg    OPS
Belt,Brandon*      129  391  100  26   1  18  182   62   57   79   89   2   0  4   3  2  .256  .380  .465   .845
Maldonado,Martin   103  251   72  17   0   8  113   27   25   15   73   0   7  0   0  3  .287  .347  .450   .797
Calhoun,Kole*      152  558  136  25   2  21  228   67   71   69  122   1   0  2   5  2  .244  .331  .409   .740
Heyward,Jason*     146  440  118   8   4   7  155   54   32   60   45   3   2  1   4  5  .268  .359  .352   .711
Grichuk,Randal     142  413   90  20   2  24  186   46   70   24  152   0   0  4   7  0  .218  .260  .450   .710
Albies,Ozzie#       72  209   58   2   3   4   78   17   19   10   28   0   2  0   3  0  .278  .317  .373   .690
Descalso,Daniel*   115  343   81  10   6   3  112   39   17   62   84   0   0  2   4  4  .236  .356  .327   .683
Voit,Luke           56  125   28  12   0   4   52   10   11    1   40   0   0  0   0  0  .224  .254  .416   .670
Hedges,Austin      107  365   78  24   1  16  152   38   48   15  127   1   0  3   5  1  .214  .251  .416   .667
Piscotty,Stephen   117  203   42  14   0   5   71   19   20   22   59   0   0  0   2  1  .207  .291  .350   .641
Szczur,Matt        121  168   32   7   0   1   42   25   11   34   40   0   3  1   0  0  .190  .348  .250   .598
Galvis,Freddy#     152  583  135  14   4   5  172   57   41   47  117   1   2  3  10  3  .232  .291  .295   .586
Smith,Dominic*      36   34    7   1   0   1   11    3    6    2   10   0   0  0   0  0  .206  .250  .324   .574
Tomlinson,Kelby    106  152   31   0   1   0   33   12    6   28   44   0   0  0   6  1  .204  .328  .217   .545
Franco,Maikel      110  304   56  12   0   8   92   23   27   23   64   1   0  4   0  0  .184  .241  .303   .544
Rosales,Adam        50   71   15   4   0   1   22    4    9    1   21   0   2  2   1  0  .211  .227  .310   .537
Anderson,Brian      22   53   11   3   0   0   14    3    1    4   19   0   0  0   0  0  .208  .263  .264   .527
Crawford,J.P.*      26   78   12   1   0   0   13    5    6   14   19   0   0  0   1  0  .154  .283  .167   .450
Mathis,Jeff         14   16    2   0   1   0    4    1    0    1    8   0   0  0   0  0  .125  .176  .250   .426
                   152 5058 1141 201  25 131 1785  532  499  518 1300   9  40 29  51 22  .226  .302  .353   .655

Morgen Grinders      G   GS CG    IP    H    R   ER  HR  SH SF  HP   BB    K  IB   W   L   Pct Sv    WHIP   ERA
Yates,Kirby         28    0  0  27.0   16    4    4   3   0  0   0    7   45   0   0   0  .000  0    .852  1.33
Chafin,Andrew*      22    0  0  21.1   20    5    5   1   0  0   0    8   17   2   1   1  .500  1   1.313  2.11
Strasburg,Stephe    14   14  0  86.2   62   24   21   7   1  3   6   24  104   0   5   4  .556  0    .992  2.18
Parker,Blake        39    0  0  38.1   24   10   10   3   0  1   2   11   49   2   1   3  .250  1    .913  2.35
Bumgarner,Madiso    17   17  0 104.0   90   35   32  10   3  5   1   12   93   0   3   7  .300  0    .981  2.77
Morgan,Adam*        45    0  0  52.2   62   22   19   8   0  0   0   22   46   3   2   2  .500  0   1.595  3.25
Lackey,John         10   10  0  61.0   49   24   22  10   3  0   8   14   50   0   5   4  .556  0   1.033  3.25
McCarthy,Brandon     6    6  0  33.0   29   17   12   4   1  1   1    5   30   0   3   3  .500  0   1.030  3.27
Scherzer,Max        17   17  0 107.2   68   43   41  11   0  1   6   28  155   0   7   6  .538  0    .892  3.43
Siegrist,Kevin*     18    0  0  16.0   20    7    7   1   1  0   0   10   17   1   0   0  .000  0   1.875  3.94
Foltynewicz,Mike    30   30  0 156.0  170   79   72  24   5  7   8   54  143   0   8  10  .444  0   1.436  4.15
Chapman,Aroldis*    22    0  0  22.1   22   11   11   1   0  0   0   16   35   1   0   4  .000 15   1.701  4.43
Barraclough,Kyle    29    0  0  26.1   27   14   13   2   0  0   0   17   28   1   0   3  .000  3   1.671  4.44
Koehler,Tom         34    5  0  70.0   78   35   35   8   1  1   7   29   76   3   4   4  .500  0   1.529  4.50
Skaggs,Tyler*       18   18  0  92.1   93   50   47  13   6  3   1   30   86   0   3   8  .273  0   1.332  4.58
Fields,Josh         55    0  0  52.1   48   29   27   9   0  2   2   24   51   5   3   9  .250  0   1.376  4.64
Corbin,Patrick*     15   15  0  84.2   97   44   44  11   2  2   0   29   86   0   5   4  .556  0   1.488  4.68
Grace,Matt*         42    0  0  53.2   56   28   28   5   0  1   4   24   18   1   2   3  .400  0   1.491  4.70
Anderson,Tyler*     14   13  0  71.1   75   40   40  10   1  2   1   28   71   0   1   6  .143  0   1.444  5.05
Bedrosian,Cam       39    0  0  35.0   34   21   20   2   0  1   1   11   47   1   1   2  .333  1   1.286  5.14
Dyson,Sam           30    0  0  37.2   44   25   24   6   0  1   0   13   23   1   0   1  .000  3   1.513  5.73
Melancon,Mark       32    0  0  31.0   39   20   20   4   0  1   2   13   27   6   2   4  .333 14   1.677  5.81
Ellington,Brian      5    0  0   5.0    5    4    4   1   0  1   0    3    3   0   0   0  .000  0   1.600  7.20
Wood,Travis*        21    7  0  54.2   78   46   45  11   1  6   1   23   44   0   3   4  .429  0   1.848  7.41
Sims,Lucas          10    0  0  15.2   22   14   14   1   1  1   0   10   15   1   0   1  .000  0   2.043  8.04
                   152  152  0  1355 1328  651  617 166  26 40  51  465 1359  28  59  93  .388 38   1.323  4.10

Rivercrypts          G   AB    H  2B  3B  HR   TB    R  RBI   BB    K  IB  SH SF  SB CS   Avg    OB   Slg    OPS
Wolters,Tony*        4    4    2   0   0   0    2    0    0    0    0   0   0  0   0  0  .500  .500  .500  1.000
DeJong,Paul        120  348  105  20   2  25  204   54   72   29  100   1   0  3   0  1  .302  .354  .586   .940
Conforto,Michael   141  384  102  18   1  22  188   72   58   70  139  11   0  3   2  0  .266  .384  .490   .874
Murphy,Daniel*     126  493  133  34   5  20  237   62   67   43   74   3   0  2   0  0  .270  .336  .481   .817
Lucroy,Jonathan     34   78   20   4   3   0   30    9   10   16    5   0   0  1   0  0  .256  .392  .385   .777
Bellinger,Cody*    127  487  117  20   4  28  229   74   78   37  153   1   0  5  11  1  .240  .295  .470   .765
Spangenberg,Cory   135  344   95  15   0  12  146   45   46   26   92   4   0  1  10  1  .276  .332  .424   .756
Bruce,Jay*          93  264   68  13   0  10  111   42   40   30   66   1   0  3   0  0  .258  .330  .420   .750
Molina,Yadier      132  491  124  30   1  18  210   68   65   27   66   3   0  1   8  0  .253  .295  .428   .723
Margot,Manuel      111  398   98  11   6  12  157   57   38   21  102   3   0  5  16  5  .246  .282  .394   .676
Flores,Wilmer      106  379   87  20   0  12  143   41   40   17   62   0   0  3   1  5  .230  .264  .377   .641
Almora Jr.,Alber    66  199   47  11   0   3   67   17   17    5   42   0   1  1   0  0  .236  .254  .337   .591
Inciarte,Ender*     58  250   60   4   1   3   75   27   19   15   39   2   0  2   9  4  .240  .281  .300   .581
Pence,Hunter       128  420   90  10   4   7  129   52   39   29   89   1   0  3   4  4  .214  .263  .307   .570
Owings,Chris        82  246   51   6   1   5   74   27   26   14   59   3   2  3   6  0  .207  .250  .301   .551
Gonzalez,Adrian*    25   85   15   6   0   1   24    4    7    7   16   2   0  0   0  0  .176  .239  .282   .521
Amarista,Alexi*     26   85   16   3   0   1   22    8    6    3   18   0   0  0   0  0  .188  .216  .259   .475
Cordero,Franchy*    23   19    1   0   0   0    1    3    0    4   14   0   0  0   0  0  .053  .217  .053   .270
                   152 5251 1260 229  28 181 2088  679  639  406 1262  35  27 36  67 21  .240  .296  .398   .694

Rivercrypts          G   GS CG    IP    H    R   ER  HR  SH SF  HP   BB    K  IB   W   L   Pct Sv    WHIP   ERA
Nicasio,Juan        64    0  0  57.1   43   12   10   3   0  0   3   17   62   5   2   1  .667  0   1.047  1.57
Neris,Hector        27    0  0  22.1   18    8    4   0   1  0   4    9   27   1   2   4  .333  5   1.209  1.61
Godley,Zack         13    8  0  57.1   32   12   12   3   2  1   0   20   57   1   5   0 1.000  0    .907  1.88
Reed,Addison        30    0  0  33.0   31   10    9   5   0  1   0    1   29   1   0   1  .000  3    .970  2.45
Wainwright,Adam     21   11  0  75.0   67   26   23   2   1  1   2   28   62   1   5   3  .625  0   1.267  2.76
O'Grady,Chris*      16    0  0  26.1   27    9    9   1   0  1   1   13   22   0   2   1  .667  0   1.519  3.08
Avilan,Luis*        25    0  0  22.2   18    8    8   0   0  0   1    7   28   1   1   0 1.000  0   1.103  3.18
Arrieta,Jake        27   27  1 152.0  125   64   61  19   2  2   6   53  145   0  14   2  .875  0   1.171  3.61
Walker,Taijuan      29   29  0 157.1  141   73   66  13   2  3   8   77  139   0   5   9  .357  0   1.386  3.78
Hendricks,Kyle      10   10  0  54.2   48   29   24   5   4  0   2   22   48   0   1   5  .167  0   1.280  3.95
Wacha,Michael       19   19  0 111.2  108   51   50   8   4  2   3   39  103   0  11   3  .786  0   1.316  4.03
Uehara,Koji         24    0  0  24.0   22   12   11   7   0  0   0    3   23   0   1   0 1.000  3   1.042  4.13
Stammen,Craig       65    0  0  77.2   72   40   36  16   1  2   3   23   75   0   3   2  .600  2   1.223  4.17
Nolasco,Ricky       29   29  0 164.2  180   91   85  22   7  8   2   63  124   0   9   9  .500  0   1.476  4.65
Krol,Ian*           32    0  0  32.0   30   18   17   7   0  3   1   10   26   0   1   3  .250  0   1.250  4.78
Vizcaino,Arodys     49    0  0  49.0   47   27   27  14   0  0   2   14   35   1   4   5  .444 23   1.245  4.96
Gearrin,Cory        51    0  0  41.1   36   24   24   1   0  1   5   31   39   6   4   3  .571  4   1.621  5.23
Ryu,Hyun-Jin*       31   18  0 116.0  123   78   68  17   5  8   4   48  108   0   2  13  .133  0   1.474  5.28
Watson,Tony*        41    0  0  33.1   38   22   21   9   0  1   5   17   14   1   3   2  .600  2   1.650  5.67
McGowan,Dustin      21    0  0  24.2   32   23   19   4   0  0   1   20   14   0   1   2  .333  0   2.108  6.93
Blevins,Jerry*      63    0  0  38.1   46   34   31   4   0  1   1   23   53   4   2   5  .286  1   1.800  7.28
Straily,Dan          1    1  0   4.2   10    7    7   2   0  1   0    1    2   0   0   1  .000  0   2.357 13.50
                   152  152  1  1375 1294  678  622 162  29 36  54  539 1235  22  78  74  .513 43   1.333  4.07

Skramalonians        G   AB    H  2B  3B  HR   TB    R  RBI   BB    K  IB  SH SF  SB CS   Avg    OB   Slg    OPS
Rendon,Anthony     138  499  149  42   5  24  273  100   90   86   95   9   0  5   7  1  .299  .407  .547   .954
Ozuna,Marcell      149  605  174  29   1  37  316   98   95   60  163   4   0  3   1  1  .288  .351  .522   .873
Riddle,JT*          32   33    9   3   0   2   18    8    7    2   10   0   0  0   0  0  .273  .314  .545   .859
Harper,Bryce*      144  428  117  20   1  21  202   69   62   69  113   9   0  4   4  0  .273  .373  .472   .845
Contreras,Willso   102  343   90  15   2  20  169   63   71   39   91   1   1  0   5  4  .262  .345  .493   .838
Simmons,Andrelto   151  553  165  43   3  12  250   83   85   47   52   5   0  7  16  2  .298  .356  .452   .808
Altherr,Aaron       82  258   69  19   2   8  116   36   32   23   86   3   0  2   3  3  .267  .341  .450   .791
Escobar,Yunel       68   59   19   5   0   0   24    8    7    6    9   0   0  1   0  0  .322  .379  .407   .786
Reynolds,Mark      141  500  123  21   1  26  224   74   83   71  187   1   0  6   2  0  .246  .336  .448   .784
Flowers,Tyler       68  233   64   8   0   9   99   28   31   16   75   0   0  2   0  0  .275  .355  .425   .780
Gordon,Dee*        148  622  206   5   5   2  227   83   55   28   89   1   0  4  59 18  .331  .364  .365   .729
Rivera,T.J.         35  130   31   8   0   5   54   17   18    5   18   0   1  0   1  0  .238  .293  .415   .708
Span,Denard*       132  368  102  16   3   3  133   40   51   35   58   6   0  4   7  1  .277  .340  .361   .701
Markakis,Nick*     113  267   72  14   0   4   98   38   27   20   61   2   0  0   0  0  .270  .332  .367   .699
Cron,C.J.           44   86   19   4   0   4   35   12   15    4   29   0   0  0   1  0  .221  .272  .407   .679
                   152 5277 1452 262  24 177 2293  776  751  515 1239  41  30 38 106 30  .275  .344  .435   .779

Skramalonians        G   GS CG    IP    H    R   ER  HR  SH SF  HP   BB    K  IB   W   L   Pct Sv    WHIP   ERA
Butler,Eddie         1    1  0   6.0    3    1    1   1   0  0   0    0    2   0   1   0 1.000  0    .500  1.50
Petit,Yusmeiro      69    0  0  90.2   66   20   16  10   1  2   0   15   92   2   7   3  .700  3    .893  1.59
Rusin,Chris*        71    0  0  80.1   74   22   21   6   0  1   7   14   69   4   7   2  .778  2   1.095  2.35
Lynn,Lance          32   32  0 182.1  110   61   55  18   5  3  11   72  169   0  11   8  .579  0    .998  2.71
Bridwell,Parker      8    7  0  42.2   33   21   16   6   2  0   1   12   30   0   3   1  .750  0   1.055  3.38
Albers,Matt         31    0  0  33.1   27   13   13   5   0  1   3   16   42   2   4   3  .571  0   1.290  3.51
Garcia,Luis         71    0  0  73.2   83   33   30   1   0  1   0   31   48   4   4   5  .444  1   1.548  3.67
Samardzija,Jeff     32   32  1 199.2  172   92   86  28  12  2   0   35  182   1  10  11  .476  0   1.037  3.88
Shoemaker,Matt      16   16  0  88.1   74   45   41  19   2  4   2   27   73   1   4   3  .571  0   1.143  4.18
Davis,Wade          62    0  0  57.2   34   28   27   8   1  0   0   40   79   0   2   6  .250 42   1.283  4.21
Lively,Ben          14    9  0  53.0   59   28   28  10   2  2   3   14   34   0   3   1  .750  0   1.377  4.75
Brebbia,John        49    0  0  51.2   46   30   30  10   0  0   3   14   44   3   5   1  .833  2   1.161  5.23
Cueto,Johnny        28   28  0 143.0  182   92   89  24   3  6   5   51  145   0  10  10  .500  0   1.629  5.60
Despaigne,Odrisa    11    0  0  17.2   19   13   11   1   1  1   2   11   10   0   1   1  .500  0   1.698  5.60
Motte,Jason         40    0  0  43.0   42   31   31   9   0  3   0   33   19   2   0   1  .000  0   1.744  6.49
Urena,Jose          40   27  0 149.2  147  114  110  29   3  8  14   79   74   0   8  11  .421  1   1.510  6.61
Bradford,Chasen     10    0  0   8.2   14   10    9   1   0  1   0    4    4   2   0   1  .000  0   2.077  9.35
Milner,Hoby*        42    0  0  37.1   57   43   41   5   2  0   6   21   25   2   1   3  .250  0   2.089  9.88
                   152  152  1  1358 1242  697  655 191  34 35  57  489 1141  23  81  71  .533 51   1.275  4.34

