Avery Tards          G   AB    H  2B  3B  HR   TB    R  RBI   BB    K  IB  SH SF  SB CS   Avg    OB   Slg    OPS
Farmer,Kyle          4   15    4   2   1   0    8    1    2    2    1   0   0  0   0  0  .267  .389  .533   .922
Span,Denard*        44  145   50   8   5   1   71   28   21   22   25   0   0  1   1  2  .345  .432  .490   .922
Puig,Yasiel        131  366  110  18   0  25  203   60   79   36   78   3   0  7  15  3  .301  .363  .555   .918
Flowers,Tyler       75  236   68  12   0  11  113   48   46   57   68   1   0  1   0  0  .288  .437  .479   .916
Freeman,Freddie*   151  600  181  37   5  18  282   94  107   74  127   6   0  9  10  6  .302  .380  .470   .850
Baez,Javier        151  581  152  37  10  24  281   92   86   30  181   7   1  8  16  6  .262  .300  .484   .784
Pollock,A.J.        38   92   23   4   0   6   45   15   12    4   23   2   0  0   2  0  .250  .310  .489   .799
Cabrera,Asdrubal   129  456  131  34   3  17  222   60   74   34   97   3   0  4   0  0  .287  .341  .487   .828
Nimmo,Brandon*     125  421  116  27  10  15  208   82   65   76  125   3   0  2  11  8  .276  .399  .494   .893
Florimon,Pedro#      3   15    5   2   0   0    7    2    0    0    7   0   0  0   0  2  .333  .333  .467   .800
O'Neill,Tyler       73  129   32   3   0  11   68   21   28   11   63   2   0  2   2  0  .248  .313  .527   .840
Haniger,Mitch      150  588  162  35   2  18  255   81   87   49  162   7   0 10   9  2  .276  .335  .434   .769
Grandal,Yasmani#    80  223   49   8   2  12   97   25   31   37   67   0   0  3   2  1  .220  .327  .435   .762
Myers,Wil           66  152   38   9   1   5   64   25   22   19   56   0   0  1   3  0  .250  .331  .421   .752
Pirela,Jose        100  255   68  19   1   5  104   45   33   26   39   1   0  0   1  1  .267  .339  .408   .747
Molina,Yadier       31  104   24   4   0   4   40   12   21   10   15   0   0  4   1  2  .231  .306  .385   .691
Culberson,Charli    90  129   33  11   0   1   47   18   18   10   36   1   0  1   3  1  .256  .322  .364   .686
Wong,Kolten*       134  328   78   9   3   7  114   51   32   25   70   4  12  1   8  1  .238  .310  .348   .658
Dyson,Jarrod*       81  132   34   2   1   1   41   28   15   14   22   0   2  1  11  1  .258  .327  .311   .638
Sandoval,Pablo#      2    1    0   0   0   0    0    1    0    1    1   0   0  0   0  0  .000  .500  .000   .500
Slater,Austin        8    9    1   0   0   0    1    2    0    3    6   0   0  0   0  0  .111  .333  .111   .444
                   152 5277 1397 284  44 181 2312  814  791  550 1410  40  52 56  95 36  .265  .339  .438   .777

Avery Tards          G   GS CG    IP    H    R   ER  HR  SH SF  HP   BB    K  IB   W   L   Pct Sv    WHIP   ERA
Biddle,Jesse*       17    0  0  16.2    8    4    2   1   0  0   0    9   24   0   1   0 1.000  0   1.020  1.08
Strahm,Matt*        23    0  0  27.2   14    4    4   4   0  0   0    9   30   0   5   0 1.000  1    .831  1.30
Floro,Dylan         51    0  0  56.1   48   14   12   3   0  2   0   18   49   2   4   4  .500  1   1.172  1.92
Buehler,Walker      25   23  1 143.0   94   40   34   9   2  1   8   33  155   0  12   2  .857  0    .888  2.14
Venters,Jonny*      37    0  0  30.0   27    9    8   3   0  1   0    7   18   0   5   2  .714  0   1.133  2.40
Bradley,Archie      28    0  0  26.0   18    7    7   3   0  1   0    9   23   0   4   1  .800  0   1.038  2.42
Chapman,Aroldis*    50    0  0  47.1   22   14   14   3   0  0   5   31   83   1   2   2  .500 38   1.120  2.66
Gsellman,Robert     69    0  0  78.2   70   25   24   4   1  0   4   29   70   2   6   4  .600  3   1.258  2.75
Mikolas,Miles       11   11  0  69.2   65   26   22   4   2  4   2   12   45   0   5   2  .714  0   1.105  2.84
Hendricks,Kyle      18   18  0 111.0   96   39   37  13   7  1   2   19   90   0   7   5  .583  0   1.036  3.00
Chacin,Jhoulys      31   31  0 168.1  124   63   58  13   4  2  12   61  145   0  13   8  .619  0   1.099  3.10
Wood,Alex*          31   28  0 149.1  146   65   57  18   4  8   8   39  119   0  12   5  .706  0   1.239  3.44
Hirano,Yoshihisa    71    0  0  61.2   53   32   27   9   0  3   2   30   55   3   6   2  .750  0   1.346  3.94
Montgomery,Mike*    38   13  0 114.2  117   58   53   8   4  3   4   36   67   1   5   7  .417  1   1.334  4.16
Buchholz,Clay        6    6  1  37.2   32   22   18   6   3  1   3    8   21   0   2   2  .500  0   1.062  4.30
Parker,Blake        19    0  0  16.1   16    9    8   3   0  0   1    6   19   1   1   2  .333  1   1.347  4.41
Blach,Ty*           32    2  0  68.1   94   44   43   8   4  2   2   18   59   1   4   1  .800  0   1.639  5.66
Pivetta,Nick        20   20  0  94.2  113   65   60  20   4  4   3   35  117   1   2   4  .333  0   1.563  5.70
Ramirez,Noe         34    0  0  38.2   41   32   28   5   0  2   4   17   41   0   0   1  .000  0   1.500  6.52
Musgrave,Harriso    10    0  0   8.0    4    6    6   2   0  0   0    7    6   0   1   0 1.000  1   1.375  6.75
Strickland,Hunte    16    0  0  13.1   18   11   11   2   0  1   2    5   15   2   1   0 1.000  0   1.725  7.43
                   152  152  2  1377 1220  589  533 141  35 36  62  438 1251  14  98  54  .645 46   1.204  3.48

B-Rads               G   AB    H  2B  3B  HR   TB    R  RBI   BB    K  IB  SH SF  SB CS   Avg    OB   Slg    OPS
Zimmerman,Ryan      40  105   37   8   1   4   59   21   21   14   15   1   0  3   1  0  .352  .427  .562   .989
Cespedes,Yoenis     67  123   33   8   0  10   71   19   18    9   52   2   0  1   0  1  .268  .321  .577   .898
Rendon,Anthony     140  549  157  50   1  22  275   85  103   50   86   4   0  3   3  2  .286  .352  .501   .853
Bader,Harrison     132  362  105  32   1  15  184   54   45   16  132   2   0  4  14  3  .290  .341  .508   .849
Muncy,Max*         135  410  101  18   0  26  197   84   74   79  140   4   0  9   3  1  .246  .367  .480   .847
Taylor,Michael A    12   28    9   4   0   0   13    3    2    0   11   0   0  0   0  0  .321  .321  .464   .785
Peralta,David*     133  459  117  16   2  21  200   52   88   35  108   2   0  6   3  1  .255  .308  .436   .744
Pham,Tommy          50  178   42   3   1   8   71   25   18   26   55   0   0  0   5  2  .236  .340  .399   .739
Ahmed,Nick          85  310   74  23   2  14  143   36   41   17   62   4   0  4   4  1  .239  .275  .461   .736
Bote,David          90  188   46  10   0   5   71   31   26   24   52   2   0  1   3  2  .245  .344  .378   .722
Crawford,J.P.*      55   82   20   3   1   2   31    9   13    6   22   0   0  1   0  0  .244  .344  .378   .722
Zobrist,Ben#       122  446  112  20   3   9  165   57   52   65   58   2   1  0   5 11  .251  .348  .370   .718
Quinn,Roman#        66  143   38   9   2   3   60   27   18    2   44   1   0  0  10  1  .266  .281  .420   .701
Simmons,Andrelto    48  167   45   5   0   4   62   24   22   14   22   1   1  1   4  1  .269  .328  .371   .699
Eaton,Adam*        120  292   75   9   0   2   90   57   23   43   52   1   1  3  10  2  .257  .360  .308   .668
Suzuki,Kurt        103  354   77  25   0  10  132   33   51   23   57   4   0  3   0  0  .218  .284  .373   .657
Wieters,Matt#       67  217   48   8   1   5   73   19   24   24   36   3   0  2   0  0  .221  .302  .336   .638
Rojas,Miguel       103  205   47   8   0   4   67   34   24   14   32   1   0  3   3  1  .229  .284  .327   .611
Heyward,Jason*      75  255   57   5   3   5   83   37   22   21   30   1   1  1   0  0  .224  .284  .325   .609
Kendrick,Howie      31   74   16   6   0   2   28    7    6    0   20   0   0  0   0  0  .216  .216  .378   .594
Butera,Drew          3    9    1   1   0   0    2    1    3    0    2   0   0  0   0  0  .111  .111  .222   .333
                   152 5242 1302 278  19 172 2134  732  705  489 1202  35  48 45  68 29  .248  .319  .407   .726

B-Rads               G   GS CG    IP    H    R   ER  HR  SH SF  HP   BB    K  IB   W   L   Pct Sv    WHIP   ERA
Hernandez,David     51    0  0  55.2   37   10    9   4   0  3   3   22   60   3   7   2  .778  2   1.060  1.46
Ottavino,Adam       79    0  0  77.2   38   24   19   6   0  1   6   39  106   4   4   5  .444  2    .991  2.20
Winkler,Dan         36    0  0  30.2   29   12    8   3   0  0   4   19   40   3   1   1  .500  2   1.565  2.35
Smith,Will*         46    0  0  44.1   37   16   13   7   0  0   0   14   65   1   1   2  .333 22   1.150  2.64
Moronta,Reyes       67    0  0  62.1   33   21   19   7   0  1   0   27   81   5   4   4  .500  0    .963  2.74
Poncedeleon,Dani    19    0  0  31.2   26   14   10   2   0  2   0   11   30   3   0   1  .000  1   1.168  2.84
Hill,Rich*          26   23  0 135.2   96   49   44  19   2  2   5   43  150   1   9   5  .643  0   1.025  2.92
Wheeler,Zack        31   31  1 186.0  172   67   62  18   8  1   7   53  183   0  15   6  .714  0   1.210  3.00
Scherzer,Max        13   13  0  84.1   51   29   29  13   0  1   2   25  123   0   5   4  .556  0    .901  3.09
Axford,John         53    0  0  57.1   46   20   20   3   3  2   2   15   50   1   1   2  .333  0   1.064  3.14
Flaherty,Jack       29   29  0 156.0  106   60   58  26   5  4  17   56  192   0  14   7  .667  0   1.038  3.35
Strop,Pedro         17    0  0  16.0    9    7    6   2   0  1   2   10   18   2   0   2  .000  3   1.188  3.38
Hamels,Cole*        18   18  0 103.0   86   49   46  13   3  4   2   38   82   0   7   6  .538  0   1.204  4.02
McFarland,T.J.*     56    0  0  67.1   73   34   31   8   2  2   0   27   35   2   4   3  .571  3   1.485  4.14
Anderson,Tyler*     29   29  0 161.1  148   77   75  24   7  5   3   52  140   0  11  10  .524  0   1.240  4.18
Senzatela,Antoni    49    4  0  80.1  100   64   58  17   1  6   2   33   59   1   1   4  .200  2   1.656  6.50
Ross,Tyson           8    3  0  18.2   29   21   15   4   1  2   1   11   18   0   0   2  .000  0   2.143  7.23
Weaver,Luke          6    2  0  12.1   15   13   13   4   1  1   0   10    9   0   0   2  .000  0   2.027  9.49
                   152  152  1  1380 1131  587  535 180  33 38  56  505 1441  26  84  68  .553 37   1.186  3.49

Co Operators         G   AB    H  2B  3B  HR   TB    R  RBI   BB    K  IB  SH SF  SB CS   Avg    OB   Slg    OPS
Smith,Dominic*      40   26   10   3   1   0   15    5    7    2    7   0   0  0   0  0  .385  .429  .577  1.006
Hernandez,Kike     134  431  123  14   2  27  222   68   87   40   89   1   9  4   5  0  .285  .346  .515   .861
Stanton,Giancarl   150  530  135  36   1  31  266   93   85   61  195   2   0  4   9  1  .255  .343  .502   .845
Grandal,Yasmani#    57  186   40   3   3  12   85   41   32   52   53   4   0  2   0  0  .215  .388  .457   .845
Molina,Yadier       78  283   79  14   1  16  143   43   38   16   40   2   0  4   2  0  .279  .327  .505   .832
Escobar,Eduardo#    70  275   77  21   0  13  137   47   37   20   58   0   0  2   1  3  .280  .333  .498   .831
Flores,Wilmer       53   85   27   7   0   1   37    8    7    6    9   1   0  0   0  0  .318  .370  .435   .805
Verdugo,Alex*       11   37   12   2   0   0   14    4    6    5    8   1   0  0   0  0  .324  .405  .378   .783
Marte,Ketel#       136  432  119  24   7  11  190   51   53   40   71   5   0  3   3  1  .275  .338  .440   .778
Herrera,Odubel*     65  156   46   1   1   5   64   27   20   15   34   0   0  0   3  2  .295  .357  .410   .767
Martinez,Jose      150  524  154  28   1  12  220   59   70   40   97   1   0  1   0  1  .294  .346  .420   .766
Markakis,Nick*     139  375   97  19   0  10  146   40   51   40   53   1   0  3   1  1  .259  .328  .389   .717
Happ,Ian#           85  109   24   2   0   4   38   13   16   21   50   2   0  0   0  2  .220  .346  .349   .695
Carpenter,Matt*     82  299   62  17   0  11  112   50   31   47   90   5   0  6   5  5  .207  .314  .375   .689
Turner,Trea        152  626  154  11   2  22  235  102   65   51  125   0   3  4  42  9  .246  .305  .375   .680
Renfroe,Hunter      60  210   45   8   0  12   89   21   38   12   60   0   0  1   0  0  .214  .256  .424   .680
Dahl,David*        107  109   23   4   1   1   32   15   12   12   30   1   0  2   3  2  .211  .285  .294   .579
Hernandez,Gorkys    44   26    5   2   0   1   10    3    7    0   11   0   0  0   0  1  .192  .192  .385   .577
Panik,Joe*          38   69   17   2   0   0   19    6    7    4    7   0   0  0   0  2  .246  .288  .275   .563
Kingery,Scott       11    6    1   0   0   0    1    2    0    1    1   0   0  0   0  0  .167  .286  .167   .453
Mathis,Jeff         29   69    7   2   0   0    9    4    1    5   27   0   0  0   0  0  .101  .162  .130   .292
Lamb,Jake*           1    1    0   0   0   0    0    0    0    0    0   0   0  0   0  0  .000  .000  .000   .000
                   152 5156 1303 223  20 190 2136  718  689  494 1230  26  45 38  74 30  .253  .320  .414   .735

Co Operators         G   GS CG    IP    H    R   ER  HR  SH SF  HP   BB    K  IB   W   L   Pct Sv    WHIP   ERA
Dominguez,Serant    30    0  0  33.0   20   12   10   2   0  2   1    8   43   2   4   4  .500  5    .848  2.73
Marquez,German      33   33  1 197.0  154   73   65  22   6  0  17   45  239   0  13   7  .650  0   1.010  2.97
Oberg,Scott         60    0  0  61.0   61   23   21   6   0  1   5   19   64   6   3   4  .429  1   1.311  3.10
Buchholz,Clay       10   10  0  65.1   57   25   24   6   1  3   2    8   61   0   4   3  .571  0    .995  3.31
Cishek,Steve        53    0  0  48.0   33   19   19  10   1  2  10   21   61   1   2   3  .400  1   1.125  3.56
Hellickson,Jerem    17   17  0  98.0   81   41   39  11   4  3   9   21   63   0   8   5  .615  0   1.041  3.58
Smith,Caleb*        16   16  0  79.2   59   37   32  13   2  2   1   32   93   1   3   3  .500  0   1.142  3.62
Nola,Aaron          17   17  0 104.1   78   43   43  10   2  0   5   23  114   0   4   9  .308  0    .968  3.71
Herrera,Kelvin      52    0  0  44.0   47   21   19   7   1  1   0   11   33   3   5   4  .556 12   1.318  3.89
Matz,Steven*        13   13  0  69.0   62   32   31  12   1  4   5   29   64   0   4   1  .800  0   1.319  4.04
Maeda,Kenta         35   24  0 136.2  120   68   65  11   9  6  11   43  156   0   7   9  .438  0   1.193  4.28
Chatwood,Tyler      45    2  0  64.0   63   41   33   3   2  1   8   64   41   2   3   0 1.000  0   1.984  4.64
Hand,Brad*          60    0  0  67.1   64   41   39   5   1  0   6   37   87   6   9   3  .750 20   1.500  5.21
Carle,Shane         62    0  0  66.0   80   45   42   8   1  6   0   36   54   6   3   4  .429  4   1.758  5.73
Hudson,Daniel        5    0  0   4.2    4    3    3   0   0  0   0    2    7   0   1   0 1.000  0   1.286  5.79
Conley,Adam*        57    0  0  53.1   51   35   35  10   1  1   1   21   56   2   2   2  .500  1   1.350  5.91
Velasquez,Vince     18   17  0  79.0   91   64   54  12   4  2   3   37   93   0   6   7  .462  0   1.620  6.15
Gomber,Austin*      43    3  0  79.2  110   72   67  13   3  3   5   33   76   0   1   2  .333  2   1.795  7.57
                   152  152  1  1350 1235  695  641 161  39 37  89  490 1405  29  82  70  .539 46   1.278  4.27

Coop d'etat          G   AB    H  2B  3B  HR   TB    R  RBI   BB    K  IB  SH SF  SB CS   Avg    OB   Slg    OPS
Arcia,Francisco*    31  101   40   7   0  10   77   15   28    4   15   1   0  2   2  0  .396  .438  .762  1.200
Galloway,Isaac      27   54   13   4   0   6   35   13   10   13   17   0   0  0   1  0  .241  .388  .648  1.036
Turner,Justin       92  349  111  34   1   6  165   53   34   49   52   9   0  3   3  0  .318  .422  .473   .895
Martinez,J.D.      147  553  164  33   2  25  276   76  100   48  171   5   0  3   6  4  .297  .354  .499   .853
McNeil,Jeff*        64  231   75  12   9   2  111   40   20   12   31   0   1  2  10  0  .325  .363  .481   .844
Munoz,Yairo         85  264   67  17   2  15  133   50   35   28   66   0   0  0   4  2  .254  .325  .504   .829
Ramos,Wilson        98  322   95  19   0  12  150   34   48   19   81   0   0  3   0  0  .295  .331  .466   .797
Martin,Leonys*      92  305   84  13   0  12  133   47   41   28   73   0   0  1   8  3  .275  .339  .436   .775
Schwarber,Kyle*    143  419   90  11   2  28  189   62   69   57  145   5   1  3   5  2  .215  .310  .451   .761
Franco,Maikel       51  152   43   5   1   6   68   17   24    4   22   0   0  1   1  1  .283  .299  .447   .746
Santana,Carlos#    129  311   70  12   0  13  121   39   40   58   57   4   0  5   1  1  .225  .346  .389   .735
Bour,Justin*       129  319   79   9   1   8  114   47   39   60   88   2   0  1   0  1  .248  .367  .357   .724
Gordon,Dee*         43  151   47   1   2   1   55   16   14    3   18   0   5  0   7  1  .311  .333  .364   .697
Adams,Matt*        132  209   45  14   0   5   74   18   21   12   45   2   0  3   0  0  .215  .264  .354   .618
Crawford,Brandon   149  592  137  12   1  18  205   57   59   27  135   3   0  0   7  3  .231  .271  .346   .617
Almora Jr.,Alber   100  320   73  19   0   2   98   25   34   22   58   0   2  2   1  5  .228  .287  .306   .593
d'Arnaud,Chase       4    7    1   1   0   0    2    1    2    2    4   0   0  1   0  0  .143  .300  .286   .586
Owings,Chris        63  118   23   9   0   1   35   17    8   14   32   1   0  2   4  0  .195  .276  .297   .573
Barnes,Austin       54  163   19   1   0   0   20   13    6   16   81   3   1  0   2  2  .117  .209  .123   .332
                   152 5201 1298 235  21 170 2085  651  635  485 1331  35  44 32  62 25  .250  .318  .401   .719

Coop d'etat          G   GS CG    IP    H    R   ER  HR  SH SF  HP   BB    K  IB   W   L   Pct Sv    WHIP   ERA
Watson,Tony*        70    0  0  61.2   54   17   16   4   1  1   0   22   70   8   6   2  .750  0   1.232  2.34
Edwards Jr.,Carl    62    0  0  55.2   34   22   18   1   0  2   1   32   68   3   3   3  .500  1   1.186  2.91
Lugo,Seth           67    6  0  90.1   84   32   30  11   1  0   0   24   76   2   6   5  .545  2   1.196  2.99
Sanchez,Anibal      21   20  1 117.0   86   48   43   9   5  8   4   29  111   0   8   8  .500  0    .983  3.31
Ramos,Edubray       44    0  0  35.1   34   15   13   4   0  1   1   14   35   1   1   1  .500  3   1.358  3.31
Freeland,Kyle*      35   35  0 205.2  173   79   76  15   7  7   6   70  179   0  12   7  .632  0   1.182  3.33
Cishek,Steve        30    0  0  26.1   24   12   10   2   0  2   4   21   24   3   1   1  .500  1   1.709  3.42
Wittgren,Nick       35    0  0  36.2   41   16   14   2   0  0   2   11   32   1   2   0 1.000  0   1.418  3.44
Stock,Robert        38    0  0  43.1   46   18   17   2   0  1   3   17   34   4   1   2  .333  1   1.454  3.53
Wacha,Michael       14   14  0  66.2   58   30   28   8   0  4   0   25   53   0   6   4  .600  0   1.245  3.78
Godley,Zack         34   28  0 162.2  146   79   71  11   7  4   8   73  168   0   8   8  .500  0   1.346  3.93
Morrow,Brandon      22    0  0  25.0   20   11   11   2   0  1   1   12   29   2   2   0 1.000 12   1.280  3.96
Boxberger,Brad      27    0  0  25.0   21   13   11   6   0  0   1   14   35   2   3   3  .500  5   1.400  3.96
Quintana,Jose*      33   33  0 183.1  185   97   87  32  13  4   2   61  173   0   9  14  .391  0   1.342  4.27
Minter,A.J.*        69    0  0  62.0   57   32   31   6   1  2   2   32   78   6   4   7  .364 15   1.435  4.50
Rosario,Randy*      39    0  0  41.0   48   24   24   6   2  0   0   17   14   1   2   0 1.000  3   1.585  5.27
Bettis,Chad         21    7  0  52.2   54   38   35   5   4  3   2   23   29   0   4   2  .667  0   1.462  5.98
Oswalt,Corey        23    3  0  42.2   51   33   33   9   1  3   3   12   26   0   1   2  .333  0   1.477  6.96
Lopez,Pablo          6    6  0  30.1   42   33   31   6   3  0   4   15   20   0   0   4  .000  0   1.879  9.20
                   152  152  1  1363 1258  649  599 141  45 43  44  524 1254  33  79  73  .520 43   1.307  3.95

Dou's Crew           G   AB    H  2B  3B  HR   TB    R  RBI   BB    K  IB  SH SF  SB CS   Avg    OB   Slg    OPS
Trout,Mike         146  515  139  23   0  25  237   81   71  107  153  13   0  4  20  3  .270  .405  .460   .865
Story,Trevor       152  593  155  40   3  28  285   88   88   54  192   3   0  2  24  6  .261  .329  .481   .810
Zimmerman,Ryan      64  172   44  10   2   6   76   24   35   28   36   0   0  3   0  3  .256  .355  .442   .797
Rivera,Rene         12   33    8   2   0   2   16    5    3    2   12   0   0  0   0  0  .242  .306  .485   .791
Murphy,Daniel*     115  253   71  15   1   8  112   25   18   16   29   1   0  0   3  1  .281  .323  .443   .766
Alfaro,Jorge        96  376  104  23   3   5  148   42   44   13  145   1   0  0   2  0  .277  .320  .394   .714
Upton,Justin       143  516  122  15   0  21  200   70   56   55  184   3   0  6  10  4  .236  .321  .388   .709
Frazier,Todd        93  232   53   9   0  10   92   26   25   23   77   2   0  1   2  2  .228  .310  .397   .707
Rizzo,Anthony*     135  436  106  18   1  13  165   44   54   44   63   4   0  8   6  4  .243  .321  .378   .699
Kemp,Matt          127  490  116  19   0  17  186   46   70   35  148   3   0  5   0  0  .237  .286  .380   .666
Taylor,Michael A    13   28    8   1   0   0    9    2    3    2    5   0   0  0   0  0  .286  .333  .321   .654
Plawecki,Kevin      60  188   41  12   0   4   65   23   20   14   56   1   2  1   2  0  .218  .302  .346   .648
Kendrick,Howie       4   11    2   0   0   1    5    1    2    0    2   0   0  0   0  0  .182  .182  .455   .637
Longoria,Evan      115  330   71  12   0  12  119   34   37   14   68   3   0  3   3  0  .215  .254  .361   .615
Bautista,Jose       43  118   21   9   0   0   30   10   16   27   43   0   0  1   2  0  .178  .333  .254   .587
Hernandez,Cesar#   145  453   94   8   2   4  118   61   31   76  122   5   1  2  12  5  .208  .320  .260   .580
Duvall,Adam         42   46    8   0   0   2   14    7    4    6   13   0   0  0   0  3  .174  .269  .304   .573
Heyward,Jason*      28   43    9   1   0   0   10    3    3    3   11   0   0  0   0  0  .209  .261  .233   .494
Galvis,Freddy#      91   91   17   5   0   0   22    9    4    4   19   0   0  0   1  0  .187  .229  .242   .471
                   152 5196 1226 223  12 158 1947  610  591  527 1493  39  38 37  87 31  .236  .313  .375   .688

Dou's Crew           G   GS CG    IP    H    R   ER  HR  SH SF  HP   BB    K  IB   W   L   Pct Sv    WHIP   ERA
Diekman,Jake*       48    0  0  46.1   21   10    7   1   0  2   3   22   48   2   2   3  .400  0    .928  1.36
Scherzer,Max        19   19  1 127.1   71   30   28  16   4  1   7   25  152   0   8   1  .889  0    .754  1.98
Dyson,Sam           80    0  0  72.0   60   25   25   5   0  1   5   28   62   4   2   7  .222  1   1.222  3.13
Chafin,Andrew*      71    0  0  47.2   33   18   17   2   0  2   1   27   48   3   3   3  .500  0   1.259  3.21
Rucinski,Drew       20    0  0  20.2   19   10    8   1   0  1   3   14   14   1   3   1  .750  0   1.597  3.48
Hamels,Cole*        12   12  0  68.1   57   38   30  15   1  1   5   26   75   0   1   4  .200  0   1.215  3.95
Erlin,Robbie*       15    9  0  62.1   63   34   28   4   2  4   0    8   53   0   2   4  .333  1   1.139  4.04
Teheran,Julio       32   32  0 176.2  129   84   82  22   7  4   9   86  167   2  14   6  .700  0   1.217  4.18
Barraclough,Kyle    58    0  0  48.1   40   24   23   6   0  2   2   38   51   2   3   4  .429  3   1.614  4.28
Ferguson,Caleb*     38    0  0  46.0   53   23   22   7   0  5   4   10   47   0   0   2  .000  1   1.370  4.30
Ross,Tyson          20   11  0  73.0   60   37   36   9   5  3   6   26   51   0   3   7  .300  0   1.178  4.44
Lauer,Eric*          7    7  0  32.1   47   22   17   3   1  1   2   14   31   0   1   4  .200  0   1.887  4.73
Rodney,Fernando     58    0  0  52.1   64   28   28   7   0  0   5   28   57   3   4   8  .333 25   1.758  4.82
Richards,Trevor     25   25  0 131.2  136   82   72  22   9  5   5   42  154   0   5   9  .357  0   1.352  4.92
Eflin,Zach          15   15  0  85.0   96   50   49  17   4  1   0   20   84   0   1   7  .125  0   1.365  5.19
Holland,Derek*      39   22  0 134.0  139   78   78  16   6  8   6   47  132   0   8   9  .471  0   1.388  5.24
Anderson,Justin     65    0  0  49.2   47   34   32   2   1  0   1   49   64   5   3   0 1.000  2   1.933  5.80
Kintzler,Brandon    55    0  0  47.2   53   34   33   9   0  1   2   20   32   1   1   2  .333  0   1.531  6.23
Bedrosian,Cam       63    0  0  53.1   70   49   49   8   1  5   3   34   50   9   4   3  .571  0   1.950  8.27
                   152  152  0  1374 1258  710  664 172  41 47  69  564 1372  32  68  84  .447 33   1.326  4.35

Fentonators          G   AB    H  2B  3B  HR   TB    R  RBI   BB    K  IB  SH SF  SB CS   Avg    OB   Slg    OPS
O'Brien,Peter       25   54   17   6   0   3   32   11   10   14   23   0   0  0   0  0  .315  .456  .593  1.049
Carpenter,Matt*     68  246   54  10   0  19  121   42   45   43   78   3   0  5   3  1  .220  .341  .492   .833
Hundley,Nick        76  262   70  13   3  14  131   40   44   16   77   0   0  2   1  2  .267  .310  .500   .810
Bellinger,Cody*    148  546  148  20   9  19  243   74   70   62  143   0   0  2  16  2  .271  .345  .445   .790
Villanueva,Chris    98  281   73   7   0  15  125   43   27   24  111   0   0  2   3  2  .260  .329  .445   .774
Realmuto,J.T.      115  374   96  27   0  14  165   53   41   35  108   2   0  4   4  1  .257  .330  .441   .771
Herrera,Odubel*     66  228   63   8   2   5   90   33   32   22   48   1   0  4   3  1  .276  .345  .395   .740
Gonzalez,Carlos*   103  287   73  16   2   9  120   30   45   23   81   1   0  2   2  1  .254  .308  .418   .726
Pederson,Joc*      101  338   81  20   2  11  138   44   42   34   90   0   0  4   1  2  .240  .311  .408   .719
Gyorko,Jedd        102  277   62  14   0  11  109   45   41   36   60   0   0  1   0  0  .224  .319  .394   .713
Hanson,Alen#       101  274   67   8   5  10  115   45   35   10   71   2   0  2   4  3  .245  .277  .420   .697
Camargo,Johan#     125  435   99  17   2  14  162   49   59   38  113   1   0  3   1  0  .228  .304  .372   .676
Verdugo,Alex*       18   45   11   3   0   1   17    6    6    3   10   0   0  0   0  0  .244  .292  .378   .670
Williamson,Mac      46   80   19   7   0   0   26   10   11   12   23   0   0  1   1  1  .238  .333  .325   .658
Descalso,Daniel*   102  323   65  10   0  11  108   41   38   50  116   2   0  2   0  0  .201  .310  .334   .644
Renfroe,Hunter      70  229   50  14   0   6   82   21   23   11   71   0   0  3   0  3  .218  .260  .358   .618
Riddle,JT*          50  113   28   3   0   2   37   10   12    6   33   0   0  1   1  1  .248  .283  .327   .610
Escobar,Eduardo#    63  236   48  12   1   5   77   30   27   13   51   0   0  1   1  0  .203  .247  .326   .573
McMahon,Ryan*       56  119   21   4   1   1   30   14   12   10   43   0   0  3   0  1  .176  .257  .252   .509
Brinson,Lewis       13   27    1   0   0   0    1    2    0    0    9   0   0  0   0  0  .037  .037  .037   .074
Knapp,Andrew#        1    4    0   0   0   0    0    0    0    0    2   0   0  0   0  0  .000  .000  .000   .000
                   152 5147 1208 226  28 180 2030  673  647  489 1516  14  20 45  47 22  .235  .305  .394   .700

Fentonators          G   GS CG    IP    H    R   ER  HR  SH SF  HP   BB    K  IB   W   L   Pct Sv    WHIP   ERA
Descalso,Daniel      1    0  0   1.0    1    0    0   0   0  0   0    0    0   0   0   0  .000  1   1.000  0.00
Dominguez,Serant    23    0  0  25.0   11    5    3   0   0  1   0   13   27   4   1   0 1.000  5    .960  1.08
Erlin,Robbie*       11    1  0  21.2   21    5    4   0   1  1   0    5   21   1   1   0 1.000  0   1.200  1.66
Hudson,Daniel       40    0  0  43.1   33   11    9   3   3  2   2   13   29   1   4   1  .800  0   1.062  1.87
Doolittle,Sean*     41    0  0  42.2   23   10    9   4   0  0   3    4   49   0   3   2  .600 23    .633  1.90
Castillo,Jose*      44    0  0  30.0   25    7    7   2   0  1   0   12   41   2   2   0 1.000  0   1.233  2.10
deGrom,Jacob        30   30  1 202.1  156   51   48  12   6  1   6   31  236   1  21   2  .913  0    .924  2.14
Arano,Victor        62    0  0  60.1   52   18   18   5   1  1   1   11   56   2   3   0 1.000  0   1.044  2.69
Chavez,Jesse        70    0  0  92.0   85   29   28   8   1  2   1   20   92   3   7   3  .700  7   1.141  2.74
Nola,Aaron          13   13  1  81.0   65   28   25   5   5  0   2   16   86   0   4   5  .444  0   1.000  2.78
Cole,Taylor         30    0  0  31.1   17   10   10   0   1  0   2   14   27   0   1   0 1.000  4    .989  2.87
Newcomb,Sean*       30   30  0 161.1  150   72   64  22   9  8   3   72  163   0   9   9  .500  0   1.376  3.57
Crick,Kyle          68    0  0  56.2   41   29   23   3   3  1  10   32   49   8   4   4  .500  2   1.288  3.65
Heaney,Andrew*      30   30  0 176.0  181   84   75  21   6  8   8   54  180   1  10  13  .435  0   1.335  3.84
Gant,John           26   19  0 107.0   93   57   52  11   4  5   3   54   92   0   5   7  .417  0   1.374  4.37
Rondon,Hector       14    0  0  12.1   13    7    6   1   0  0   0    7   14   1   0   2  .000  0   1.622  4.38
Ohtani,Shohei       10   10  0  46.2   42   25   24   8   4  2   1   20   56   0   0   5  .000  0   1.329  4.63
Goeddel,Erik        34    0  0  35.2   23   20   19   8   0  0   0   22   40   3   1   2  .333  2   1.262  4.79
Matz,Steven*        15   15  0  75.1   87   48   47  11   4  4   5   34   76   0   4   6  .400  0   1.606  5.62
Richard,Clayton*     4    4  0  18.0   30   18   12   3   1  1   1    9   16   0   0   2  .000  0   2.167  6.00
Stratton,Chris      38    0  0  47.0   60   42   40  12   0  1   1   21   31   3   5   4  .556  0   1.723  7.66
                   152  152  2  1366 1209  576  523 139  49 39  49  464 1381  30  85  67  .559 44   1.225  3.44

Incarnations         G   AB    H  2B  3B  HR   TB    R  RBI   BB    K  IB  SH SF  SB CS   Avg    OB   Slg    OPS
Freese,David        38   91   28   4   0   4   44   11   12   16   25   0   0  2   0  0  .308  .420  .484   .904
Reyes,Jose#          3    5    2   0   0   0    2    0    1    1    1   0   0  0   0  0  .400  .500  .400   .900
Goldschmidt,Paul    88  334  100  18   1  16  168   48   57   38  110   2   0  4   6  5  .299  .370  .503   .873
Belt,Brandon*       48  156   41   8   0  10   79   28   26   15   45   0   0  1   3  2  .263  .326  .506   .832
Dietrich,Derek*    108  266   75  10   1  11  120   32   53   23   79   1   0  3   2  1  .282  .360  .451   .811
Williams,Nick*     134  201   55   7   3   4   80   18   17   10   58   1   0  3   0  1  .274  .320  .398   .718
Souza Jr.,Steven     6    8    2   1   0   0    3    1    0    1    1   0   0  0   0  0  .250  .333  .375   .708
Arenado,Nolan      149  514  111  16   0  27  208   57   77   56  130   6   0  4   7  3  .216  .293  .405   .698
Pham,Tommy          97  327   75   7   2  13  125   46   43   38  110   2   0  4   3  2  .229  .316  .382   .698
Taylor,Chris       152  523  128  31   9   6  195   62   44   48  205   0   0  6  10  4  .245  .319  .373   .692
Blackmon,Charlie   152  541  126  15   5  15  196   70   62   66  138   3   1  3  12  5  .233  .325  .362   .687
Posey,Buster       115  419  107  17   1   5  141   48   33   45   73   2   0  4   5  8  .255  .331  .337   .668
Difo,Wilmer#       113  343   83  11  10   2  120   34   34   25   64   1   0  2   2  1  .242  .296  .350   .646
Rosario,Amed       105  280   69  16   1   3   96   29   25   14   66   3   0  1  10  5  .246  .284  .343   .627
Jay,Jon*           124  445  108  14   3   3  137   58   46   26   89   0   5  3   4  5  .243  .302  .308   .610
Reynolds,Mark       29   66   13   0   0   3   22    3    9    5   25   0   0  1   0  0  .197  .250  .333   .583
Murphy,John Ryan    40   93   19   6   0   2   31   10    7    3   27   0   0  1   0  0  .204  .227  .333   .560
Jankowski,Travis    85  110   22   0   1   1   27   16    9   10   23   1   0  1   2  2  .200  .264  .245   .509
Holaday,Bryan       32  107   21   5   0   0   26   12    7    5   32   0   0  1   0  0  .196  .256  .243   .499
                   152 5066 1228 193  37 125 1870  600  570  459 1397  22  40 44  67 45  .242  .312  .369   .681

Incarnations         G   GS CG    IP    H    R   ER  HR  SH SF  HP   BB    K  IB   W   L   Pct Sv    WHIP   ERA
Biddle,Jesse*       45    0  0  47.0   33   15   13   4   0  1   3   27   45   1   0   0  .000  1   1.277  2.49
Strop,Pedro         39    0  0  34.2   27   10   10   2   0  2   6   24   40   2   2   5  .286 17   1.471  2.60
Greinke,Zack        17   17  1 102.0   85   34   32  13   6  2   2   29   99   0   6   6  .500  0   1.118  2.82
Kershaw,Clayton*    28   28  1 164.2  146   59   55  14   4  5   1   35  165   1   8   7  .533  0   1.099  3.01
Pena,Felix          37    9  0  81.1   77   34   33   9   3  2   4   31   81   0   4   8  .333  2   1.328  3.65
Baez,Pedro          61    0  0  59.0   66   25   25   7   0  2   2   31   71   4   2   2  .500  2   1.644  3.81
Lester,Jon*         31   31  0 173.0  170   82   76  23  11  9   6   66  140   0   9  12  .429  0   1.364  3.95
Avilan,Luis*        55    0  0  49.1   57   25   23   3   1  0   1   24   54   2   3   3  .500  0   1.642  4.20
Parker,Blake        29    0  0  27.1   20   14   13   3   2  2   2   11   29   3   0   3  .000  3   1.134  4.28
Chargois,JT         11    0  0   8.1    8    4    4   0   0  1   1    3    6   0   0   0  .000  0   1.320  4.32
Weaver,Luke          5    0  0   7.2   12    4    4   1   0  1   0    3    6   0   0   0  .000  0   1.957  4.70
Strasburg,Stephe    11   11  1  52.0   55   31   29  13   5  0   3    7   72   0   1   4  .200  0   1.192  5.02
Gonzalez,Gio*       29   29  0 140.0  155   89   86  14   6  6   0   71  143   0   7  15  .318  0   1.614  5.53
Morgan,Adam*        47    0  0  38.1   49   29   24   3   0  0   0   19   32   2   1   3  .250  1   1.774  5.63
Freeman,Sam*        65    0  0  54.0   63   35   35   3   3  1   2   34   58   3   2   3  .400  1   1.796  5.83
Cueto,Johnny         9    9  0  41.1   48   27   27  10   3  0   2   14   33   0   1   3  .250  0   1.500  5.88
Skaggs,Tyler*       17    9  0  60.1   68   42   40   5   1  0   1   27   72   0   2   2  .500  0   1.575  5.97
Chen,Wei-Yin*        9    9  0  48.0   58   37   35  15   2  2   0   12   52   0   1   6  .143  0   1.458  6.56
Alexander,Scott*    83    0  0  70.1   86   60   56   9   0  3   4   40   53   4   4   5  .444  1   1.791  7.17
Alvarez,Jose*       64    0  0  40.1   46   34   34   1   0  3   1   24   36   4   3   6  .333  4   1.736  7.59
Bashlor,Tyler       33    0  0  36.0   49   41   41  13   3  2   8   16   26   1   1   2  .333  0   1.806 10.25
                   152  152  2  1335 1378  731  695 165  50 44  49  548 1313  27  57  95  .375 32   1.443  4.69

Morgen Grinders      G   AB    H  2B  3B  HR   TB    R  RBI   BB    K  IB  SH SF  SB CS   Avg    OB   Slg    OPS
Briceno,Jose        39   93   27   0   0  11   60   19   21   10   30   0   1  2   0  1  .290  .352  .645   .997
Acuna Jr.,Ronald   137  436  126  28   6  17  217   84   57   46  135   4   0  2  16  4  .289  .368  .498   .866
Piscotty,Stephen   147  533  154  36   0  26  268   71   87   39  120   1   0  7   5  2  .289  .352  .503   .855
Lopez,Raffy*        11   29    9   1   0   1   13    5    1    4    7   0   0  0   0  0  .310  .394  .448   .842
Grichuk,Randal     127  395   98  25   1  22  191   48   85   34  132   2   0  4   2  2  .248  .324  .484   .808
Soto,Juan*         139  407  102  18   1  18  176   66   43   82   98   6   0  2   5  3  .251  .375  .432   .807
Goldschmidt,Paul    63  226   61   9   4   5   93   38   31   45   63   5   0  3   3  3  .270  .391  .412   .803
Bruce,Jay*          53   56   17   4   1   0   23    8    3    8    9   0   0  0   1  0  .304  .391  .411   .802
Flores,Wilmer       39   64   17   7   0   1   27    9    8    4   11   1   0  0   0  0  .266  .319  .422   .741
Belt,Brandon*       84  205   57   8   1   4   79   31   21   23   49   0   0  1   4  2  .278  .355  .385   .740
Freese,David        68  168   44   5   0   6   67   19   25   16   56   0   0  2   0  1  .262  .326  .399   .725
Russell,Addison     97  249   64  17   1   3   92   25   28   28   47   3   0  1   1  1  .257  .333  .369   .702
Anderson,Brian     144  466  110  20   2  10  164   74   55   61   94   3   0  2   2  4  .236  .343  .352   .695
Hedges,Austin      117  294   62  11   2  15  122   36   48   22   94   3   0  4   3  1  .211  .269  .415   .684
Swanson,Dansby     122  349   85  17   1   9  131   40   32   17   91   1   5  0   7  1  .244  .285  .375   .660
Ellis,A.J.          56  144   36   5   0   0   41   13    7   19   38   0   3  0   0  0  .250  .341  .285   .626
Albies,Ozzie#      145  555  118  34   5  10  192   60   63   44   93   2   1  4  10  4  .213  .270  .346   .616
Fletcher,David     108  158   32  11   2   0   47   19   13   10   22   1   2  0   1  0  .203  .259  .297   .556
Sierra,Magneuris    10   23    6   0   0   0    6    2    1    1    9   0   2  0   0  0  .261  .292  .261   .553
                   152 5140 1262 266  27 158 2056  675  640  520 1334  32  56 35  60 29  .246  .321  .400   .721

Morgen Grinders      G   GS CG    IP    H    R   ER  HR  SH SF  HP   BB    K  IB   W   L   Pct Sv    WHIP   ERA
Rusin,Chris*         1    0  0   1.0    0    0    0   0   0  0   0    0    0   0   0   0  .000  0    .000  0.00
Bracho,Silvino      22    0  0  21.1   14    5    5   1   0  0   4   10   23   1   2   0 1.000  0   1.125  2.11
Wilson,Justin*      48    0  0  49.1   38   14   12   1   1  2   0   25   60   2   2   1  .667  0   1.277  2.19
Corbin,Patrick*     34   34  1 209.1  150   61   54  19   3  4   3   34  285   0  17   7  .708  0    .879  2.32
Rodriguez,Dereck    21   21  0 121.2  104   32   32   8   6  2   3   32   96   1   8   1  .889  0   1.118  2.37
Suero,Wander        47    0  0  47.0   43   14   14   4   0  0   1   20   52   3   1   0 1.000  1   1.340  2.68
Davis,Wade          66    0  0  65.2   46   21   20   7   0  1   4   27   83   2   5   2  .714 44   1.112  2.74
Yates,Kirby         67    0  0  61.2   49   24   19   9   0  1   4   29   77   6   4   6  .400  1   1.265  2.77
Grace,Matt*         54    0  0  50.0   41   18   16   6   0  1   2   15   40   4   3   3  .500  1   1.120  2.88
Foltynewicz,Mike    31   31  1 192.0  128   73   67  22   5  1   8   65  206   2   9  11  .450  0   1.005  3.14
Greinke,Zack        14   14  0  86.2   71   31   31  12   2  0   4   23   88   2   7   3  .700  0   1.085  3.22
Miller,Justin       20    0  0  20.0   23   10    9   3   0  1   3   11   28   2   1   1  .500  1   1.700  4.05
Gray,Jon            31   31  0 174.0  165   89   79  24   8  7   7   50  178   0   8  10  .444  0   1.236  4.09
Oh,Seunghwan        83    0  0  68.1   55   34   33   7   3  3   7   20   76   3   9   2  .818  2   1.098  4.35
Strasburg,Stephe    12   12  0  61.1   70   35   34   7   1  3   6   13   73   0   3   6  .333  0   1.353  4.99
Fields,Josh         30    0  0  26.2   33   21   16   5   0  3   0   12   24   2   3   2  .600  0   1.688  5.40
Richards,Garrett     8    8  0  33.0   29   25   25   6   2  1   2   17   30   1   2   3  .400  0   1.394  6.82
Norris,Bud          48    0  0  45.0   41   35   35  10   0  3   6   24   48   2   5   3  .625  1   1.444  7.00
Skaggs,Tyler*       21    1  0  34.1   59   36   29   7   0  2   0   13   29   0   1   1  .500  1   2.097  7.60
                   152  152  2  1368 1159  578  530 158  31 35  64  440 1496  33  90  62  .592 52   1.169  3.49

Rivercrypts          G   AB    H  2B  3B  HR   TB    R  RBI   BB    K  IB  SH SF  SB CS   Avg    OB   Slg    OPS
Kieboom,Spencer      4    3    3   0   0   0    3    0    2    1    0   0   0  0   0  0 1.000 1.000 1.000  2.000
Ahmed,Nick          25   36   10   3   1   2   21    7   12    2    9   0   0  0   0  0  .278  .316  .583   .899
Reyes,Franmil       59  177   49   6   0  12   91   33   25   29   57   2   0  1   0  0  .277  .377  .514   .891
Mesoraco,Devin      42  107   29   7   0   6   54   14   27   12   20   1   0  3   0  0  .271  .347  .505   .852
Conforto,Michael    77  168   47  12   0   7   80   24   30   23   59   0   0  1   1  0  .280  .371  .476   .847
La Stella,Tommy*    44   65   23   4   0   0   27   10    8    7    7   0   0  0   0  1  .354  .417  .415   .832
Castro,Starlin     152  551  157  32   1  12  227   65   64   54  119   0   0  3   6  5  .285  .347  .412   .759
Machado,Manny      152  594  157  36   4  19  258   77   85   50  123   5   0  8  10  2  .264  .320  .434   .754
Pollock,A.J.        77  262   63  15   0  11  111   31   38   15   58   2   0  5   4  1  .240  .299  .424   .723
Cordero,Franchy*   102  148   32   4   0   7   57   16   13   20   65   1   0  0   3  0  .216  .310  .385   .695
Inciarte,Ender*    151  643  170  25   6  10  237   87   53   43   96   1   2  4  34 10  .264  .312  .369   .681
Simmons,Andrelto    99  396  103  17   0   7  141   47   33   31   28   2   1  1   7  3  .260  .323  .356   .679
Duda,Lucas*        131  113   25   4   0   4   41   18   13   14   32   1   0  1   0  0  .221  .315  .363   .678
Hosmer,Eric*       152  609  145  19   1  13  205   63   74   49  147   0   0  6   8  9  .238  .294  .337   .631
Sandoval,Pablo#      5    5    1   0   0   0    1    1    0    2    2   0   0  0   0  0  .200  .429  .200   .629
Parra,Gerardo*     124  441  107  12   0   2  125   32   32   31   88   2   1  4  14  5  .243  .293  .283   .576
Iannetta,Chris     111  362   64  13   0   7   98   35   33   48  115   2   0  3   0  0  .177  .287  .271   .558
Caratini,Victor#    21   48    9   1   0   0   10    2    2    8    9   1   0  0   0  0  .188  .339  .208   .547
Spangenberg,Cory    50  164   33   4   1   1   42   14   13    8   56   0   4  0   5  1  .201  .238  .256   .494
                   152 5155 1264 221  15 121 1878  595  567  460 1227  20  45 41  92 37  .245  .310  .364   .674

Rivercrypts          G   GS CG    IP    H    R   ER  HR  SH SF  HP   BB    K  IB   W   L   Pct Sv    WHIP   ERA
Johnson,Jim          3    0  0   2.0    2    0    0   0   0  1   0    0    1   0   0   0  .000  0   1.000  0.00
Robles,Hansel        2    0  0   3.0    1    0    0   0   0  0   0    1    1   0   0   0  .000  1    .667  0.00
Strahm,Matt*        25    0  0  23.1   12    3    3   1   1  3   0    8   25   0   0   1  .000  0    .857  1.16
Stammen,Craig       76    0  0  75.1   54   13   13   2   1  1   4   18   84   5   8   3  .727  3    .956  1.55
Mikolas,Miles       20   20  2 131.0  116   50   43  12   7  4   5   10   87   2   8   8  .500  0    .962  2.95
Hunter,Tommy         4    0  0   3.0    4    1    1   0   0  0   0    0    3   0   0   1  .000  0   1.333  3.00
Rondon,Hector       24    0  0  18.2   21    7    7   2   0  0   0   11   16   3   0   0  .000  0   1.714  3.38
Bradley,Archie      47    0  0  42.1   30   16   16   4   0  0   4   25   42   6   0   3  .000  0   1.299  3.40
Vizcaino,Arodys     42    0  0  40.0   30   16   16   4   0  0   2   16   40   4   4   4  .500 21   1.150  3.60
Suarez,Andrew*      30   30  0 171.1  169   75   70  24   6  5   0   39  178   0   6  11  .353  0   1.214  3.68
Ryu,Hyun-Jin*       15   15  0  86.2   70   40   36  18   2  3   2   16   98   0   4   5  .444  0    .992  3.74
Stripling,Ross      37   17  0 121.1  123   57   52  20   4  1   1   21  146   1   8   6  .571  0   1.187  3.86
Martinez,Carlos     53    2  0  85.1   79   40   38   4   2  3   6   34   80   2   3   3  .500  1   1.324  4.01
Ramirez,Noe         36    0  0  39.2   39   23   20   6   0  0   5   13   47   2   1   1  .500  0   1.311  4.54
Arrieta,Jake        33   33  0 176.1  188  108   92  23  10  5  11   44  157   0   9  15  .375  0   1.316  4.70
Hendricks,Kyle       6    6  0  34.1   37   23   19   4   4  0   4    8   21   0   0   3  .000  0   1.311  4.98
Ray,Robbie*         27   27  0 131.1  131   84   83  32   8  2   2   74  189   0   5  10  .333  0   1.561  5.69
De La Rosa,Jorge    64    0  0  57.2   58   44   38   8   0  2   1   38   52   3   3   9  .250  0   1.665  5.93
Holland,Greg        34    0  0  28.0   23   19   19   0   1  0   1   29   27   0   0   2  .000  0   1.857  6.11
Ziegler,Brad        85    0  0  74.2  104   58   54  15   0  1   6   25   55   7   2   5  .286  0   1.728  6.51
Straily,Dan          2    2  0  10.0   11    8    8   5   0  0   2    6   11   0   1   0 1.000  0   1.700  7.20
                   152  152  0  1355 1302  685  628 184  46 31  56  436 1360  35  62  90  .408 26   1.283  4.17

Skramalonians        G   AB    H  2B  3B  HR   TB    R  RBI   BB    K  IB  SH SF  SB CS   Avg    OB   Slg    OPS
Owings,Chris         9    2    1   0   0   0    1    1    2    0    0   0   0  0   0  0  .500  .500  .500  1.000
Cron,C.J.          106  226   63  13   0  17  127   36   38   20   83   1   0  1   1  0  .279  .341  .562   .903
Harper,Bryce*      137  470  109  23   2  34  238   86   93  100  143   9   0  3  10  5  .232  .369  .506   .875
Seager,Corey*       49  106   33   7   1   2   48   18   14   17   21   0   0  0   0  0  .311  .411  .453   .864
Hoskins,Rhys       119  327   82  29   0  16  159   56   58   57   98   4   0  3   5  3  .251  .367  .486   .853
Span,Denard*        80   89   26   2   1   4   42   14   20    8   15   1   0  1   1  1  .292  .354  .472   .826
Bryant,Kris        129  423  110  34   0  12  180   57   53   46  129   2   0  3   5  4  .260  .354  .426   .780
Contreras,Willso   124  439  117  33   3   9  183   64   51   40  129   3   3  1   9  0  .267  .349  .417   .766
Duggar,Steven*      19   63   19   3   2   0   26    4    9    4   21   1   0  0   0  0  .302  .343  .413   .756
Franco,Maikel       77  168   46   6   2   6   74   23   22   10   25   1   0  1   0  1  .274  .313  .440   .753
Ozuna,Marcell      149  606  172  12   2  23  257   73   81   40  133   2   0  3   5  1  .284  .327  .424   .751
LeMahieu,DJ        134  518  133  28   1  23  232   75   78   22   74   2   0  4   7  3  .257  .288  .448   .736
DeJong,Paul        132  449   93  25   1  12  156   48   52   44  144   2   0  3   2  0  .207  .291  .347   .638
Avila,Alex*         19   18    3   0   0   1    6    3    3    4   10   0   0  1   0  0  .167  .304  .333   .637
Calhoun,Kole*      108  192   36   3   2   6   61   30   23   33   57   1   0  2   3  1  .188  .304  .318   .622
Desmond,Ian         87  210   41   7   1   4   62   23   13   18   53   0   0  1   8  1  .195  .261  .295   .556
Gordon,Dee*         91  361   84   6   3   4  108   42   22    2   49   0   7  1  18  6  .233  .249  .299   .548
Dozier,Brian        49   94   17   4   0   1   24    6    8   15   25   0   0  1   5  0  .181  .291  .255   .546
Garcia,Greg*        10   27    5   0   0   1    8    2    3    2    9   0   0  0   0  0  .185  .241  .296   .537
Murphy,Tom          28  102   20   7   2   0   31   10    5    2   49   1   0  1   0  0  .196  .210  .304   .514
d'Arnaud,Chase      11   20    4   1   0   0    5    2    0    1    7   0   0  0   1  0  .200  .238  .250   .488
                   152 5196 1243 248  23 175 2062  693  659  497 1425  30  31 32  80 26  .239  .312  .397   .709

Skramalonians        G   GS CG    IP    H    R   ER  HR  SH SF  HP   BB    K  IB   W   L   Pct Sv    WHIP   ERA
Syndergaard,Noah    13   13  0  82.2   90   37   35   5   2  0   2   14   95   0   5   3  .625  0   1.258  3.81
Hicks,Jordan        79    0  0  82.0   71   38   36   4   2  1   8   46   76   5   7   1  .875  2   1.427  3.95
Roark,Tanner        37   26  0 174.1  176   86   78  24   6  1  12   49  146   1   7  10  .412  0   1.291  4.03
Barria,Jaime        15   15  0  79.1   76   43   36  12   4  3   6   34   74   0   2   5  .286  0   1.387  4.08
Brebbia,John        48    0  0  52.1   54   27   27   5   1  1   0   24   53   1   1   2  .333  2   1.490  4.64
Gausman,Kevin       26   24  1 134.0  152   74   70  15   6  4   7   36  101   1   7  10  .412  1   1.403  4.70
Jansen,Kenley       71    0  0  76.0   75   46   46  18   0  4   1   26   90   6   4   7  .364 26   1.329  5.45
Steckenrider,Dre    73    0  0  68.0   93   54   42   7   0  8   2   45   70   4   3   4  .429  2   2.029  5.56
Bumgarner,Madiso    17   17  0  95.1  111   70   65  15   4  6   4   26   86   0   1   5  .167  0   1.437  6.14
Lucchesi,Joey*      25   25  0 121.0  141   94   87  24   8  4   5   46  143   0   3  15  .167  0   1.545  6.47
Urena,Jose          32   32  0 162.1  189  132  129  33   9  9  13   67  133   1   5  12  .294  0   1.577  7.15
Melancon,Mark       44    0  0  41.0   69   39   34   2   1  1   6   16   35   1   0   5  .000  0   2.073  7.46
Andriese,Matt       21    0  0  25.1   39   25   25   7   0  1   2   16   27   2   1   2  .333  1   2.171  8.88
Fried,Max*          26    0  0  36.2   51   40   38   6   0  1   3   38   46   2   3   3  .500  1   2.427  9.33
Brach,Brad          80    0  0  67.2  119   86   80   4   6  5   4   44   75   9   5   9  .357  1   2.409 10.64
Jackson,Luke        44    0  0  43.2   75   70   63   8   1  6   4   34   42   1   1   4  .200  0   2.496 12.98
                   152  152  1  1341 1581  961  891 189  50 55  79  561 1292  34  55  97  .362 36   1.597  5.98

