Avery Tards          G   PA   AB    H  2B  3B  HR   TB    R  RBI   BB    K  IB  SH SF  SB CS   Avg    OB   Slg    OPS
Duvall,Adam         25   87   83   25   4   0   9   56   17   20    4   24   0   0  0   0  0  .301  .333  .675  1.008
Trout,Mike          50  212  173   38   9   1  17  100   39   30   32   54   5   0  0   4  1  .220  .360  .578   .938
Martinez,J.D.      140  571  517  148  20   2  44  304  100   85   45  126   2   0  5   2  0  .286  .345  .588   .933
Rizzo,Anthony*      45  180  148   43  11   0   7   75   34   21   17   17   0   0  1   4  1  .291  .411  .507   .918
Kendrick,Howie      41   87   84   27   3   0   6   48   12   14    3    7   0   0  0   0  1  .321  .345  .571   .916
Kelly,Carson        43  167  143   35   7   0  13   81   23   37   18   34   1   0  2   0  0  .245  .341  .566   .907
Hernandez,Kike      28   80   76   24   2   0   5   41    8   18    4   14   0   0  0   1  0  .316  .350  .539   .889
Baez,Javier        148  569  548  155  32   2  40  311   80  112   19  154   1   0  2  10  2  .283  .306  .568   .874
Zimmerman,Ryan      43  144  133   40   3   0   9   70   23   23   10   30   0   0  1   0  0  .301  .347  .526   .873
Happ,Ian#           48  146  129   30   7   0  11   70   16   27   15   38   1   0  2   2  1  .233  .308  .543   .851
Freeman,Freddie*    96  311  268   72  13   1  15  132   40   46   36   60   1   0  4   3  1  .269  .355  .493   .848
McCutchen,Andrew    79  255  207   52  12   0  10   94   32   26   48   56   1   0  0   3  1  .251  .392  .454   .846
Nimmo,Brandon*      37  103   81   18   8   0   3   35   21   15   18   40   0   0  1   2  1  .222  .379  .432   .811
Schwarber,Kyle*     42  126  113   24   6   0   9   57   17   22   11   31   2   0  0   0  2  .212  .294  .504   .798
Renfroe,Hunter       3    9    9    2   0   0   1    5    1    1    0    4   0   0  0   0  0  .222  .222  .556   .778
Wong,Kolten*       135  550  492  127  30   3  11  196   66   56   41   84   1   5  2  24  9  .258  .327  .398   .725
Donaldson,Josh     150  626  521  106  24   1  23  201   72   62   88  182   1   0  3   6  1  .203  .331  .386   .717
Smith,Dominic*      54  123  114   26   6   0   5   47   15   16    9   30   1   0  0   0  0  .228  .285  .412   .697
Myers,Wil           57  177  152   34   1   0   5   50   17   13   24   60   0   0  0   6  3  .224  .333  .329   .662
Locastro,Tim        60   77   66   16   2   0   0   18    9    3    3   11   0   0  0   5  0  .242  .351  .273   .624
Barnes,Austin       38  143  127   23   5   0   5   43   13   12   14   34   1   0  0   2  0  .181  .273  .339   .612
Robles,Victor       30   60   52   11   2   0   0   13   11    2    6   15   0   0  0   2  3  .212  .317  .250   .567
Joyce,Matt*         40  107   88   14   2   0   2   22   12    2   18   19   1   0  0   0  0  .159  .308  .250   .558
Hedges,Austin       32  114  104   16   3   0   5   34    8   13    4   44   0   1  1   0  0  .154  .212  .327   .539
Berti,Jon           20   53   45    7   0   0   1   10    6    3    7   18   0   0  1   2  0  .156  .264  .222   .486
Martin,Russell      69  221  193   33   1   0   2   40   19   11   25   73   1   0  0   0  1  .171  .276  .207   .483
Hampson,Garrett     18   51   48    9   0   0   0    9    5    1    2   14   0   1  0   1  1  .188  .220  .188   .408
Taylor,Chris        25   62   60    8   2   0   1   13    4    2    2   22   1   0  0   0  0  .133  .161  .217   .378
Hamilton,Billy#     17   29   28    3   0   0   0    3    5    2    1   10   0   0  0   1  0  .107  .138  .107   .245
                   152 5774 5112 1212 221  10 263 2242  746  720  532 1466  21  25 25  80 29  .237  .317  .439   .756

Avery Tards          G   GS CG    IP    H    R   ER  HR  SH SF  HP   BB    K  IB   W   L   Pct Sv SHO    WHIP   ERA
Hirano,Yoshihisa    65    0  0  49.1   37   20   12   4   0  0   1   20   49   3   2   2  .500  1   0   1.155  2.19
Smith,Will*         65    0  0  60.2   41   18   15  10   0  0   0   17   77   0   3   3  .500 38   0    .956  2.23
Buehler,Walker      29   29  3 188.1  137   56   52  13   5  4   4   36  204   1  13   6  .684  0   2    .919  2.48
Moronta,Reyes       35    0  0  33.0   19   11   10   2   1  0   2   20   40   0   2   1  .667  0   0   1.182  2.73
Paddack,Chris        6    6  0  33.1   25   13   12   3   2  1   2   15   32   0   3   2  .600  0   0   1.200  3.24
Syndergaard,Noah    12   12  2  80.2   59   29   29  11   0  2   1   22   86   0   7   1  .875  0   1   1.004  3.24
Quintana,Jose*      25   25  0 150.1  156   58   57  13   4  3   1   33  121   0   9   7  .563  0   0   1.257  3.41
Hughes,Jared        77    0  0  71.0   58   27   27  14   0  2   5   28   47   2   6   1  .857  1   0   1.211  3.42
Garcia,Yimi         77    0  0  61.2   43   24   24  12   0  3   6   13   57   2   9   1  .900  1   0    .908  3.50
Martin,Chris        68    0  0  55.2   60   24   23  12   1  1   0    4   60   1   1   2  .333  1   0   1.150  3.72
Beede,Tyler         33    5  0  63.2   61   34   28  11   0  0   6   19   53   0   3   3  .500  1   0   1.257  3.96
Suero,Wander        47    0  0  38.2   39   19   19   6   2  0   2   15   32   3   7   3  .700  1   0   1.397  4.42
Arrieta,Jake        23   23  1 128.2  135   69   65  16   6  3   7   57   87   2   7  10  .412  0   1   1.492  4.55
Smith,Caleb*        15   15  0  81.2   71   44   42  17   3  3   3   31   83   1   3   3  .500  0   0   1.249  4.63
Blevins,Jerry*      39    0  0  20.1   15   11   11   6   0  2   1    8   22   0   1   2  .333  1   0   1.131  4.87
Mikolas,Miles       28   28  0 163.2  184   93   91  36   8  1  10   40  143   2  10  10  .500  0   0   1.369  5.00
Morgan,Adam*        12    0  0   8.2    9    5    5   0   0  1   1    6    6   0   0   0  .000  0   0   1.731  5.19
Rodriguez,Dereck    21    9  0  69.2   68   44   41  19   1  4   1   30   29   0   4   5  .444  1   0   1.407  5.30
Bettis,Chad          7    0  0   8.0   10    5    5   3   0  1   1    5    6   0   0   0  .000  0   0   1.875  5.63
                   152  152  6  1367 1227  604  568 208  33 31  54  419 1234  17  90  62  .592 46   9   1.204  3.74

B-Rads               G   PA   AB    H  2B  3B  HR   TB    R  RBI   BB    K  IB  SH SF  SB CS   Avg    OB   Slg    OPS
Tatis Jr.,Fernan    96  352  301   89   8   0  25  172   58   46   41  115   1   0  1  12  9  .296  .393  .571   .964
McNeil,Jeff*       132  542  488  163  44   3  20  273   87   80   37   54   1   0  3   7  8  .334  .395  .559   .954
Yastrzemski,Mike   145  388  352  110  26   1  21  201   60   56   27   79   0   0  3   3  4  .313  .369  .571   .940
Lamb,Jake*          85  205  172   39   9   2  11   85   26   30   27   69   0   0  2   1  0  .227  .341  .494   .835
Harper,Bryce*      151  660  567  145  23   0  34  270   93   93   81  178   2   0  7  14  8  .256  .349  .476   .825
Conforto,Michael   127  471  392   98  26   0  18  178   65   71   72  100   1   0  6   6  0  .250  .363  .454   .817
Rendon,Anthony     148  666  585  150  34   3  22  256  100   88   65   98   6   0  5   5  3  .256  .339  .438   .777
Flowers,Tyler       88  328  292   66  13   3  13  124   38   39   28  123   6   0  0   0  0  .226  .311  .425   .736
Peralta,David*     123  354  320   86  20   1   6  126   34   46   27   71   2   0  1   0  0  .269  .336  .394   .730
Walker,Christian   148  515  464  101  19   1  27  203   57   68   40  128   0   0  4   8  2  .218  .287  .438   .725
Garcia,Greg*       117  363  301   73  10   7   3  106   49   23   56   71   0   1  2   1  3  .243  .365  .352   .717
Molina,Yadier       62  248  230   57  16   0   8   97   30   33   11   26   2   0  2   1  0  .248  .294  .422   .716
Almora Jr.,Alber    48   45   43    9   3   0   3   21   10    6    1    8   0   0  1   0  0  .209  .222  .488   .710
Solano,Donovan     112  229  218   67  11   0   1   81   28   26    8   51   0   0  2   0  0  .307  .332  .372   .704
Wieters,Matt#        8   26   23    3   0   0   2    9    2    3    3    9   0   0  0   0  0  .130  .231  .391   .622
Cervelli,Francis     6   22   21    5   0   0   0    5    2    2    1    7   1   0  0   0  0  .238  .273  .238   .511
Puello,Cesar        83  146  127   19   2   0   3   30    9   12   11   47   0   0  0   0  0  .150  .260  .236   .496
Rodriguez,Sean      10   31   28    4   1   0   0    5    1    3    2   14   0   1  0   0  0  .143  .200  .179   .379
                   152 5905 5210 1318 267  21 217 2278  765  736  543 1359  22  26 40  59 38  .253  .331  .437   .768

B-Rads               G   GS CG    IP    H    R   ER  HR  SH SF  HP   BB    K  IB   W   L   Pct Sv SHO    WHIP   ERA
Ottavino,Adam       48    0  0  31.0   22    8    6   0   0  0   2   24   39   1   1   1  .500  0   0   1.484  1.74
Parker,Blake        18    1  0  14.0    8    5    3   3   0  0   0    6   14   1   2   0 1.000  0   0   1.000  1.93
Canning,Griffin      6    6  0  36.0   15    8    8   3   0  0   2    7   29   0   4   0 1.000  0   0    .611  2.00
May,Dustin          17    0  0  19.1   19    5    5   1   0  0   0    9   17   0   0   0  .000  0   0   1.448  2.33
Matz,Steven*        23   15  0  92.1   56   30   26  16   2  3   3   19   85   0   8   4  .667  0   0    .812  2.53
Gott,Trevor         65    0  0  56.0   42   23   19   4   0  2   3   30   56   3   5   3  .625  0   0   1.286  3.05
Sanchez,Anibal      22   22  0 121.0   92   46   42  16   1  4   3   46  116   1  11   5  .688  0   0   1.140  3.12
Gant,John           82    0  0  70.2   60   29   28  10   1  0   0   45   71   1   2   2  .500  1   0   1.486  3.57
Pena,Felix          25   18  0 102.1   77   52   48  15   3  1   5   45  109   0   4   7  .364  0   0   1.192  4.22
Garcia,Jarlin*      62    0  0  53.0   50   28   25  10   0  1   2   10   42   2   2   3  .400  1   0   1.132  4.25
Flaherty,Jack       19   19  1 107.2   79   55   54  20   4  2   5   36  112   0   6   4  .600  0   1   1.068  4.51
Doolittle,Sean*     51    0  0  39.0   45   23   20   9   0  1   4   16   44   1   2   2  .500 13   0   1.564  4.62
Alvarez,Jose*       81    0  0  61.1   90   42   34  10   1  3   4   16   47   0   1   3  .250  0   0   1.728  4.99
Fedde,Erick         50    1  0  85.0   99   51   48  13   0  4   6   40   52   0   2   2  .500  2   0   1.635  5.08
Richards,Trevor     33   32  0 145.0  155   93   83  27   6  2   8   70  142   0   9  12  .429  0   0   1.552  5.15
Jackson,Luke        72    0  0  75.2   90   46   44  14   0  1   3   33  118   5   5   9  .357 24   0   1.626  5.23
Vargas,Jason*       37   26  0 141.0  160  110  102  30   3  8   3   68  119   1   3  14  .176  0   0   1.617  6.51
Senzatela,Antoni     2    2  0   8.2   11    9    8   0   0  0   0    7    7   0   1   0 1.000  0   0   2.077  8.31
Smyly,Drew*         59   10  0  92.2  127   90   87  34   1  4   2   34   98   0   6   6  .500  0   0   1.737  8.45
Floro,Dylan          7    0  0   7.2   14    9    9   1   0  0   0    6    7   1   0   1  .000  0   0   2.609 10.57
                   152  152  0  1359 1311  762  699 236  22 36  55  567 1324  17  74  78  .487 41  10   1.382  4.63

Co Operators         G   PA   AB    H  2B  3B  HR   TB    R  RBI   BB    K  IB  SH SF  SB CS   Avg    OB   Slg    OPS
Suzuki,Kurt         21   55   47   18   3   0   4   33   13    9    6    4   0   0  0   0  0  .383  .473  .702  1.175
Hilliard,Sam*       27   78   72   21   4   1   9   54   19   21    5   23   1   0  1   0  0  .292  .333  .750  1.083
Lux,Gavin*          76   77   69   26   4   1   2   38   17   11    8   22   0   0  0   2  0  .377  .442  .551   .993
Alonso,Pete        152  700  599  168  38   5  46  354  112  132   68  228   4   0  7   2  1  .280  .374  .591   .965
Marte,Ketel#       137  601  547  173  32   8  34  323  101  115   50   90   1   0  3  11  2  .316  .373  .590   .963
Riley,Austin        78  179  162   43   7   0  17  101   28   46   13   77   0   0  2   0  3  .265  .324  .623   .947
Urias,Luis          76  228  207   76   5   1   8  107   48   24   15   51   0   0  2   2  0  .367  .417  .517   .934
Castellanos,Nich   143  573  532  158  53   4  20  279   84   75   34  128   0   0  3   4  1  .297  .342  .524   .866
Gomes,Yan           35   99   88   26   6   0   4   44   17   26    8   19   1   0  2   0  0  .295  .354  .500   .854
Verdugo,Alex*       85  273  252   73  18   2  10  125   37   44   19   26   1   0  1   4  0  .290  .338  .496   .834
Turner,Trea        134  543  500  138  28   3  26  250   99   79   41  123   3   0  1  30  5  .276  .331  .500   .831
Dickerson,Corey*   120  281  262   70  25   1  12  133   40   53   18   55   2   0  1   2  1  .267  .313  .508   .821
Grandal,Yasmani#   130  560  431   96  16   1  23  183   88   66  115  114   4   0  6   9  4  .223  .391  .425   .816
Bader,Harrison     114  392  341   91  10   5  11  144   53   37   30  118   4   0  1  10  3  .267  .360  .422   .782
Escobar,Eduardo#   150  625  576  140  14   7  33  267   80   93   42  121   4   0  5   4  1  .243  .294  .464   .758
Edman,Tommy#        33   67   63   18   4   1   1   27   12    6    4   13   0   0  0   0  1  .286  .328  .429   .757
Hoerner,Nico         7   22   21    6   0   0   1    9    2    3    1    3   0   0  0   0  0  .286  .318  .429   .747
Kingery,Scott      123  350  327   79  19   4  11  139   50   52   16  110   0   0  3  11  2  .242  .283  .425   .708
Camargo,Johan#      18   29   28    8   0   0   1   11    5    3    1    5   0   0  0   0  0  .286  .310  .393   .703
Iannetta,Chris       2    2    1    0   0   0   0    0    0    1    0    0   0   0  1   0  0  .000  .000  .000   .000
                   152 6079 5421 1472 288  44 273 2667  928  905  501 1453  25  37 41  92 24  .272  .340  .492   .832

Co Operators         G   GS CG    IP    H    R   ER  HR  SH SF  HP   BB    K  IB   W   L   Pct Sv SHO    WHIP   ERA
Oberg,Scott         47    0  0  49.1   26    8    8   2   1  0   0   21   50   2   3   1  .750 27   0    .953  1.46
Maeda,Kenta         30   27  0 145.0  106   46   45  19   4  4   2   32  156   0  11   2  .846  0   0    .952  2.79
Hudson,Daniel       69    0  0  67.0   49   21   21   8   0  2   3   23   66   7   8   4  .667  5   0   1.075  2.82
Soroka,Mike         27   27  0 165.2  174   66   55  15   5  1   3   42  144   0  14   3  .824  0   0   1.304  2.99
Holland,Greg        31    0  0  14.0    8    5    5   1   0  0   0    6   13   0   1   1  .500  0   0   1.000  3.21
Robles,Hansel       25    0  0  28.0   32   10   10   2   0  0   0   11   33   1   3   1  .750  5   0   1.536  3.21
Stanek,Ryne         65    3  0  65.2   61   25   25   8   0  1   1   36   68   3   4   2  .667  3   0   1.477  3.43
Ryan,Kyle*          71    0  0  56.1   61   25   23   9   1  1   2   20   52   0   5   2  .714  3   0   1.438  3.67
Stroman,Marcus      30   30  0 176.0  177   78   76  19   3  4   1   56  167   2  14   8  .636  0   0   1.324  3.89
Marquez,German      27   27  3 172.2  169   87   79  21   7  6   3   37  175   1   9   5  .643  0   0   1.193  4.12
Ponce de Leon,Da    27    0  0  42.1   43   20   20   4   2  2   1   20   49   0   2   0 1.000  0   0   1.488  4.25
Lugo,Seth           12    0  0  14.2   11    7    7   3   0  1   1    6   13   1   2   1  .667  0   0   1.159  4.30
Quantrill,Cal       22   17  0  94.0   98   50   45   8   3  3   7   21   91   1   5   4  .556  0   0   1.266  4.31
Urias,Julio*         9    0  0  16.1   22    9    9   0   0  0   0    4   17   0   2   0 1.000  1   0   1.592  4.96
Wheeler,Zack        11   11  0  59.1   87   44   37   5   0  2   2   14   58   1   5   2  .714  0   0   1.702  5.61
Kelly,Joe           45    0  0  39.2   54   32   27   3   0  4   1   14   48   2   2   1  .667  0   0   1.714  6.13
Elias,Roenis*       27    0  0  22.0   23   16   15   6   0  0   0   10   21   0   1   3  .250  2   0   1.500  6.14
Wingenter,Trey      33    0  0  26.1   20   18   18   1   1  3   1   17   35   0   2   0 1.000  0   0   1.405  6.15
Estevez,Carlos      60    0  0  52.2   62   36   36  14   3  2   1   19   56   2   6   6  .500  0   0   1.538  6.15
Hill,Rich*          10   10  0  44.0   63   32   32  13   1  1   4   11   54   0   2   1  .667  0   0   1.682  6.55
Holland,Derek*      27    0  0  37.0   50   35   34  14   0  0   1   18   40   0   2   1  .667  4   0   1.838  8.27
Diaz,Edwin           5    0  0   5.0    8    8    8   5   0  0   0    2   11   0   0   1  .000  0   0   2.000 14.40
                   152  152  3  1393 1404  678  635 180  31 37  34  440 1417  23 103  49  .678 50   7   1.324  4.10

Coop d'etat          G   PA   AB    H  2B  3B  HR   TB    R  RBI   BB    K  IB  SH SF  SB CS   Avg    OB   Slg    OPS
Hampson,Garrett      3    5    4    3   0   0   0    3    2    0    1    0   0   0  0   0  0  .750  .800  .750  1.550
Duvall,Adam         12   44   43   13   0   0   9   40   10   13    1   12   0   0  0   0  0  .302  .318  .930  1.248
Nimmo,Brandon*      24   76   64   20   6   0   5   41   11   13   11   21   0   0  0   1  0  .313  .421  .641  1.062
Goldschmidt,Paul    50  124  107   30   4   0   9   61   15   18   17   25   0   0  0   0  0  .280  .379  .570   .949
Berti,Jon           72  119  112   35   7   0   7   63   24   18    3   29   0   0  0   6  0  .313  .353  .563   .916
Muncy,Max*          92  417  335   84  16   0  23  169   68   58   77  100   1   0  3   4  2  .251  .391  .504   .895
Suzuki,Kurt         33  117  111   29   4   1  10   65   18   17    6   14   2   0  0   0  0  .261  .299  .586   .885
Santana,Carlos#     92  423  374   97  20   1  20  179   62   51   46   73   1   0  3   3  0  .259  .338  .479   .817
Schwarber,Kyle*     83  327  276   62   8   0  20  130   48   45   48   83   2   0  2   2  0  .225  .339  .471   .810
Rodgers,Brendan     10   10   10    4   0   0   0    4    3    1    0    4   0   0  0   0  0  .400  .400  .400   .800
Thaiss,Matt*        59  170  153   40   9   1   7   72   22   24   15   47   1   0  2   0  0  .261  .324  .471   .795
Turner,Justin       84  359  315   79  11   0  15  135   35   50   27   53   1   0  5   1  1  .251  .329  .429   .758
Galvis,Freddy#     145  536  499  136  20   0  17  207   50   59   29  154   4   0  6   5  3  .273  .312  .415   .727
Rengifo,Luis#      122  280  247   69  15   1   2   92   29   21   27   45   0   0  3   1  7  .279  .354  .372   .726
Posey,Buster       111  430  385  101  18   0   9  146   41   39   39   76   1   1  1   0  0  .262  .336  .379   .715
Dozier,Brian        39   85   76   18   1   0   4   31    8   11    8   19   0   0  1   2  1  .237  .306  .408   .714
Joyce,Matt*         44   61   52   13   4   0   0   17   10    4    9    9   0   0  0   0  0  .250  .361  .327   .688
Margot,Manuel       79  222  199   51  10   1   3   72   33   21   20   41   0   3  0  10  6  .256  .324  .362   .686
Ramirez,Harold     116  474  447  117  13   0  12  166   48   53   20   93   2   0  2   3  3  .262  .300  .371   .671
Calhoun,Kole*      132  499  432   86  20   0  18  160   59   72   55  124   2   0  5   5  1  .199  .297  .370   .667
Granderson,Curti   114  285  245   47  20   1   5   84   30   27   35   63   0   0  4   0  1  .192  .291  .343   .634
Bote,David          79  351  306   63  10   1   6   93   36   24   32  119   1   0  3   7  5  .206  .297  .304   .601
Gomes,Yan           25   88   79   15   4   0   2   25   10    5    8   21   0   0  0   0  0  .190  .273  .316   .589
Slater,Austin        4   17   14    1   0   0   0    1    1    0    1    7   0   0  0   2  0  .071  .188  .071   .259
                   152 5835 5171 1250 226   7 204 2102  683  655  539 1384  18  30 40  52 30  .242  .318  .406   .724

Coop d'etat          G   GS CG    IP    H    R   ER  HR  SH SF  HP   BB    K  IB   W   L   Pct Sv SHO    WHIP   ERA
Nola,Aaron          29   29  0 179.1  134   67   61  23   4  5   8   55  203   1  10   7  .588  0   0   1.054  3.06
Wheeler,Zack        14   14  0  89.2   85   38   32   7   2  0   0   26   96   0   6   4  .600  0   0   1.238  3.21
Lugo,Seth           45    0  0  60.2   47   24   23   9   1  3   1   19   61   6   6   5  .545  1   0   1.088  3.41
Anderson,Shaun      19    0  0  28.2   28   13   13   6   0  1   0    9   20   0   0   2  .000  1   0   1.291  4.08
Samardzija,Jeff     18   18  0 112.1   91   55   52  21   4  3   5   34   85   2   2   9  .182  0   0   1.113  4.17
Alcantara,Sandy     20   20  2 108.2  107   54   51  15   1  2   5   32   82   1   7   5  .583  0   1   1.279  4.22
Melancon,Mark       68    0  0  69.2   86   39   34   6   0  1   7   18   90   6   2   3  .400 17   0   1.493  4.39
Gallen,Zac          16   16  0  73.0   62   36   36  14   3  1   2   30   88   0   3   6  .333  0   0   1.260  4.44
Morin,Mike          44    0  0  42.2   40   23   22   8   0  2   1   12   20   0   1   1  .500  0   0   1.219  4.64
Guerra,Javy         71    0  0  71.0   79   38   37   9   0  3   4   31   50   3   3   4  .429  4   0   1.549  4.69
Cahill,Trevor       21    0  0  24.1   23   16   13   4   0  2   1   10   20   0   1   0 1.000  0   0   1.356  4.81
Bard,Luke           54    0  0  45.2   47   26   25   7   0  0   5   18   43   2   2   0 1.000  0   0   1.423  4.93
Tomlin,Josh         23    0  0  27.1   38   20   17   5   1  1   0    2   22   0   3   1  .750  0   0   1.463  5.60
Ray,Robbie*         33   33  0 158.0  156  103  100  45   4  2   6   97  219   2   8  11  .421  0   0   1.601  5.70
Bradley,Archie      73    0  0  71.1   93   51   49   6   1  1   8   42   81   5   2   8  .200 10   0   1.893  6.18
Webb,Jacob          37    0  0  30.0   20   21   21   9   0  2   1   18   35   3   0   6  .000  0   0   1.267  6.30
Leake,Mike          12   12  0  71.2   92   53   51  21   3  2   5   17   45   0   2   7  .222  0   0   1.521  6.40
Lester,Jon*         10   10  0  51.1   82   43   40  14   3  0   2   13   48   0   2   4  .333  0   0   1.851  7.01
Avilan,Luis*        33    0  0   7.2    3    6    6   0   0  0   2    5    7   0   3   1  .750  0   0   1.043  7.04
Miller,Andrew*      35    0  0  29.0   26   24   24   9   0  1   5   17   35   1   3   2  .600  3   0   1.483  7.45
                   152  152  0  1352 1339  750  707 238  27 32  68  505 1350  32  66  86  .434 36  12   1.364  4.71

Dou's Crew           G   PA   AB    H  2B  3B  HR   TB    R  RBI   BB    K  IB  SH SF  SB CS   Avg    OB   Slg    OPS
Trout,Mike          91  412  331   99  20   1  38  235   83   85   63   93  14   0  3   8  3  .299  .430  .710  1.140
Zimmerman,Ryan      16   57   53   21   3   0   3   33   11   13    4   10   1   0  0   0  0  .396  .439  .623  1.062
Rizzo,Anthony*      99  456  391  127  18   1  24  219   81   52   49   71   2   0  1   5  4  .325  .419  .560   .979
Kendrick,Howie      82  293  269   93  27   1  11  155   52   33   16   40   1   0  3   0  1  .346  .389  .576   .965
Happ,Ian#            7   29   26    8   1   0   2   15    3    5    3    5   0   0  0   0  0  .308  .379  .577   .956
Freeman,Freddie*    47  175  157   50   8   0   9   85   25   26   17   32   2   0  1   2  3  .318  .383  .541   .924
Smith,Dominic*      22   97   87   24   5   1   4   43   13   15    9   26   0   0  1   1  2  .276  .340  .494   .834
Kelly,Carson        44  163  146   37  10   0   9   74   26   27   14   27   0   0  1   0  0  .253  .325  .507   .832
Taylor,Chris        51  219  193   50  15   1   7   88   23   31   22   66   0   1  2   5  4  .259  .335  .456   .791
Davis,J.D.         118  488  451  129  16   1  19  204   57   64   34  120   2   0  1   4  0  .286  .338  .452   .790
Murphy,Daniel*     105  145  136   42  12   0   2   60   14   13    8   21   1   0  1   1  0  .309  .345  .441   .786
Story,Trevor       139  616  558  137  35   0  31  265   83  109   48  173   2   0  7  21  4  .246  .305  .475   .780
Hernandez,Kike      63  245  225   57  11   0  12  104   33   30   15   55   0   0  0   2  4  .253  .314  .462   .776
Locastro,Tim        27  112   98   31   3   0   0   34   16    7    5   17   0   0  0   7  0  .316  .402  .347   .749
Hedges,Austin       15   49   46   13   4   0   0   17    4    3    3   15   0   0  0   0  0  .283  .327  .370   .697
Longoria,Evan       71  250  221   52   7   1   8   85   29   32   22   53   0   0  4   4  1  .235  .308  .385   .693
Frazier,Todd        66  247  227   50  10   1  10   92   28   25   17   55   1   0  1   2  0  .220  .279  .405   .684
Holaday,Bryan       30  125  114   27   8   1   2   43   11   14   10   20   0   0  1   0  0  .237  .296  .377   .673
Inciarte,Ender*     84  271  236   54  16   3   2   82   26   19   29   47   1   0  1   8  5  .229  .325  .347   .672
Pollock,A.J.        57  182  168   40   8   0   5   63   16   23    9   40   1   0  3   4  0  .238  .280  .375   .655
Hernandez,Cesar#    94  333  315   85  12   2   1  104   36   22   15   45   0   0  0   5  5  .270  .309  .330   .639
Mejia,Francisco#    76  287  262   57  11   0   8   92   28   33   22   79   1   0  2   2  1  .218  .279  .351   .630
Duvall,Adam          7    8    8    2   1   0   0    3    0    2    0    5   0   0  0   0  0  .250  .250  .375   .625
Cano,Robinson*      55  131  124   23   8   0   2   37   13   16    5   19   0   0  1   0  0  .185  .221  .298   .519
Russell,Addison     64  100   87   17   0   0   1   20    9    4    8   22   2   1  2   1  0  .195  .273  .230   .503
Upton,Justin        36   96   89   14   0   0   3   23    5    7    6   31   0   0  1   1  0  .157  .208  .258   .466
                   152 5898 5301 1385 275  14 213 2327  745  726  457 1321  31  24 40  83 38  .261  .327  .439   .765

Dou's Crew           G   GS CG    IP    H    R   ER  HR  SH SF  HP   BB    K  IB   W   L   Pct Sv SHO    WHIP   ERA
Kintzler,Brandon    65    0  0  60.2   42   21   21   8   0  2   2   10   52   1   5   4  .556  2   0    .857  3.12
Brice,Austin        41    0  0  42.2   29   19   17   6   0  2   5   20   34   0   2   0 1.000  0   0   1.148  3.59
Morgan,Adam*        25    0  0  21.0   17    9    9   7   0  0   1    4   13   0   1   0 1.000  1   0   1.000  3.86
Suero,Wander        25    0  0  20.1   16   10    9   2   0  2   0    9   28   0   3   0 1.000  0   0   1.230  3.98
Dyson,Sam           62    0  0  55.1   63   28   25   6   1  0   3   12   53   5   4   3  .571  1   0   1.355  4.07
Jansen,Kenley       63    0  0  59.2   47   30   28  12   0  1   4   16   62   0   7  11  .389 28   0   1.056  4.22
Bedrosian,Cam       67    0  0  59.2   35   30   28   5   2  1   4   18   68   1   3   1  .750  2   0    .888  4.22
Eflin,Zach          30   28  0 167.0  176   98   88  23   4  3   6   58  131   1   5  10  .333  0   0   1.401  4.74
Teheran,Julio       31   31  1 165.0  141   89   88  25   2  1  12   91  147   1  11   8  .579  0   1   1.406  4.80
Clarke,Taylor       25   14  0  95.1   84   54   54  34   4  4   6   28   88   0   3   7  .300  0   0   1.175  5.10
Darvish,Yu          32   32  0 179.2  160  110  102  47   6  1  15   60  214   0   4  13  .235  0   0   1.224  5.11
Strahm,Matt*        28    8  0  74.2   88   45   44  23   0  4   7    8   69   1   0   2  .000  0   0   1.286  5.30
Kolarek,Adam*       77    0  0  57.2   64   38   36  10   1  3   3   36   44   6   3   3  .500  1   0   1.734  5.62
Voth,Austin         30    0  0  46.1   46   31   29   9   0  1   4    8   38   0   3   3  .500  0   0   1.165  5.63
Hoffman,Jeff         2    2  0   8.0   10    5    5   2   1  1   0    9    5   1   0   1  .000  0   0   2.375  5.63
Shaw,Bryan          63    0  0  58.2   53   40   39  12   0  1   9   29   47   2   4   3  .571  0   0   1.398  5.98
Hamels,Cole*        28   28  1 143.2  158  110   98  29   2  3   9   73  130   0   5  13  .278  0   0   1.608  6.14
Heaney,Andrew*       9    9  0  37.2   54   42   38  10   3  0   3   16   49   0   2   5  .286  0   0   1.858  9.08
                   152  152  2  1353 1283  809  758 270  26 30  93  505 1272  19  65  87  .428 35   4   1.322  5.04

Fentonators          G   PA   AB    H  2B  3B  HR   TB    R  RBI   BB    K  IB  SH SF  SB CS   Avg    OB   Slg    OPS
Dubon,Mauricio       5   19   17    6   2   0   1   11    3    1    2    2   0   0  0   1  0  .353  .421  .647  1.068
Bellinger,Cody*     94  419  356   93  22   1  22  183   68   36   60   70  13   0  0  13  3  .261  .372  .514   .886
Edman,Tommy#        80  291  266   86   8   2  12  134   44   54   22   44   3   0  1  13  3  .323  .378  .504   .882
Vargas,Ildemaro#    75  201  193   60   9   0  10   99   24   35    6   20   0   0  1   4  1  .311  .333  .513   .846
Eaton,Adam*         58  262  233   69   9   1   8  104   43   23   25   39   0   1  0   6  2  .296  .372  .446   .818
Verdugo,Alex*       44  110  103   29   9   0   3   47   11   11    6   17   2   0  1   1  0  .282  .318  .456   .774
Cron,C.J.          132  480  438  105  23   0  25  203   61   46   30  108   3   0  2   0  0  .240  .301  .463   .764
Carpenter,Matt*    121  440  367   85  20   0  16  153   44   47   61  102   4   0  6   5  5  .232  .345  .417   .762
Munoz,Yairo         50  160  150   51   3   2   0   58   15   12    7   32   0   0  1   8  4  .340  .375  .387   .762
Stassi,Max           4   14   13    3   0   0   1    6    2    2    1    5   0   0  0   0  0  .231  .286  .462   .748
Pederson,Joc*      145  447  393   75  10   3  29  178   47   66   43   87   2   0  6   1  1  .191  .275  .453   .728
Realmuto,J.T.      144  623  579  125  25   3  29  243   82   84   33  188   0   0  3  10  5  .216  .266  .420   .686
Swanson,Dansby     146  574  524  120  24   1  17  197   52   58   39  131   1   0  4   6  4  .229  .289  .376   .665
Kemp,Tony*         105  245  219   47   2   5   8   83   32   36   17   38   3   0  3   4  8  .215  .286  .379   .665
Cooper,Garrett     129  363  332   82  12   1   6  114   30   38   26  111   1   0  2   0  0  .247  .306  .343   .649
Wolters,Tony*       62  111  103   27   4   0   0   31   12    9    6   23   0   0  0   0  0  .262  .315  .301   .616
O'Neill,Tyler       66  147  138   29   5   0   4   46   13   10    9   55   0   0  0   1  1  .210  .259  .333   .592
Brinson,Lewis       54  121  109   26   4   0   0   30    6    8    9   28   0   0  0   0  2  .239  .314  .275   .589
Camargo,Johan#      22   68   67   14   2   0   2   22    6    8    1   17   0   0  0   0  0  .209  .221  .328   .549
Duggar,Steven*      90  232  222   41   6   3   3   62   17   12    9   72   0   0  1   1  2  .185  .216  .279   .495
                   152 5668 5129 1212 202  23 198 2054  630  613  418 1325  32  28 32  74 41  .236  .300  .400   .700

Fentonators          G   GS CG    IP    H    R   ER  HR  SH SF  HP   BB    K  IB   W   L   Pct Sv SHO    WHIP   ERA
Sadler,Casey        35    0  0  50.1   38   17   13   5   1  0   0   15   37   4   5   1  .833  3   0   1.053  2.32
Martinez,Carlos     48    0  0  52.2   44   18   16   3   0  1   4   19   45   1   2   4  .333 20   0   1.196  2.73
Urias,Julio*        40    0  0  57.2   48   25   21   9   0  0   4   19   52   1   3   5  .375  8   0   1.162  3.28
Gonsolin,Tony       26    1  0  43.0   34   16   16   4   0  1   2   22   47   2   3   3  .500  6   0   1.302  3.35
Crichton,Stefan     27    0  0   8.0    4    3    3   0   0  0   2    1   11   0   0   0  .000  0   0    .625  3.38
deGrom,Jacob        33   33  1 205.1  174   81   79  18  10  4   5   59  265   0  16   9  .640  0   0   1.135  3.46
Lamet,Dinelson      16   16  0  86.2   66   38   37  11   2  0   3   35  120   0   6   3  .667  0   0   1.165  3.84
Eickhoff,Jerad      10    0  0  12.2   14    6    6   3   0  0   0    5   10   1   0   0  .000  0   0   1.500  4.26
Foltynewicz,Mike    23   23  0 131.1  133   68   63  30   6  4   1   27  109   0   5   9  .357  0   0   1.218  4.32
Young,Alex*         29   10  0  77.2   76   40   38  14   1  4   6   27   73   1   2   6  .250  1   0   1.326  4.40
Yamamoto,Jordan      4    4  0  15.1   10    8    8   2   0  2   1    8   18   0   1   1  .500  0   0   1.174  4.70
Hudson,Dakota       31   31  0 160.1  156   93   85  23   6  6  11   96  124   2   7   9  .438  0   0   1.572  4.77
Wainwright,Adam      5    5  0  31.0   36   20   17   2   0  0   1   12   22   1   2   1  .667  0   0   1.548  4.94
Urena,Jose          52    0  0  90.0  102   54   54  18   1  4   3   31   69   3   1   5  .167  3   0   1.478  5.40
Ross,Joe            49    0  0  68.0   86   46   41  10   2  3   1   26   61   1   2   3  .400  4   0   1.647  5.43
Lauer,Eric*         32   28  0 140.0  170  112   96  30  12  2   7   59  135   2   4  16  .200  0   0   1.636  6.17
Tinoco,Jesus        16    0  0  17.1   17   14   12   7   0  0   2   16    7   1   0   2  .000  1   0   1.904  6.23
Hernandez,Eliese    49    1  0  76.0   95   69   67  28   0  4  15   25   79   0   5   6  .455  1   0   1.579  7.93
Wingenter,Trey      29    0  0  26.2   33   28   26   4   0  0   3   22   38   0   5   0 1.000  1   0   2.063  8.78
                   152  152  1  1350 1336  756  698 221  41 35  71  524 1322  20  69  83  .454 48  13   1.378  4.65

Incarnations         G   PA   AB    H  2B  3B  HR   TB    R  RBI   BB    K  IB  SH SF  SB CS   Avg    OB   Slg    OPS
Santana,Carlos#     56  239  200   66  21   0  14  129   47   42   36   30   2   0  2   2  1  .330  .431  .645  1.076
Bellinger,Cody*     57  257  221   67   9   1  21  141   55   45   34   42   8   0  1   6  2  .303  .397  .638  1.035
Freese,David        71  175  156   44  18   0  11   95   22   24   18   41   0   0  0   0  0  .282  .360  .609   .969
La Stella,Tommy*    85  307  288   99   6   0  22  171   50   66   14   22   0   0  4   0  0  .344  .371  .594   .965
Blackmon,Charlie   150  656  607  181  63   3  30  340   98  115   32  120   2   0  7   3  2  .298  .340  .560   .900
Goldschmidt,Paul    83  313  269   76  10   1  17  139   39   46   40   84   1   0  2   6  1  .283  .377  .517   .894
Haseley,Adam*       91  234  213   64  20   0   9  111   37   36   13   58   0   0  3   4  4  .300  .350  .521   .871
Garcia,Robel#       20   40   39   10   1   0   4   23    5    6    1   20   0   0  0   0  0  .256  .275  .590   .865
Arenado,Nolan      152  653  597  158  21   0  40  299   87  122   47  103   5   0  7   3  0  .265  .317  .501   .818
Muncy,Max*          45  141  115   29   2   0   5   46   13   18   23   37   0   0  1   1  0  .252  .383  .400   .783
Goodwin,Brian*     121  465  410  108  22   4  14  180   59   38   47  112   0   0  4  10  4  .263  .342  .439   .781
Caratini,Victor#    59  165  145   32   8   0   9   67   19   21   17   35   0   0  2   0  2  .221  .303  .462   .765
Segura,Jean        125  520  481  131  28   2   7  184   79   36   32   66   0   1  0   9  6  .272  .326  .383   .709
Dyson,Jarrod*       72  144  131   36   2   1   3   49   24   16   11   27   0   0  2   5  3  .275  .326  .374   .700
Ramos,Wilson       124  488  450  117  18   0  10  165   40   42   27   74   2   0  7   1  1  .260  .303  .367   .670
Dozier,Brian        47  123  103   22   4   0   3   35   16   15   15   27   1   0  3   1  1  .214  .317  .340   .657
Rosario,Amed        75  184  179   44   4   0   6   66   20   15    2   37   0   0  0   5  2  .246  .266  .369   .635
Eaton,Adam*         85  355  323   72   7   1  10  111   39   31   21   74   0   5  1   6  4  .223  .280  .344   .624
Zobrist,Ben#        45  119  105   19   4   0   0   23    8    6   14   15   0   0  0   0  0  .181  .277  .219   .496
                   152 5911 5319 1414 273  13 238 2427  776  755  457 1135  21  38 47  62 33  .266  .327  .456   .783

Incarnations         G   GS CG    IP    H    R   ER  HR  SH SF  HP   BB    K  IB   W   L   Pct Sv SHO    WHIP   ERA
Cishek,Steve        52    0  0  37.1   31    9    9   4   0  0   4   20   35   1   4   2  .667  2   0   1.366  2.17
Strasburg,Stephe    32   32  0 203.2  142   64   58  21   4  5   9   50  245   0  15  10  .600  0   0    .943  2.56
Samardzija,Jeff     11   11  1  69.1   52   23   23   8   2  3   1    7   65   0   5   1  .833  0   0    .851  2.99
Tomlin,Josh         41    0  0  59.2   56   22   20  13   0  0   0    7   36   3   2   1  .667  2   0   1.056  3.02
Alcantara,Sandy     10   10  0  52.2   56   27   18   4   3  5   1   36   41   1   3   2  .600  0   0   1.747  3.08
Wieck,Brad*         25    0  0  22.1   13    8    8   5   0  2   2    8   34   0   0   2  .000  1   0    .940  3.22
Stripling,Ross      51    3  0  81.0   79   31   29   6   1  3   6   22   80   0   6   2  .750  2   0   1.247  3.22
Weaver,Luke         12   12  0  64.0   54   25   23   6   4  0   2   14   72   0   5   2  .714  0   0   1.063  3.23
Lopez,Yoan          45    0  0  34.2   26   13   13   6   0  0   2   11   26   3   6   2  .750  0   0   1.067  3.38
Greene,Shane        60    0  0  55.0   38   23   22  11   0  1   5   13   50   1   5   4  .556 29   0    .927  3.60
Wainwright,Adam     10   10  0  54.0   49   29   24   3   2  1   3   18   55   0   4   4  .500  0   0   1.241  4.00
Perdomo,Luis        56    0  0  70.2   88   40   32   7   1  1   0   17   63   2   3   1  .750  0   0   1.486  4.08
Kershaw,Clayton*    31   30  1 183.1  176   94   84  27   5  5   3   53  220   1  12  10  .545  0   1   1.249  4.12
Roark,Tanner        29   29  0 158.1  155   86   77  27   5  4  13   39  151   1   9   7  .563  0   0   1.225  4.38
Baez,Pedro          56    0  0  43.1   39   23   23   9   0  2   2   15   38   0   2   1  .667  1   0   1.246  4.78
Lester,Jon*         10   10  0  55.1   62   32   31   9   3  3   2   27   48   0   4   3  .571  0   0   1.608  5.04
Buttrey,Ty          74    0  0  58.0   53   38   35   7   0  2   6   30   59   2   1   6  .143  5   0   1.431  5.43
Chafin,Andrew*      72    0  0  49.0   56   35   33   7   0  0   4   20   62   2   0   4  .000  0   0   1.551  6.06
Leake,Mike           5    5  0  25.2   37   23   18  10   1  0   2    4   19   0   0   2  .000  0   0   1.597  6.31
                   152  152  2  1377 1262  645  580 190  31 37  67  411 1399  17  86  66  .566 42   7   1.215  3.79

Morgen Grinders      G   PA   AB    H  2B  3B  HR   TB    R  RBI   BB    K  IB  SH SF  SB CS   Avg    OB   Slg    OPS
Flores,Wilmer       84  247  229   83  14   0  16  145   46   44   14   18   2   0  1   0  0  .362  .405  .633  1.038
Ohtani,Shohei*     129  128  122   39   8   4   6   73   20   21    5   35   0   0  0   2  2  .320  .352  .598   .950
Piscotty,Stephen    81  212  199   62  14   0   8  100   32   29   11   44   0   0  0   1  1  .312  .351  .503   .854
Heyward,Jason*     122  459  398  109  18   2  21  194   76   41   52   82   0   0  3  13  3  .274  .362  .487   .849
Soto,Juan*         152  680  578  155  27   9  24  272   88   80   97  135   4   0  2  15  5  .268  .374  .471   .845
Anderson,Brian     117  428  386  104  25   1  19  188   52   58   35  108   1   0  0   6  3  .269  .341  .487   .828
Albies,Ozzie#      152  668  626  181  31   7  26  304  102   91   36  106   2   0  3  15  8  .289  .329  .486   .815
Crawford,Brandon    23   94   84   20   3   1   5   40   11   15   10   11   0   0  0   2  0  .238  .319  .476   .795
Bruce,Jay*          14   31   26    5   1   0   2   12    4    6    5    8   1   0  0   1  0  .192  .323  .462   .785
Sandoval,Pablo#    114  290  272   74  17   0  13  130   36   42   14   61   0   1  2   2  0  .272  .306  .478   .784
Avila,Alex*         54  175  151   32   7   0   9   66   28   27   22   57   0   0  2   3  1  .212  .309  .437   .746
Belt,Brandon*      116  435  377   82  21   2  17  158   50   51   55   91   2   0  3   4  3  .218  .315  .419   .734
Fletcher,David     149  616  562  159  18   0   5  192   49   57   49   59   2   0  5   9  5  .283  .338  .342   .680
Pillar,Kevin       113  416  396   96  24   0  12  156   36   55   15   58   2   0  2   6  3  .242  .274  .394   .668
Vogt,Stephen*       75  273  252   52  17   1   7   92   25   31   16   78   0   0  4   4  2  .206  .253  .365   .618
Molina,Yadier       32   65   62   14   4   0   1   21   13    7    3    8   0   0  0   1  0  .226  .262  .339   .601
Wieters,Matt#       35  115  103   18   5   0   3   32    7   10   10   37   1   0  1   0  1  .175  .246  .311   .557
Simmons,Andrelto    42  153  139   27   6   0   1   36    7    7   11   19   1   0  2   1  0  .194  .255  .259   .514
                   152 5825 5267 1350 263  27 195 2252  696  677  465 1159  18  36 30  88 38  .256  .318  .428   .746

Morgen Grinders      G   GS CG    IP    H    R   ER  HR  SH SF  HP   BB    K  IB   W   L   Pct Sv SHO    WHIP   ERA
Wick,Rowan          38    0  0  34.0   22    9    8   1   0  1   3   20   30   1   1   3  .250  1   0   1.235  2.12
Yates,Kirby         62    0  0  63.1   46   18   18   2   1  0   8   15   93   0   7   3  .700 37   0    .963  2.56
Keuchel,Dallas*     18   18  2 107.2   85   42   36  10   1  6   4   38   84   1   5   7  .417  0   0   1.142  3.01
Sandoval,Patrick     4    0  0   5.1    6    2    2   0   0  1   2    2    5   0   0   0  .000  0   0   1.500  3.38
Ottavino,Adam       40    0  0  29.0   24   13   11   3   0  1   0   17   36   2   4   1  .800  0   0   1.414  3.41
Scherzer,Max        27   27  1 176.2  145   70   68  19   8  6   9   30  235   0  10   9  .526  0   1    .991  3.46
Flaherty,Jack       14   14  0  87.2   72   36   35  14   3  0   2   34  102   2   4   2  .667  0   0   1.209  3.59
Canning,Griffin     12   12  0  59.2   42   24   24   7   5  5   9   23   54   1   5   2  .714  0   0   1.089  3.62
Newcomb,Sean*       66    0  0  60.2   59   32   29  10   0  3   4   26   54   1   3   3  .500  2   0   1.401  4.30
Sanchez,Anibal       7    7  0  39.2   31   19   19   6   1  3   2   15   29   0   2   3  .400  0   0   1.160  4.31
Gray,Jon            25   25  0 145.1  128   74   71  22   3  4   7   56  134   3   7   9  .438  0   0   1.266  4.40
Corbin,Patrick*     33   33  0 192.2  170   99   96  34   3  7   4   67  229   1  14   9  .609  0   0   1.230  4.48
Diaz,Jairo          61    0  0  55.2   51   31   31   9   1  1   7   18   48   3   1   2  .333  1   0   1.240  5.01
Andriese,Matt       58    0  0  59.2   64   40   35  14   0  0   3   31   80   4   7   1  .875  0   0   1.592  5.28
Webb,Tyler*         67    0  0  53.0   42   34   33  14   0  0   1   32   45   2   1   4  .200  0   0   1.396  5.60
Senzatela,Antoni    15   15  0  75.2   88   52   49  14   3  2   1   26   49   0   5   4  .556  0   0   1.507  5.83
Pivetta,Nick        37    1  0  62.0   82   42   42  15   0  1   1   18   58   1   2   2  .500  1   0   1.613  6.10
Strop,Pedro          8    0  0   7.0    7    5    5   1   0  0   1    3    5   0   0   1  .000  3   0   1.429  6.43
May,Dustin          18    0  0  21.0   24   16   16   1   0  1   2    3   12   0   1   2  .333  0   0   1.286  6.86
Gsellman,Robert     30    0  0  30.0   34   25   24   1   0  4   2   17   32   1   2   4  .333  0   0   1.700  7.20
                   152  152  3  1365 1222  683  652 197  29 46  72  491 1414  23  81  71  .533 45   8   1.255  4.30

Rivercrypts          G   PA   AB    H  2B  3B  HR   TB    R  RBI   BB    K  IB  SH SF  SB CS   Avg    OB   Slg    OPS
Smith,Will          55  209  188   49   7   0  17  107   27   25   15   52   1   0  0   2  0  .261  .335  .569   .904
Reyes,Franmil       91  306  271   73  10   0  20  143   37   43   33   89   2   0  2   0  0  .269  .346  .528   .874
Machado,Manny      152  623  561  145  13   3  36  272   69   84   52  130   0   0  1   5  6  .258  .331  .485   .816
Myers,Wil           60  263  243   69  11   1  11  115   36   29   18   96   0   0  2   6  3  .284  .331  .473   .804
Ahmed,Nick         152  606  561  149  27   6  27  269   69   64   38  110   1   0  1  10  1  .266  .318  .480   .798
Dahl,David*        124  436  401  104  20   3  18  184   51   47   31  111   1   1  2   7  5  .259  .313  .459   .772
Hosmer,Eric*       152  663  617  161  24   2  27  270   65   69   38  157   1   0  3   2  3  .261  .307  .438   .745
Robles,Victor       85  376  338   80  14   0  15  139   49   39   23   89   1   0  0  16  6  .237  .314  .411   .725
Castro,Starlin     145  553  526  130  24   2  23  227   59   66   23  101   5   0  3   0  0  .247  .278  .432   .710
Tapia,Raimel*       97  285  272   71  10   4   7  110   38   25   13   58   0   0  0   8  1  .261  .295  .404   .699
Ozuna,Marcell      106  375  338   67   7   0  19  131   35   40   32   98   1   0  4   8  1  .198  .267  .388   .655
McMahon,Ryan*      113  133  117   23  10   0   3   42   12    7   14   36   1   0  1   2  0  .197  .286  .359   .645
Alfaro,Jorge        60  222  206   44   5   0   7   70   22   17    8   75   0   0  1   2  2  .214  .266  .340   .606
Jones,Adam          26   30   27    5   4   0   0    9    0    1    3    8   0   0  0   0  0  .185  .267  .333   .600
Renfroe,Hunter      14   53   46    6   2   0   2   14    4    6    6   19   0   0  1   0  0  .130  .226  .304   .530
Knapp,Andrew#       47  169  151   27   9   0   1   39    6    9   13   64   1   2  0   0  0  .179  .257  .258   .515
Walker,Neil#         6    6    6    1   0   0   0    1    0    0    0    2   0   0  0   0  0  .167  .167  .167   .334
                   152 5633 5152 1241 203  21 235 2191  595  580  376 1436  15  30 21  68 28  .241  .298  .425   .724

Rivercrypts          G   GS CG    IP    H    R   ER  HR  SH SF  HP   BB    K  IB   W   L   Pct Sv SHO    WHIP   ERA
Moronta,Reyes       28    0  0  21.0   18    6    6   3   0  0   0    6   20   0   0   0  .000  0   0   1.143  2.57
Paddack,Chris       19   19  0 108.1   75   39   38  17   4  2   3   25  124   0   8   6  .571  0   0    .923  3.16
Chatwood,Tyler      44    3  0  79.1   67   30   28   6   2  1   5   41   73   2   1   1  .500  3   0   1.361  3.18
Lopez,Pablo          8    8  1  53.0   43   21   20   6   2  2   4    8   39   0   4   3  .571  0   0    .962  3.40
Robles,Hansel       27    0  0  25.2   25   11   10   2   0  1   0   11   25   5   3   1  .750 10   0   1.403  3.51
Hendricks,Kyle      31   31  1 190.1  166   93   90  25   3  3   6   37  170   1   9  12  .429  0   0   1.067  4.26
Ryu,Hyun-Jin*       30   30  3 198.0  216  101   99  30   7  3   6   26  180   1   8  15  .348  0   2   1.222  4.50
Kelly,Merrill       24   24  1 151.2  150   80   76  31   3  3   2   47  116   1   7  11  .389  0   0   1.299  4.51
Syndergaard,Noah    18   18  0 106.2  108   57   54  14   2  1   4   32  132   2   4  10  .286  0   0   1.313  4.56
Suarez,Ranger*      47    0  0  51.2   63   32   27   4   0  4   1   18   37   2   3   4  .429  1   0   1.568  4.70
Bettis,Chad          4    0  0   7.1    8    4    4   1   0  0   0    0    5   0   0   0  .000  0   0   1.091  4.91
Kinley,Tyler         4    0  0   3.2    2    2    2   0   0  0   2    1    5   0   0   0  .000  0   0    .818  4.91
Stammen,Craig       68    0  0  58.2   55   41   37  21   1  2   2   24   49   6   2   2  .500  2   0   1.347  5.68
Rodriguez,Dereck     8    8  0  37.2   37   24   24  10   1  3   0   14   22   0   2   5  .286  0   0   1.354  5.73
Smith,Caleb*        11   11  0  51.2   61   38   33  17   1  1   5   16   44   0   0   4  .000  0   0   1.490  5.75
Ramirez,Noe         60    0  0  60.2   60   39   39  10   0  2   1   25   67   3   1   6  .143  1   0   1.401  5.79
Holland,Greg        18    0  0  14.1   11   11   11   3   0  0   0   10   17   0   1   4  .200  6   0   1.465  6.91
Wittgren,Nick       24    0  0  23.0   30   19   19  12   0  1   0    5   31   1   2   1  .667  0   0   1.522  7.43
Phelps,David        46    0  0  34.2   49   30   29   8   0  2   1   21   34   1   2   1  .667  0   0   2.019  7.53
Rainey,Tanner       59    0  0  45.1   39   43   39  11   0  0   6   36   66   2   2   4  .333  0   0   1.654  7.74
Garcia,Luis         35    0  0  24.0   32   25   24  11   0  3   2   16   17   1   1   2  .333  0   0   2.000  9.00
                   152  152  6  1346 1315  746  709 242  26 34  50  419 1273  28  60  92  .395 23   7   1.288  4.74

Skramalonians        G   PA   AB    H  2B  3B  HR   TB    R  RBI   BB    K  IB  SH SF  SB CS   Avg    OB   Slg    OPS
Miller,Brad*        49   90   78   24   4   0   7   49   16   22   11   20   1   0  0   1  0  .308  .400  .628  1.028
Martinez,Jose       98  276  243   81  12   0  16  141   44   47   30   53   1   0  1   1  1  .333  .407  .580   .987
Dickerson,Alex*     48  176  163   55  20   1   5   92   28   20   13   28   0   0  0   1  2  .337  .386  .564   .950
LeMahieu,DJ        147  662  610  198  34   2  35  341  111   93   47   90   1   0  1   7  3  .325  .376  .559   .935
Hoskins,Rhys       106  396  319   71  15   2  19  147   47   57   57   91   0   0  6   2  1  .223  .359  .461   .820
Beaty,Matt*        101  263  248   73  18   3   8  121   33   45   11   23   2   0  2   5  0  .294  .327  .488   .815
Bryant,Kris        149  657  562  136  32   0  30  258  105   80   73  173   0   0  4   7  1  .242  .346  .459   .805
Smith,Kevan         14   14   11    3   1   0   0    4    2    0    3    0   0   0  0   0  0  .273  .429  .364   .793
Seager,Corey*      144  370  342   89  27   3  14  164   50   55   25   79   2   0  2   2  0  .260  .311  .480   .791
Acuna Jr.,Ronald   152  711  646  168  13   0  36  289  104   80   50  191   0   0  7  37 19  .260  .317  .447   .764
Contreras,Willso    88  378  328   73  17   0  17  141   41   64   32  116   6   0  9   0  2  .223  .302  .430   .732
Fowler,Dexter#     115  273  241   56  12   0   8   92   41   24   27   69   0   0  1   6  1  .232  .319  .382   .701
Markakis,Nick*     134  493  446  112  22   2  10  168   53   45   41   67   1   0  4   1  2  .251  .314  .377   .691
DeJong,Paul        102  334  299   61  16   0  14  119   31   50   24   86   1   0  5   5  4  .204  .272  .398   .670
Culberson,Charli    56  142  138   36   8   0   2   50    8   13    3   36   0   0  1   0  1  .261  .275  .362   .637
McCann,Brian*       73  267  231   40   3   0   2   49   19   17   34   43   2   0  2   0  0  .173  .277  .212   .489
Panik,Joe*          12   31   30    4   0   0   0    4    3    1    0    3   0   0  0   3  0  .133  .161  .133   .294
                   152 5855 5213 1323 258  13 225 2282  756  732  500 1289  17  25 47  78 37  .254  .325  .438   .762

Skramalonians        G   GS CG    IP    H    R   ER  HR  SH SF  HP   BB    K  IB   W   L   Pct Sv SHO    WHIP   ERA
Gallegos,Giovann    72    0  0  79.2   56   18   17   6   0  2   3   21   87   6   6   1  .857  0   0    .967  1.92
Skaggs,Tyler*       15   15  0  76.1   61   31   27  10   1  2   3   30   76   0   4   5  .444  0   0   1.192  3.18
Neris,Hector        62    0  0  71.0   44   29   27  13   0  1   8   21   90   1   7   7  .500 25   0    .915  3.42
Lucchesi,Joey*      30   30  1 167.2  142   76   76  27   7  5   2   45  173   0  10   7  .588  0   1   1.115  4.08
Baez,Michel         28    0  0  29.0   29   14   14   3   0  0   4   18   27   2   0   1  .000  0   0   1.621  4.34
Fried,Max*          31   30  0 167.1  190  103   96  28   5  8   6   49  172   1  10  12  .455  0   0   1.428  5.16
Freeland,Kyle*       1    1  0   5.0    5    3    3   2   0  0   0    1    7   0   0   0  .000  0   0   1.200  5.40
Helsley,Ryan        44    0  0  50.0   60   31   31  17   0  1   0   17   38   2   2   1  .667  1   0   1.540  5.58
Mills,Alec          25    0  0  39.2   40   25   25   9   0  3   8   20   52   1   2   1  .667  1   0   1.513  5.67
Brebbia,John        81    0  0  76.0   88   50   48  13   0  5   5   31   86   3   3   6  .333  1   0   1.566  5.68
Velasquez,Vince     37   16  0 105.0  131   76   69  16   1  2  10   40  114   3   5   5  .500  2   0   1.629  5.91
Wilson,Justin*      46    0  0  41.2   44   28   28   7   1  1   2   23   44   0   0   4  .000  1   0   1.608  6.05
Watson,Tony*        62    0  0  55.2   78   51   38  14   0  1   3   22   38   2   0   3  .000  0   0   1.796  6.14
Barria,Jaime        23    5  0  56.1   65   42   41  18   3  0   5   17   41   1   2   3  .400  0   0   1.456  6.55
Bumgarner,Madiso    30   30  0 158.2  194  134  125  47   4  5   9   41  143   0   9  13  .409  0   0   1.481  7.09
Gonzalez,Chi Chi    23    4  0  36.1   47   33   31  10   1  0   1   23   25   0   2   1  .667  0   0   1.927  7.68
Wacha,Michael       46   21  0 114.0  159  114  109  30   9  8   5   79   96   1   2  13  .133  1   0   2.088  8.61
Margevicius,Nick    21    0  0  20.2   45   29   26   9   1  1   0    9   13   1   2   3  .400  0   0   2.613 11.32
                   152  152  1  1350 1478  887  831 279  33 45  74  507 1322  24  66  86  .434 32   8   1.470  5.54

