Avery Tards          G   PA   AB    H  2B  3B  HR   TB    R  RBI   BB    K  IB  SH SF  SB CS   Avg    OB   Slg    OPS
Turner,Trea         81  372  332  118  23   4  17  200   54   66   34   64   2   0  2  17  1  .355  .419  .602  1.021
Smith,Will          49  219  179   55   9   0  11   97   38   23   36   55   5   0  2   0  0  .307  .425  .542   .967
Pillar,Kevin        51  175  163   56  12   1   8   94   32   30   11   31   0   0  0   4  5  .344  .389  .577   .966
d'Arnaud,Travis     58  241  213   61   8   1  14  113   28   43   24   74   2   0  0   2  1  .286  .369  .531   .900
Alonso,Pete        145  613  551  139  16   0  46  293   83  109   44  174   1   0  1   3  1  .252  .326  .532   .858
Cooper,Garrett      49  151  143   41  11   0   8   76   22   19    8   34   0   0  0   0  0  .287  .325  .531   .856
Maybin,Cameron      28   94   79   25   9   0   0   34   14    4   14   29   0   0  0   4  2  .316  .426  .430   .856
Stassi,Max          76  280  240   66   8   0  14  116   35   45   37   66   0   0  2   0  0  .275  .371  .483   .854
Marte,Starling      71  336  306   91  26   0   8  141   42   30   19   53   0   0  1  15  6  .297  .357  .461   .818
Turner,Justin       53  229  206   65   7   0   6   90   18   29   19   38   1   0  2   0  0  .316  .376  .437   .813
Bryant,Kris         25   78   69   18   5   0   3   32    9   11    7   22   0   0  1   0  0  .261  .333  .464   .797
Longoria,Evan      132  535  502  132  15   2  27  232   55   72   27  107   3   0  2   1  5  .263  .305  .462   .767
Nimmo,Brandon*      81  365  294   68  10   1   9  107   56   35   63   76   3   0  2   2  0  .231  .375  .364   .739
Pham,Tommy          25   47   40   10   2   0   1   15    7    3    7   10   0   0  0   3  1  .250  .362  .375   .737
Margot,Manuel      122  453  424  127  25   0   5  167   55   41   27   74   1   0  1  38  7  .300  .341  .394   .735
Kipnis,Jason*       42  137  122   29   4   2   4   49   16   11   13   49   0   0  0   5  0  .238  .321  .402   .723
Garcia,Luis*        40  137  129   37   8   0   1   48    8   14    7   27   1   0  1   1  1  .287  .321  .372   .693
Mathisen,Wyatt      11   18   16    3   0   0   1    6    1    2    2   10   0   0  0   0  0  .188  .278  .375   .653
Hernandez,Cesar#    81  386  349   84  31   1   0  117   47   27   31   78   0   3  1   0  0  .241  .305  .335   .640
Joyce,Matt*        110  392  356   83  14   0   6  115   43   35   34  116   0   0  2   0  2  .233  .298  .323   .621
Albies,Ozzie#       42  151  145   33   6   0   4   51   11   17    4   32   0   0  1   4  1  .228  .252  .352   .604
Berti,Jon           66  160  133   25   3   0   0   28   17    6   20   47   0   3  1  10  2  .188  .306  .211   .517
Chisholm,Jazz*      26   80   74   11   0   1   3   22    7    6    5   30   0   0  0   2  1  .149  .213  .297   .510
Schwarber,Kyle*     21   78   63    8   2   0   0   10    8    4   13   31   0   0  0   0  1  .127  .295  .159   .454
Fuentes,Josh        30   81   79   14   3   0   1   20    5    4    2   24   0   0  0   0  0  .177  .198  .253   .451
Baez,Javier         62  220  212   29   2   1   7   54   18   14    5   93   0   0  0   1  2  .137  .168  .255   .423
Lux,Gavin*           9    8    8    1   0   0   0    1    0    1    0    3   0   0  0   0  0  .125  .125  .125   .250
                   152 6035 5427 1429 259  14 204 2328  729  701  513 1447  19   6 22 112 39  .263  .333  .429   .762

Avery Tards          G   GS CG    IP    H    R   ER  HR  SH SF  HP   BB    K  IB   W   L   Pct Sv SHO    WHIP   ERA
Bleier,Richard*     24    0  0  26.0   25    6    6   0   0  2   0    7   17   0   0   0  .000  1   0   1.231  2.08
Bradley,Archie      48    0  0  53.0   44   15   15   3   0  0   5    7   54   1   3   3  .500 22   0    .962  2.55
Garcia,Yimi         26    0  0  29.2   23   10    9   2   0  0   1    9   36   2   2   2  .500  2   0   1.079  2.73
Lopez,Pablo         13   13  0  68.2   59   22   21   7   0  1   3   14   66   0   3   3  .500  0   0   1.063  2.75
Winkler,Dan         17    0  0  19.0   10    7    6   4   0  0   4   18   17   2   1   0 1.000  0   0   1.474  2.84
Wright,Kyle          8    8  0  40.0   21   15   14   5   0  5   0   28   30   0   2   2  .500  0   0   1.225  3.15
McGowin,Kyle        24    0  0  31.1   18   12   11   4   0  0   1   13   46   0   1   0 1.000  1   0    .989  3.16
Marquez,German      18   18  0 114.0  102   47   41   9   1  2   0   43  102   1   6   5  .545  0   0   1.272  3.24
Dayton,Grant*       35    0  0  49.0   41   24   18   7   0  3   0   22   54   1   3   4  .429  1   0   1.286  3.31
Baragar,Caleb*      52    3  0  64.0   45   25   25   9   0  2   0   13   53   0   5   2  .714  3   0    .906  3.52
Crichton,Stefan     62    0  0  74.2   76   36   30  10   0  4  16   37   61   3   5   1  .833  1   0   1.513  3.62
Martin,Chris        35    0  0  33.1   33   23   16   6   0  0   2   13   29   2   5   2  .714  2   0   1.380  4.32
Gray,Jon            13   13  0  70.0   74   38   37  10   0  2   7   23   37   0   5   4  .556  0   0   1.386  4.76
Arrieta,Jake        25   25  0 126.2  158   80   77  27   1  3   4   48  108   0   6   7  .462  0   0   1.626  5.47
Castellani,Ryan     29   16  0 100.2   77   69   64  22   0  6   9   69   56   1   2   8  .200  0   0   1.450  5.72
Fedde,Erick         34   24  0 143.2  137  107   92  39   1  8  15   77   68   0   7  11  .389  0   0   1.490  5.76
Widener,Taylor      34    0  0  42.0   42   31   31  14   0  0   6   20   52   0   0   1  .000  1   0   1.476  6.64
Barnes,Jacob        25    0  0  31.1   36   26   24   5   1  0   3   10   47   1   1   3  .250  0   0   1.468  6.89
Sandoval,Patrick    13    9  0  48.0   56   40   38  12   1  4   2   27   45   1   4   6  .400  0   0   1.729  7.13
Buttrey,Ty          72    0  0  73.1  105   68   62  11   0  7   5   45   55   4   2   6  .250  3   0   2.045  7.61
Voth,Austin         24   18  0 105.2  138   99   96  39   3  5   7   45   98   1   5   9  .357  0   0   1.732  8.18
Martinez,Carlos      3    3  0  12.1   20   13   13   3   0  0   0    5    9   0   0   2  .000  0   0   2.027  9.49
Matz,Steven*         7    2  0  16.0   31   25   22   5   0  0   0   12   23   4   0   3  .000  1   0   2.688 12.38
                   152  152  0  1372 1371  838  768 253   8 54  90  605 1163  24  68  84  .447 38   4   1.440  5.04

B-Rads               G   PA   AB    H  2B  3B  HR   TB    R  RBI   BB    K  IB  SH SF  SB CS   Avg    OB   Slg    OPS
Soto,Juan*          63  299  239   89  28   1  13  158   58   42   58   43  15   0  2   9  1  .372  .492  .661  1.153
Young,Andy          20   68   56   15   3   0   8   42   19   18    7   18   0   0  2   0  0  .268  .368  .750  1.118
Wallach,Chad        37  108   96   31  12   0   8   67   20   23   11   17   0   1  0   0  0  .323  .393  .698  1.091
Moreland,Mitch*    129  409  361  112  32   1  24  218   64   86   41   81   2   0  5   0  0  .310  .379  .604   .983
Conforto,Michael   145  630  555  180  36   1  26  296  100   97   55  172   2   0  5   9  5  .324  .396  .533   .929
Tatis Jr.,Fernan   152  698  611  173  44   5  34  329  107  130   69  180   3   0 10  32  6  .283  .358  .538   .896
Nola,Austin        145  508  468  143  28   0  26  249   84   88   34  108   2   0  0   0  0  .306  .360  .532   .892
Locastro,Tim        53  226  195   60  13   1   7   96   37   22   21   23   0   1  0   2  0  .308  .400  .492   .892
McNeil,Jeff*       133  567  510  166  41   0  14  249   91   86   49   69   3   0  2   5  1  .325  .390  .488   .878
Yastrzemski,Mike   128  632  557  156  42   9  22  282  101   75   64  187   0   0  3   7  2  .280  .361  .506   .867
Cooper,Garrett      30   91   78   24   8   0   1   35   11   12   12   19   1   0  0   0  0  .308  .407  .449   .856
Grisham,Trent*      82  337  297   72   9   5  15  136   49   44   36   78   0   0  2  16  7  .242  .326  .458   .784
Flores,Wilmer       30  115  102   26   5   0   5   46   18   18    8   10   0   0  2   1  0  .255  .322  .451   .773
Bruce,Jay*          54  178  162   39   6   4   8   77   28   40    8   38   0   0  7   0  0  .241  .270  .475   .745
Anderson,Brian     149  627  540  127   9   2  26  218   82   85   63  219   2   0  3   0  0  .235  .335  .404   .739
Berti,Jon           32  115  101   28   4   0   0   32   21    3   12   44   0   0  0  13  2  .277  .365  .317   .682
Fuentes,Josh        48  109  106   28   6   0   2   40   10   14    1   37   0   0  0   0  0  .264  .284  .377   .661
Crawford,Brandon    35  130  121   29   7   0   1   39   16    3    8   39   0   0  0   1  0  .240  .292  .322   .614
Pham,Tommy          42   89   75   14   3   0   1   20   13    4   14   22   0   0  0   2  0  .187  .315  .267   .582
Harrison,Josh       71  208  189   39   4   0   4   55   18   24    9   37   2   0  2   2  1  .206  .269  .291   .560
                   152 6142 5419 1551 340  29 245 2684  947  914  580 1441  32   2 45  99 25  .286  .363  .495   .858

B-Rads               G   GS CG    IP    H    R   ER  HR  SH SF  HP   BB    K  IB   W   L   Pct Sv SHO    WHIP   ERA
Gant,John           40    0  0  38.2   19    8    8   0   0  0   1   16   44   0   2   0 1.000  1   0    .905  1.86
Kershaw,Clayton*    27   27  0 158.2  118   50   46  21   0  1   4   20  152   1  16   4  .800  0   0    .870  2.61
Garcia,Jarlin*      46    0  0  47.0   32   15   15   1   0  2   5   21   45   1   2   2  .500  1   0   1.128  2.87
May,Dustin          29   28  0 154.2  126   55   50  23   2  3   3   36  125   0  10   4  .714  0   0   1.047  2.91
O'Day,Darren        41    0  0  41.1   25   16   14   6   0  1  10   16   53   1   4   4  .500  0   0    .992  3.05
Keuchel,Dallas*     14   14  0  79.2   75   28   27   3   0  2   0   25   46   0  11   0 1.000  0   0   1.255  3.05
Smyly,Drew*         18    9  0  67.2   55   27   24   4   0  0   0   15  102   0   4   1  .800  3   0   1.034  3.19
Rosenthal,Trevor    21    0  0  22.0   13    8    8   3   0  0   0    8   36   0   1   2  .333 16   0    .955  3.27
Baez,Pedro          41    0  0  45.1   32   19   18   4   1  1   0   22   31   0   3   1  .750  2   0   1.191  3.57
Senzatela,Antoni    30   30  3 200.2  205   96   87  34   1  1  14   48  124   1  17   9  .654  0   1   1.261  3.90
Martin,Chris        14    0  0  13.2   11    8    6   3   0  1   0    4   15   1   0   1  .000  1   0   1.098  3.95
Pena,Felix          64    0  0  72.0   79   35   32   9   0  4   4   22   74   4   1   3  .250  5   0   1.403  4.00
Sandoval,Patrick    17    6  0  59.2   62   29   28  12   1  0   1   14   49   0   5   3  .625  1   0   1.274  4.22
Selman,Sam*         58    0  0  53.2   48   30   28   7   0  1   5   30   49   1   5   3  .625  1   0   1.453  4.70
Clarke,Taylor       44    5  0 111.1   95   63   60  23   0  4   0   47   98   0  10   1  .909  0   0   1.275  4.85
Richards,Garrett    27   27  0 118.0  143   86   80  21   1  4   5   50  106   0   6   5  .545  0   0   1.636  6.10
Neris,Hector        55    0  0  53.0   69   38   37   4   0  0   1   24   62   0   4   5  .444 18   0   1.755  6.28
Oviedo,Johan         8    3  0  24.2   26   24   24   2   0  1   5   15   17   0   1   2  .333  1   0   1.662  8.76
Rogers,Trevor*       3    3  0  12.2   15   13   13   2   0  0   4    8   20   0   0   0  .000  0   0   1.816  9.24
                   152  152  3  1374 1248  648  605 182   6 26  62  441 1248  10 102  50  .671 50  16   1.229  3.96

Co Operators         G   PA   AB    H  2B  3B  HR   TB    R  RBI   BB    K  IB  SH SF  SB CS   Avg    OB   Slg    OPS
Bader,Harrison     114  288  255   63  22   5  12  131   42   34   18   69   1   0  1   8  1  .247  .330  .514   .844
Bohm,Alec           71  281  251   82  20   0   3  111   28   37   27   62   4   0  0   2  2  .327  .399  .442   .841
Holt,Brock*         84  186  177   55  25   0   0   80   15    9    8   59   0   0  0   0  3  .311  .344  .452   .796
Walsh,Jared*       105  306  284   65   6   3  22  143   37   52   16   45   3   0  3   0  0  .229  .275  .504   .779
Story,Trevor        87  381  341   84  23   5  12  153   46   30   37  108   6   0  2  22  5  .246  .320  .449   .769
Rojas,Miguel        47  116  111   32  10   4   0   50   10   13    4    6   3   0  1   4  2  .288  .310  .450   .760
Suzuki,Kurt        106  355  317   77  27   0   9  131   32   27   28   64   2   0  1   1  0  .243  .321  .413   .734
Varsho,Daulton*    109  296  262   49   7   7  13  109   34   31   27   82   0   0  0  10  6  .187  .280  .416   .696
Muncy,Max*          41  137  117   19   3   0   9   49   17   14   17   34   0   0  1   1  0  .162  .277  .419   .696
Rizzo,Anthony*     141  575  505  104  16   1  26  200   55   74   54   94   3   0  3   8  5  .206  .297  .396   .693
DeJong,Paul         44  160  146   32   9   0   5   56   13    9   12   63   0   0  0   2  1  .219  .288  .384   .672
Bellinger,Cody*     75  269  234   47  17   0   7   85   27   25   32   40   2   0  2   8  2  .201  .297  .363   .660
Marte,Ketel#       106  365  347   85  18   3   5  124   36   27   12   27   2   0  0   4  0  .245  .282  .357   .639
Wong,Kolten*        68  288  272   71  10   3   1   90   21   15   13   46   1   1  0   9  7  .261  .300  .331   .631
Arenado,Nolan       70  269  254   52  11   1   9   92   25   30   12   22   0   0  3   0  0  .205  .238  .362   .600
Dickerson,Corey*    96  342  323   72   7   3   8  109   22   27   17   66   0   0  2   2  2  .223  .260  .337   .597
Pederson,Joc*      106  361  334   64  11   0  10  105   38   27   20   89   0   0  0   4  2  .192  .252  .314   .566
Camargo,Johan#      50  154  146   24   5   0   5   44   14   16    6   52   0   0  1   0  0  .164  .201  .301   .502
Carlson,Dylan#      85  193  173   26  11   0   2   43   14    8   19   54   0   0  0   2  0  .150  .234  .249   .483
O'Neill,Tyler       98  216  198   28   6   1   6   54   15   12   14   57   0   0  2   8  1  .141  .204  .273   .477
Castro,Jason*       59  185  172   21   8   0   4   41   13    8   13   62   0   0  0   0  0  .122  .184  .238   .422
                   152 5722 5219 1152 272  36 168 2000  554  525  406 1201  27   1 22  95 39  .221  .285  .383   .668

Co Operators         G   GS CG    IP    H    R   ER  HR  SH SF  HP   BB    K  IB   W   L   Pct Sv SHO    WHIP   ERA
Kim,Kwang Hyun*      9    8  0  50.1   38   12   11   4   1  0   0   15   29   0   5   1  .833  0   0   1.053  1.97
Pagan,Emilio        28    0  0  37.0   19   11    9   4   0  0   0   22   43   3   7   1  .875  0   0   1.108  2.19
Matzek,Tyler*       29    0  0  42.0   31   15   11   4   0  0   1   18   60   0   3   3  .500  0   0   1.167  2.36
Hill,Rich*          11   11  0  55.1   37   18   15   4   1  1   2   20   38   0   2   4  .333  0   0   1.030  2.44
Floro,Dylan         30    0  0  39.2   39   14   12   1   0  2   0    8   38   0   2   0 1.000  1   0   1.185  2.72
Andriese,Matt       46    1  0  86.0   58   31   30  13   0  1   7   33   97   1   2   2  .500  4   0   1.058  3.14
Kelly,Merrill        6    6  1  39.0   31   14   14   7   0  0   3    6   46   1   3   3  .500  0   0    .949  3.23
Diaz,Edwin          66    0  0  71.0   63   32   29   4   0  3   9   44  143   2   3   6  .333 25   0   1.507  3.68
Wilson,Bryse        21    0  0  41.1   34   18   17   5   0  0   3   25   30   1   2   0 1.000  0   0   1.427  3.70
Urias,Julio*        16   16  0  78.2   63   34   33   8   2  0   1   33   53   0   4   4  .500  0   0   1.220  3.78
Hernandez,Eliese    13   13  0  58.1   41   25   25  10   0  0   7   17   78   3   3   6  .333  0   0    .994  3.86
Wheeler,Zack        14   14  0  87.0   91   43   41   7   1  1   8   24   67   1   4   7  .364  0   0   1.322  4.24
Mayers,Mike         40    0  0  41.2   32   22   22   6   0  1   6   11   57   2   0   2  .000  1   0   1.032  4.75
Flaherty,Jack       24   24  0 109.0  104   62   61  16   0  3   7   38  127   0   5   8  .385  0   0   1.303  5.04
Lugo,Seth           46    1  0 100.0  124   66   59  14   0  4   6   40  127   3   3   4  .429  4   0   1.640  5.31
Patino,Luis         27    0  0  44.2   41   28   27   5   0  2   2   34   53   2   1   2  .333  1   0   1.679  5.44
Johnson,Pierce      24    0  0  22.2   20   14   14   2   0  1   0   19   35   3   0   0  .000  1   0   1.721  5.56
Corbin,Patrick*     30   30  0 174.0  246  126  121  33   0  8   0   38  127   2   6  16  .273  0   0   1.632  6.26
Morejon,Adrian*     19    8  0  55.1   57   41   39  19   0  1   0   21   84   1   2   5  .286  1   0   1.410  6.34
Howard,Spencer      10   10  0  41.0   55   35   32  13   0  1   4   19   43   0   0   5  .000  0   0   1.805  7.02
Woodford,Jake       29    1  0  42.0   49   38   35  17   0  2   1   19   34   0   3   5  .375  1   0   1.619  7.50
Sanchez,Anibal       9    9  0  39.2   78   56   51  11   0  2   4   27   29   2   1   6  .143  0   0   2.647 11.57
Toussaint,Touki     11    0  0  15.2   21   24   24   4   0  3   5   24   21   1   0   0  .000  0   0   2.872 13.79
Holt,Brock           5    0  0   5.0   14   10    9   3   1  0   0    1    1   0   0   1  .000  0   0   3.000 16.20
                   152  152  1  1376 1386  789  741 214   6 36  76  556 1460  28  61  91  .401 39   9   1.411  4.85

Coop d'etat          G   PA   AB    H  2B  3B  HR   TB    R  RBI   BB    K  IB  SH SF  SB CS   Avg    OB   Slg    OPS
Turner,Trea         70  329  303  110  19   3  19  192   69   59   25   52   0   0  1  17  3  .363  .410  .634  1.044
Trout,Mike         146  650  560  139  20   4  49  314  100  113   80  162   6   0  4   5  2  .248  .346  .561   .907
Gomes,Yan           73  277  260   81  13  10  11  147   38   51   11   42   0   0  4   2  0  .312  .339  .565   .904
Turner,Justin       62  261  231   68  15   1   5  100   32   30   22   46   1   0  0   3  0  .294  .375  .433   .808
Slater,Austin       98  269  212   52   4   0  10   86   60   34   50   46   1   3  2  25  4  .245  .391  .406   .797
Calhoun,Kole*      136  568  497  108  24   1  36  242   73   86   54  116   0   0  5   3  6  .217  .306  .487   .793
Riley,Austin        66  234  214   48   3   0  18  105   29   34   19   60   1   0  1   0  0  .224  .286  .491   .777
Goldschmidt,Paul   148  632  529  131  36   0  16  215   77   62   93  137   2   0  3   4  1  .248  .363  .406   .769
Robles,Victor       57  229  209   61   4   7   2   85   33   17   11   56   0   0  1   6  2  .292  .349  .407   .756
Guillorme,Luis*     34  129  103   26  10   0   0   36   14    8   26   30   0   0  0   2  1  .252  .403  .350   .753
Albies,Ozzie#       52  202  188   43   9   0  12   88   28   24   10   52   0   0  1   5  3  .229  .277  .468   .745
Bote,David         100  347  312   66   4   2  22  140   39   50   31  130   0   0  0   2  2  .212  .291  .449   .740
Duvall,Adam        125  525  466   99  15   0  25  189   60   62   43  137   4   0  4   0  0  .212  .293  .406   .699
Kelly,Carson        85  328  308   68  23   1  12  129   28   44   12   81   0   0  3   0  0  .221  .259  .419   .678
Gosselin,Phil       43  108   98   23   4   0   3   36   13   11   10   27   1   0  0   0  0  .235  .306  .367   .673
Fletcher,David      34  117  111   27   5   0   2   38   18    9    5   13   1   1  0   0  0  .243  .276  .342   .618
Baez,Javier         82  306  300   55   9   0  16  112   28   30    3  129   0   0  0   0  0  .183  .199  .373   .572
Kipnis,Jason*       47  163  149   33   5   1   1   43   16   12   13   68   1   0  1   1  0  .221  .282  .289   .571
Butera,Drew          3   11   11    3   0   0   0    3    3    1    0    3   0   0  0   0  0  .273  .273  .273   .546
Bryant,Kris         29   87   75   12   4   0   0   16    5    4   11   23   0   0  0   0  0  .160  .276  .213   .489
Kendrick,Howie      15   24   23    3   0   0   0    3    0    1    1   10   0   0  0   0  0  .130  .167  .130   .297
                   152 5794 5159 1256 226  30 259 2319  763  742  530 1420  18   4 30  75 24  .243  .321  .450   .770

Coop d'etat          G   GS CG    IP    H    R   ER  HR  SH SF  HP   BB    K  IB   W   L   Pct Sv SHO    WHIP   ERA
Garcia,Yimi          6    0  0   6.2    3    0    0   0   0  0   0    4   11   0   0   0  .000  0   0   1.050  0.00
Gray,Jon             3    3  0  17.2   10    4    4   2   0  0   0    2   13   0   2   0 1.000  0   0    .679  2.04
Miller,Andrew*      30    0  0  30.2   25    9    7   1   0  1   4    5   37   0   5   2  .714  4   0    .978  2.05
Ferguson,Caleb*     34    7  0  48.0   33   16   13   7   0  0   0    7   61   1   2   1  .667  1   0    .833  2.44
Nola,Aaron          29   29  2 195.1  154   76   71  24   1  2   7   74  273   3  14   6  .700  0   2   1.167  3.27
Melancon,Mark       49    0  0  45.2   56   17   17   2   0  0   4   15   28   1   2   7  .222 30   0   1.555  3.35
Gallen,Zac          31   31  0 187.1  160   78   72  29   0  3   4   54  219   1   8   9  .471  0   0   1.142  3.46
Bundy,Dylan         29   29  1 177.0  149   81   76  15   0  4   8   53  195   1  10   6  .625  0   0   1.141  3.86
Brogdon,Connor      21    0  0  32.1   17   15   15   8   0  0   0   12   40   0   1   1  .500  1   0    .897  4.18
Bard,Daniel         54    0  0  55.2   51   30   29   3   0  0  14   27   53   1  10   4  .714  1   0   1.401  4.69
Wilson,Justin*      54    0  0  53.1   56   31   28   4   0  0   6   26   74   1   3   2  .600  0   0   1.538  4.73
Familia,Jeurys      68    0  0  73.0   70   40   39   9   0  0   9   47   60   4   3   2  .600  0   0   1.603  4.81
Eflin,Zach          24   24  1 147.0  169   82   79  19   0  4   3   42  183   1   7  10  .412  0   1   1.435  4.84
Rainey,Tanner       23    0  0  25.1   12   15   14   8   0  0   2   10   43   0   2   1  .667  0   0    .868  4.97
Barria,Jaime        19   17  0  85.1   87   50   49  17   0  2   3   20   57   0   4   5  .444  0   0   1.254  5.17
Bleier,Richard*     11    0  0  13.2   16    9    9   2   0  0   2    5    8   1   1   1  .500  0   0   1.537  5.93
Peterson,David*      9    9  0  43.2   46   34   29   4   0  3   5   26   34   1   2   4  .333  0   0   1.649  5.98
Wright,Kyle          3    3  0  13.1   14    9    9   3   0  0   0    6   15   0   1   1  .500  0   0   1.500  6.08
Almonte,Yency       65    0  0  73.0   88   54   51   8   0  2  14   32   52   8   6   6  .500  0   0   1.644  6.29
Guerra,Junior       34    0  0  27.0   35   21   20   1   0  0   2   19   19   2   0   1  .000  0   0   2.000  6.67
Guillorme,Luis       1    0  0   1.1    4    2    2   1   0  0   0    0    1   0   0   0  .000  0   0   3.000 13.50
                   152  152  4  1352 1255  673  633 167   1 21  87  486 1476  26  83  69  .546 37  12   1.288  4.21

Dou's Crew           G   PA   AB    H  2B  3B  HR   TB    R  RBI   BB    K  IB  SH SF  SB CS   Avg    OB   Slg    OPS
Heyward,Jason*      39  128  106   38   3   1   9   70   24   31   20   24   0   0  1   1  0  .358  .461  .660  1.121
Freeman,Freddie*   141  642  527  161  58   3  22  291  104   83  106  119  26   0  4   4  0  .306  .424  .552   .976
Rios,Edwin*         21   87   84   25   8   0   7   54   12   30    1   23   0   0  1   0  0  .298  .310  .643   .953
Smith,Dominic*     126  556  501  149  62   4  23  288   86  111   38  132   1   0  7   0  0  .297  .354  .575   .929
Cano,Robinson*     123  508  488  152  25   0  32  273   70   91   14   65   1   0  4   0  0  .311  .331  .559   .890
Rendon,Anthony      53  243  193   55  14   2   5   88   39   30   42   30   2   0  2   0  0  .285  .424  .456   .880
Castro,Starlin      62  171  156   51  16   1   1   72   19   20   14   39   0   0  1   0  0  .327  .380  .462   .842
Ruf,Darin           80  277  249   74  21   0   7  116   42   32   26   73   2   0  2   0  1  .297  .361  .466   .827
Betts,Mookie       116  501  442  115  16   2  26  213   90   66   48   84   2   0  4  21  6  .260  .339  .482   .821
Taylor,Chris        64  276  242   62  14   1  11  111   33   48   30   82   1   0  2   5  4  .256  .341  .459   .800
Heredia,Guillerm    11   42   37    8   0   0   3   17    7    5    5   10   0   0  0   2  2  .216  .310  .459   .769
Happ,Ian#          149  637  553  126  27   4  25  236   89   98   68  199   0   1  7   3  6  .228  .318  .427   .745
Gregorius,Didi*    139  571  516  144  30   3  10  210   77   67   32   67   0   3  5   9  3  .279  .336  .407   .743
Cervelli,Francis    46  171  137   28   4   0   5   47   22   17   30   36   0   0  0   0  0  .204  .363  .343   .706
Gimenez,Andres*    100  289  259   65   4   3   6   93   61   24   19   81   0   0  1  22  5  .251  .325  .359   .684
Barnes,Austin       72  289  248   60   8   0   3   77   29   17   28   71   0   7  1   0  2  .242  .330  .310   .640
Upton,Justin        39  141  121   22   4   0   5   41   11   13   16   42   0   0  2   0  1  .182  .284  .339   .623
Carpenter,Matt*     73  259  232   41  11   0   8   76   26   27   24   84   0   0  1   0  0  .177  .259  .328   .587
Hoerner,Nico        47   71   63   13   1   0   0   14   11    3    6   12   0   0  1   4  0  .206  .282  .222   .504
Alfaro,Jorge        59  205  186   31   3   0   5   49   17   22    8   88   1   0  2   2  0  .167  .234  .263   .497
                   152 6064 5340 1420 329  24 213 2436  869  835  575 1361  36  11 48  73 30  .266  .344  .456   .801

Dou's Crew           G   GS CG    IP    H    R   ER  HR  SH SF  HP   BB    K  IB   W   L   Pct Sv SHO    WHIP   ERA
McGee,Jake*         40    0  0  36.0   31    6    6   4   0  1   0    8   67   6   2   1  .667  1   0   1.083  1.50
Anderson,Ian         9    9  0  51.2   36   17   10   0   0  1   4   19   62   0   6   1  .857  0   0   1.065  1.74
Kinley,Tyler        23    0  0  29.1   15    7    7   4   0  0   4   18   28   1   4   0 1.000  0   0   1.125  2.15
Hoyt,James          44    0  0  37.0   26   15   11   1   1  0   2   16   51   4   2   1  .667  1   0   1.135  2.68
Parker,Blake        31    0  0  39.0   27   16   13   4   0  1   2   21   67   1   0   0  .000  1   0   1.231  3.00
Reyes,Alex          24    0  0  35.1   21   14   14   3   0  0   0   21   46   3   2   1  .667  0   0   1.189  3.57
Cabrera,Genesis*    15    0  0  15.0    9    6    6   2   0  0   1   11   19   0   1   2  .333  2   0   1.333  3.60
Hudson,Dakota       21   21  0 109.1   85   51   45  19   1  1   1   43   97   0   7   7  .500  0   0   1.171  3.70
Kolarek,Adam*       55    0  0  46.2   42   23   20   5   0  1   0   13   41   4   5   2  .714  0   0   1.179  3.86
Graterol,Brusdar    51    1  0  63.0   77   33   27   8   0  1   5   11   34   1   4   1  .800  1   0   1.397  3.86
Davies,Zach         31   31  1 176.1  182   83   77  31   1  4   0   42  178   1  12   7  .632  0   0   1.270  3.93
Jansen,Kenley       57    0  0  58.2   57   29   26   7   0  0   3   16   89   0   5   4  .556 30   0   1.244  3.99
Darvish,Yu          33   33  1 197.1  212   92   88  17   0  4   4   56  260   0  14  11  .560  0   1   1.358  4.01
Anderson,Shaun      35    0  0  37.0   29   20   20   9   0  2   1   21   37   0   0   2  .000  0   0   1.351  4.86
Shreve,Chasen*      30    0  0  41.0   44   24   24   6   0  4   0   26   59   0   1   1  .500  0   0   1.707  5.27
Hunter,Tommy        49    0  0  55.2   64   33   33   9   0  2   6   17   61   4   2   2  .500  2   0   1.455  5.34
Cahill,Trevor       28    3  0  62.1   55   39   39   9   1  3   4   49   86   2   4   3  .571  0   0   1.668  5.63
Porcello,Rick        9    9  1  45.2   72   36   29   5   0  2   0    6   39   0   3   2  .600  0   0   1.708  5.72
Heaney,Andrew*      31   31  0 163.2  198  113  108  30   0  3   9   44  173   1   9  11  .450  0   0   1.479  5.94
Webb,Logan          15   14  0  59.0   81   47   46   4   1  2   9   39   58   0   3   6  .333  0   0   2.034  7.02
Helsley,Ryan         7    0  0   6.1    9    7    7   4   0  0   1    7    9   0   1   0 1.000  0   0   2.526  9.95
                   152  152  3  1365 1372  711  656 181   5 32  56  504 1561  28  87  65  .572 38   7   1.374  4.32

Fentonators          G   PA   AB    H  2B  3B  HR   TB    R  RBI   BB    K  IB  SH SF  SB CS   Avg    OB   Slg    OPS
Marisnick,Jake      17   76   75   30   6   0   5   51   11   12    1   20   0   0  0   0  0  .400  .408  .680  1.088
Stevenson,Andrew    21   70   60   17   9   0   3   35   16   10    9   21   0   0  0   2  1  .283  .386  .583   .969
Bohm,Alec           54  230  214   70  16   0   5  101   29   27   12   55   0   0  0   3  1  .327  .374  .472   .846
Hoskins,Rhys       131  527  434   96  22   1  26  198   66   71   75  144   1   0  3   3  0  .221  .353  .456   .809
Verdugo,Alex*      134  593  554  152  46   2  14  244   61   58   32  124   0   0  1   8  3  .274  .320  .440   .760
Swanson,Dansby     147  607  563  137  34   1  28  257   71   84   32  202   0   0  1   6  1  .243  .297  .456   .753
Pillar,Kevin        57  214  203   55  12   1   6   87   29   24   10   34   1   0  0   9  3  .271  .308  .429   .737
Kemp,Matt           46  185  172   40  11   0   8   75   23   17   13   60   0   0  0   1  1  .233  .286  .436   .722
Dubon,Mauricio      61  210  192   56   1   1   3   68   24   14   18   44   1   0  0   2  2  .292  .352  .354   .706
Realmuto,J.T.      131  535  469  101  15   0  20  176   61   56   47  159   5   0  5  15  3  .215  .303  .375   .678
Hilliard,Sam*      101  323  284   52   7   6  15  116   36   42   33  111   0   0  6   4  0  .183  .263  .408   .671
Hampson,Garrett    117  448  414   90  12   5  18  166   51   54   30  171   0   2  2  17  2  .217  .269  .401   .670
Heineman,Tyler#      2    5    4    1   0   0   0    1    0    0    0    0   0   0  0   0  1  .250  .400  .250   .650
McMahon,Ryan*      124  463  415   80  17   1  17  150   53   49   42  154   2   0  2   1  4  .193  .272  .361   .633
Eaton,Adam*         92  334  305   71  20   0   5  106   30   26   17   66   0   7  0   5  1  .233  .284  .348   .632
Edman,Tommy#        87  322  298   72   4   3   6  100   37   29   15   66   0   0  3   3  1  .242  .289  .336   .625
Hernandez,Cesar#    40  154  135   28  10   0   0   38   19    6   17   43   0   1  0   0  0  .207  .301  .281   .582
Chisholm,Jazz*      16   39   38    5   0   0   4   17    4    6    0   18   0   0  1   0  0  .132  .128  .447   .575
Arenado,Nolan       82  302  283   51  11   0   8   86   27   33   16   26   0   0  3   0  0  .180  .222  .304   .526
Mathisen,Wyatt       5   14   11    1   0   0   0    1    0    1    3    9   0   0  0   0  0  .091  .286  .091   .377
Tromp,Chadwick      30   95   93   10   0   0   3   19    5   11    1   40   0   0  1   0  0  .108  .116  .204   .320
                   152 5746 5216 1215 253  21 194 2092  653  630  423 1567  10  10 28  79 24  .233  .298  .401   .699

Fentonators          G   GS CG    IP    H    R   ER  HR  SH SF  HP   BB    K  IB   W   L   Pct Sv SHO    WHIP   ERA
Heineman,Tyler       1    0  0   0.2    1    0    0   0   0  0   0    0    1   0   0   0  .000  1   0   1.500  0.00
Pomeranz,Drew*      48    0  0  50.0   17    5    5   3   0  0   0   20   65   1   3   0 1.000 34   0    .740  0.90
Menez,Conner*       20    0  0  32.2   17    6    5   1   0  0   5   11   16   1   2   0 1.000  0   0    .857  1.38
Bedrosian,Cam       41    0  0  40.0   28    8    7   1   0  0   1   10   29   2   3   4  .429  0   0    .950  1.58
Dayton,Grant*       25    0  0  30.2   19    6    6   3   0  0   3   11   27   0   3   0 1.000  0   0    .978  1.76
Gonsolin,Tony       23   21  0 123.1   86   32   30   3   0  5   1   18  111   1  11   7  .611  0   0    .843  2.19
Gonzalez,Victor*    38    0  0  55.2   47   18   17   1   0  0   8   12   48   7   4   1  .800  2   0   1.060  2.75
deGrom,Jacob        30   30  0 173.0  140   66   59  23   2  5   0   58  265   0  12   7  .632  0   0   1.145  3.07
Lamet,Dinelson      32   32  0 186.1  142   66   64   6   0  9  12   56  228   0  11  10  .524  0   0   1.063  3.09
Buehler,Walker      17   17  0  84.0   57   32   30  11   0  0   2   32  105   0   3   4  .429  0   0   1.060  3.21
Kim,Kwang Hyun*     14    4  1  54.2   37   27   20   9   0  3   0   18   42   1   3   5  .375  1   0   1.006  3.29
Wainwright,Adam     27   25  6 192.1  180   83   80  31   1  5   9   41  156   0  12   7  .632  0   1   1.149  3.74
Smith,Caleb*        22    0  0  39.0   24   23   22   8   1  0   0   38   43   1   5   6  .455  1   0   1.590  5.08
Winkler,Dan         30    0  0  33.2   25   25   20   4   0  0   3   24   30   0   3   2  .600  0   0   1.455  5.35
Ponce de Leon,Da    35    8  0  90.1   70   62   59  21   0  1  10   54  111   1   3   6  .333  1   0   1.373  5.88
Stammen,Craig       55    0  0  66.2   97   49   44   9   0  4   4   18   51   0   1   3  .250  1   0   1.725  5.94
Wacha,Michael        6    5  0  25.1   36   23   21   2   0  2   1   10   36   1   1   3  .250  0   0   1.816  7.46
Altavilla,Dan       43    0  0  40.2   50   41   41  10   0  2   0   39   43   3   0   2  .000  0   0   2.189  9.07
Sanchez,Anibal      10   10  0  47.0   87   67   63  18   0  2   4   15   39   2   0   5  .000  0   0   2.170 12.06
                   152  152  7  1366 1160  639  593 164   4 38  63  485 1446  21  80  72  .526 41  11   1.204  3.91

Incarnations         G   PA   AB    H  2B  3B  HR   TB    R  RBI   BB    K  IB  SH SF  SB CS   Avg    OB   Slg    OPS
Rendon,Anthony      93  408  330  106  22   0  20  188   57   84   61   49   3   0  2   0  0  .321  .446  .570  1.016
Aguilar,Jesus       95  399  352  113  22   0  20  195   52   57   40   76   0   0  4   0  1  .321  .391  .554   .945
Vargas,Ildemaro#     3   11   11    4   0   1   0    6    1    0    0    2   0   0  0   0  0  .364  .364  .545   .909
Segura,Jean        147  616  558  167  18   8  21  264   71   86   45  139   1   3  2   6  3  .299  .359  .473   .832
Harper,Bryce*       93  421  335   75  16   2  15  140   61   43   79   77  10   1  1  15  3  .224  .379  .418   .797
Solano,Donovan     119  537  483  143  39   3   6  206   66   44   43  116   2   0  6   0  0  .296  .356  .427   .783
Simmons,Andrelto    91  367  336  110  20   0   0  130   51   21   27   37   1   0  3   7  1  .327  .376  .387   .763
Flowers,Tyler       56  188  164   42  23   0   1   68   16   18   15   78   0   0  1   0  0  .256  .346  .415   .761
La Stella,Tommy*   114  460  390   96  25   3   5  142   61   52   61   31   0   2  3   8  2  .246  .352  .364   .716
Bemboom,Anthony*    44  153  119   23   1   0   7   45   13   23   20   34   0   5  3   0  3  .193  .331  .378   .709
Pollock,AJ         143  598  576  140  34   3  20  240   63   90   18  149   1   0  4   5  3  .243  .264  .417   .681
Haseley,Adam*       26  118  110   33   7   0   0   40    9    6    3   20   0   4  1   0  0  .300  .316  .364   .680
Caratini,Victor#    78  308  270   62  12   0   4   86   29   27   31   78   0   0  1   0  2  .230  .321  .319   .640
Fowler,Dexter#      76  284  258   52   6   0  10   88   25   24   24   76   0   0  1   4  3  .202  .271  .341   .612
McCutchen,Andrew    59  233  215   47  11   1   2   66   26   14   16   52   0   0  1   4  2  .219  .275  .307   .582
Rosario,Amed        80  280  272   64   2   1   5   83   23   22    8   79   0   0  0   1  0  .235  .257  .305   .562
Blackmon,Charlie   128  523  483   91  18   1   5  126   51   32   36  113   3   0  0   4  4  .188  .250  .261   .511
                   152 5905 5263 1368 276  23 141 2113  675  643  527 1206  21  15 33  54 27  .260  .333  .401   .735

Incarnations         G   GS CG    IP    H    R   ER  HR  SH SF  HP   BB    K  IB   W   L   Pct Sv SHO    WHIP   ERA
Watson,Tony*        45    0  0  50.1   31    9    9   3   0  0   3    6   32   0   3   2  .600  0   0    .735  1.61
Gallegos,Giovann    40    0  0  43.2   22    9    9   3   0  1   0   11   63   0   3   0 1.000 11   0    .756  1.85
McGee,Jake*         19    0  0  21.0   10    5    5   3   0  0   0    4   28   0   1   1  .500  0   0    .667  2.14
Cabrera,Genesis*    30    0  0  34.2   17   12   12   2   0  0   3   26   48   1   3   2  .600  8   0   1.240  3.12
Smith,Will*         32    0  0  42.1   25   17   16  11   0  0   2    4   46   0   4   0 1.000  0   0    .685  3.40
Rea,Colin           10    0  0  17.1   21    7    7   1   0  0   0    3   20   0   0   0  .000  0   0   1.385  3.63
Kintzler,Brandon    70    0  0  68.0   79   42   33  11   0  4   0   49   44   4   5   4  .556  3   0   1.882  4.37
Gausman,Kevin       31   29  0 155.0  148   82   78  27   1  5   1   49  177   1   5  13  .278  0   0   1.271  4.53
Hill,Tim*           42    0  0  37.1   46   22   21   8   0  2   5   12   42   2   1   2  .333  0   0   1.554  5.06
Cueto,Johnny        31   31  0 163.0  191  102   95  26   0  3  12   55  156   0   8  15  .348  0   0   1.509  5.25
Alcantara,Sandy     24   24  0 127.1  155   82   80  22   0  4   8   49  120   1   4   8  .333  0   0   1.602  5.65
Scherzer,Max        31   31  1 168.1  205  121  111  34   0  1   1   68  244   2   4  17  .190  0   0   1.622  5.93
Givens,Mychal       61    0  0  62.0   62   43   41  19   0  3   7   20   73   2   3   4  .429  0   0   1.323  5.95
Lester,Jon*         30   30  0 142.0  195  102   99  31   0  6   5   36  118   2   6  14  .300  0   0   1.627  6.27
Boxberger,Brad      58    0  0  48.1   65   37   37  14   0  4   7   22   54   1   1   2  .333  1   0   1.800  6.89
Wick,Rowan          47    0  0  49.1   80   40   39   9   0  2   2   20   50   3   2   2  .500  1   0   2.027  7.11
Tepera,Ryan         60    0  0  53.0   61   44   44  14   0  2   4   42   80   5   3   1  .750  1   0   1.943  7.47
Tomlin,Josh          8    6  0  25.2   38   25   23   8   0  1   2   11   23   0   0   2  .000  0   0   1.909  8.06
Perdomo,Luis        23    1  0  34.1   49   35   35  10   0  0   0   18   35   1   5   2  .714  0   0   1.951  9.17
Bemboom,Anthony      9    0  0   6.1   14    9    9   6   0  0   0    0    3   0   0   0  .000  0   0   2.211 12.79
                   152  152  1  1349 1514  845  803 262   1 38  62  505 1456  25  61  91  .401 25   4   1.497  5.36

Morgen Grinders      G   PA   AB    H  2B  3B  HR   TB    R  RBI   BB    K  IB  SH SF  SB CS   Avg    OB   Slg    OPS
Rios,Edwin*         49  139  126   42   8   0  17  101   24   31   12   32   1   0  0   0  0  .333  .396  .802  1.198
Soto,Juan*          55  248  205   64  19   0  19  140   44   49   41   46  15   0  1  10  4  .312  .427  .683  1.110
Heyward,Jason*      81  275  227   71  18   4  13  136   46   32   47   53   1   0  0   4  2  .313  .433  .599  1.032
Belt,Brandon*      132  510  433  119  29   1  18  204   63   59   76  115   3   0  1   0  0  .275  .382  .471   .853
Grisham,Trent*      71  325  285   83  11   5  10  134   41   39   35   84   1   0  4  15  5  .291  .366  .470   .836
Ohtani,Shohei*      43   44   36    8   3   0   2   17   16    5    8    9   0   0  0   4  1  .222  .364  .472   .836
Chirinos,Robinso    75  159  136   33  10   0   5   58   21   25   19   23   0   0  0   0  0  .243  .348  .426   .774
Miller,Brad*       122  416  347   78  27   2  11  142   47   58   56  109   2   0  7   6  2  .225  .337  .409   .746
Flores,Wilmer       81  353  322   76  18   1  15  141   41   45   23   66   4   0  4   1  0  .236  .292  .438   .730
Knapp,Andrew#       93  258  215   48  12   2   3   73   33   20   42   61   0   0  0   0  0  .223  .353  .340   .693
Cabrera,Asdrubal   145  594  539  123  17   7  20  214   61   72   50  113   0   0  4   0  0  .228  .293  .397   .690
Ramos,Wilson       106  407  374   92  16   0  13  147   32   55   23   79   2   0  5   0  0  .246  .295  .393   .688
Tapia,Raimel*      138  518  482  139  17   5   1  169   61   40   28  101   1   4  1  30  5  .288  .331  .351   .682
Taylor,Chris        53  230  198   40   7   3   5   68   28   21   28   69   1   0  0   4  1  .202  .313  .343   .656
Markakis,Nick*     113  336  313   74  26   0   1  103   34   15   22   71   0   0  0   2  2  .236  .289  .329   .618
Crawford,Brandon    69  278  252   51  16   0   4   79   19   28   22   80   0   0  1   2  7  .202  .273  .313   .586
Hechavarria,Adei    50  154  144   34   8   0   0   42   16   15    9   29   0   0  1   0  0  .236  .279  .292   .571
Fletcher,David      67  297  265   55  12   0   1   70   33   22   30   48   1   1  1   4  2  .208  .287  .264   .551
Brinson,Lewis       97  220  214   39   9   0   8   72   23   23    6   70   0   0  0   3  1  .182  .205  .336   .541
Riley,Austin        30   96   90   12   3   0   1   18    5    3    6   29   0   0  0   0  0  .133  .188  .200   .388
Harrison,Monte       8   21   20    3   0   0   0    3    2    1    1   11   0   0  0   0  1  .150  .190  .150   .340
Alvarez,Eddy#        3   10    9    0   0   0   0    0    1    0    0    2   0   0  0   0  0  .000  .100  .000   .100
                   152 5898 5243 1286 287  30 167 2134  692  659  584 1305  32   5 30  85 33  .245  .323  .407   .730

Morgen Grinders      G   GS CG    IP    H    R   ER  HR  SH SF  HP   BB    K  IB   W   L   Pct Sv SHO    WHIP   ERA
Anderson,Ian         6    6  0  31.2   19    8    6   0   0  0   4   21   36   0   4   1  .800  0   0   1.263  1.71
Rosenthal,Trevor    33    0  0  36.1   21   10   10   4   0  0   0   16   53   4   1   2  .333 14   0   1.018  2.48
Rainey,Tanner       30    0  0  29.0   17    9    8   5   0  2   4    9   40   0   0   3  .000  0   0    .897  2.48
Kinley,Tyler        33    0  0  35.1   25   12   12   3   0  0   3   20   42   1   3   3  .500  0   0   1.274  3.06
Gomber,Austin*      49    2  0  88.0   64   34   30   5   0  1   5   47   77   3   5   6  .455  2   0   1.261  3.07
Rogers,Tyler        45    0  0  52.1   58   23   20   6   1  2   5   10   40   0   2   1  .667  4   0   1.299  3.44
Treinen,Blake       64    0  0  73.0   75   29   28   1   0  1   6   22   54   2   5   2  .714  0   0   1.329  3.45
Keuchel,Dallas*     17   17  0  96.0   90   45   43   4   0  2   1   25   49   0   7   4  .636  0   0   1.198  4.03
Peterson,David*     16   16  0  80.2   60   43   37   7   0  2   4   38   76   1   3   4  .429  0   0   1.215  4.13
Adam,Jason          32    0  0  37.1   21   20   20   6   0  4   0   23   64   2   1   0 1.000  0   0   1.179  4.82
Anderson,Tyler*     27   27  0 169.1  182  100   94  16   2  9  13   70  106   1   9  11  .450  0   0   1.488  5.00
Alexander,Scott*    34    0  0  32.2   29   22   19   3   0  2   0   25   26   1   0   0  .000  0   0   1.653  5.23
Weaver,Luke          3    3  0  13.1   17   11    9   3   1  0   0    6   18   0   0   0  .000  0   0   1.725  6.08
Reyes,Alex          20    0  0  20.1   13   15   14   4   0  0   0   18   27   0   1   5  .167  5   0   1.525  6.20
Guerra,Junior       30    0  0  32.2   41   27   24   5   0  3   4   22   38   2   5   2  .714  0   0   1.929  6.61
Workman,Brandon     38    0  0  46.2   72   36   35   8   0  1   1   37   49   1   3   4  .429  1   0   2.336  6.75
Velasquez,Vince     24   17  0  85.1  101   68   65  10   0  3   8   54  113   1   1   5  .167  0   0   1.816  6.86
Kimbrel,Craig       35    0  0  35.1   25   31   27   5   0  0   4   31   74   1   1   3  .250  2   0   1.585  6.88
Bumgarner,Madiso    20   20  0  93.1  112   77   75  29   1  4   8   37   61   1   2   6  .250  0   0   1.596  7.23
Clevinger,Mike      20   20  0 118.0  144   98   95  34   1  5   0   33  121   4   2  15  .118  0   0   1.500  7.25
Webb,Logan          14   14  0  62.2  102   52   51   6   2  2   7   32   40   0   2   8  .200  0   0   2.138  7.32
Ynoa,Huascar        33    2  0  58.2   84   55   51   5   0  1   7   46   56   0   1   3  .250  1   0   2.216  7.82
Rogers,Trevor*       8    8  0  34.1   50   36   36  12   0  1   3   13   52   0   1   5  .167  0   0   1.835  9.44
                   152  152  0  1362 1422  861  809 181   8 45  87  655 1312  25  59  93  .388 29   8   1.525  5.34

Rivercrypts          G   PA   AB    H  2B  3B  HR   TB    R  RBI   BB    K  IB  SH SF  SB CS   Avg    OB   Slg    OPS
Ozuna,Marcell      152  712  606  207  44   0  48  395  118  121  101  176   9   0  3   0  0  .342  .435  .652  1.087
Escobar,Eduardo#     4   12   10    3   0   0   1    6    2    1    2    3   0   0  0   0  0  .300  .417  .600  1.017
Cronenworth,Jake   140  535  480  160  52   6  16  272   75   78   49   68   0   0  1  16  1  .333  .400  .567   .967
Nimmo,Brandon*      61  273  226   66  19   0  12  121   48   32   39   62   0   0  2   1  1  .292  .407  .535   .942
d'Arnaud,Travis     63  259  232   74   9   0  11  116   32   43   18   76   1   0  1   0  1  .319  .386  .500   .886
Harper,Bryce*       59  267  226   60  17   1  11  112   39   42   39   54   4   0  1  11  1  .265  .375  .496   .871
Owings,Chris        57  126  119   36   7   0   6   61   19   11    7   38   0   0  0   0  1  .303  .341  .513   .854
Myers,Wil           92  403  364   96  22   3  20  184   58   53   31  126   2   0  2   4  2  .264  .330  .505   .835
Hosmer,Eric*       109  431  388  115  15   0  18  184   71   68   38   88   2   0  3   8  4  .296  .360  .474   .834
Rojas,Miguel        57  117  110   33   9   0   3   51   20   11    5   11   1   0  0   4  0  .300  .342  .464   .806
Story,Trevor        63  259  233   60  15   2  10  109   41   42   22   73   0   0  3  18  0  .258  .320  .468   .788
Walker,Christian    54  159  144   37   9   0   7   67   16   29   13   30   0   0  1   1  0  .257  .321  .465   .786
Machado,Manny      152  716  658  180  36   2  23  289  105   85   55  123   0   0  3  19  6  .274  .328  .439   .767
Marte,Starling      79  374  346   92  17   3   9  142   63   30   16   65   0   0  0  17  6  .266  .321  .410   .731
McCutchen,Andrew    89  337  303   79  11   0   8  114   39   43   27   69   2   0  6   6  3  .261  .318  .376   .694
Smith,Will          43  174  150   33   3   0   6   54   14   17   22   41   2   0  0   0  0  .220  .328  .360   .688
Hernandez,Kike     116  329  303   64  23   2   9  118   39   43   17   83   0   0  4   2  0  .211  .261  .389   .650
Smith,Pavin*        25  100   88   22   0   1   1   27    8    7   12   11   0   0  0   2  2  .250  .340  .307   .647
Molina,Yadier       43  160  147   35   4   0   4   51   11   24    8   21   1   1  1   0  0  .238  .289  .347   .636
Wieters,Matt#       11   34   30    8   1   0   0    9    3    4    2    7   0   1  0   0  0  .267  .333  .300   .633
Sierra,Magneuris    22   34   27    5   1   0   0    6    6    3    7    7   0   0  0   4  0  .185  .353  .222   .575
Ahmed,Nick          96  301  278   61  10   0   3   80   23   26   19   69   1   0  4   4  2  .219  .266  .288   .554
                   152 6112 5468 1526 324  20 226 2568  850  813  549 1301  25   2 35 117 30  .279  .349  .470   .819

Rivercrypts          G   GS CG    IP    H    R   ER  HR  SH SF  HP   BB    K  IB   W   L   Pct Sv SHO    WHIP   ERA
Pagan,Emilio        20    0  0  21.2   17    7    7   3   0  0   0   12   26   2   0   0  .000  0   0   1.338  2.91
Webb,Tyler*         49    0  0  60.0   49   23   22   7   0  1   0   19   40   2   5   1  .833  4   0   1.133  3.30
Urias,Julio*        13   12  0  68.1   54   28   26   6   0  1   0   14   42   0   7   1  .875  0   0    .995  3.42
Minter,A.J.*        49    0  0  55.2   49   29   24   1   0  1   0   28   49   1   4   1  .800  0   0   1.383  3.88
Kelly,Merrill        9    9  1  53.0   45   25   23   5   0  1   5    8   48   1   3   2  .600  0   0   1.000  3.91
Hill,Rich*           8    8  0  37.1   39   19   17   5   0  1   1   15   24   0   4   2  .667  0   0   1.446  4.10
Holland,Greg        58    0  0  61.1   58   29   28  10   0  1  14   23   79   2   3   5  .375 25   0   1.321  4.11
Marquez,German      16   16  2 101.1   91   51   47  19   0  0   0   27   92   1   7   4  .636  0   0   1.164  4.17
Peralta,Wandy*      65    0  0  70.0   65   33   33  10   0  0  11   27   67   0   7   5  .583  2   0   1.314  4.24
Hendricks,Kyle      31   31  8 208.2  239  107  106  46   0  3   3   24  167   1  13  11  .542  0   2   1.260  4.57
Johnson,Pierce      36    0  0  31.1   33   18   17   4   0  1   0   24   47   3   3   1  .750  0   0   1.819  4.88
Suero,Wander        53    0  0  69.0   65   39   38   5   0  2   6   26   95   2   2   2  .500  3   0   1.319  4.96
Greene,Shane        68    0  0  73.2   69   42   41  10   1  1  13   40   64   7   1   6  .143  2   0   1.480  5.01
Paddack,Chris       29   29  0 140.2  186   99   96  43   2  1   8   26  160   0   3   8  .273  0   0   1.507  6.14
Young,Alex*         25   13  0  86.1  112   63   60  21   2  6   2   17   72   0   9   3  .750  0   0   1.494  6.25
Ramirez,Noe         49    0  0  43.1   52   33   32   9   0  0   5   22   23   3   1   2  .333  0   0   1.708  6.65
Wheeler,Zack        19   19  1  95.1  132   80   79  11   0  4  16   34   78   1   2  10  .167  0   0   1.741  7.46
Lopez,Pablo         15   15  0  63.2   82   58   57  13   1  2   4   31   69   0   2  10  .167  0   0   1.775  8.06
Castro,Miguel       19    0  0  17.2   31   19   19   4   0  1   1    8   24   0   1   1  .500  0   0   2.208  9.68
Vincent,Nick         7    0  0   9.2   17   11   11   3   0  0   0    3   13   0   0   0  .000  0   0   2.069 10.24
                   152  152 10  1368 1485  813  783 235   6 27  89  428 1279  26  77  75  .507 36   7   1.398  5.15

Skramalonians        G   PA   AB    H  2B  3B  HR   TB    R  RBI   BB    K  IB  SH SF  SB CS   Avg    OB   Slg    OPS
Nido,Tomas          20   72   67   23   6   0   6   47   15   21    3   23   0   0  1   0  0  .343  .375  .701  1.076
Acuna Jr.,Ronald   131  567  454  112  31   1  42  271  100  104   98  189   2   0  5  24  9  .247  .388  .597   .985
LeMahieu,DJ        142  603  548  178  28   7  20  280  102   76   48   57   4   0  5  13  7  .325  .378  .511   .889
Bellinger,Cody*     70  287  252   68  17   1  15  132   43   49   29   49   0   0  6   8  0  .270  .338  .524   .862
Seager,Corey*      141  653  595  166  24   2  35  299  100   96   47  107   0   0  5   5  2  .279  .335  .503   .838
Beaty,Matt*         51  152  137   42  12   1   2   62   19   24    4   33   0   0  4   0  0  .307  .349  .453   .802
Dickerson,Alex*    143  421  381   93  23   2  17  171   55   47   33   99   2   0  0   0  0  .244  .316  .449   .765
Kieboom,Carter      10   18   16    5   1   0   0    6    0    0    1    3   0   0  0   0  0  .313  .389  .375   .764
Contreras,Willso   133  552  485  108  26   0  20  194   61   55   44  176   0   0  3   3  5  .223  .312  .400   .712
Profar,Jurickson   130  529  476  125  15   0  13  179   64   45   33   88   0   0  6  19  2  .263  .325  .376   .701
Davis,J.D.         149  578  494  112  25   0  12  173   58   67   60  166   0   0  2   0  0  .227  .336  .350   .686
Muncy,Max*          73  257  215   41   5   0  11   79   39   36   33   65   0   0  3   1  0  .191  .309  .367   .676
Peralta,David*     140  582  534  137  24   0  12  197   59   83   39  124   0   0  7   3  4  .257  .306  .369   .675
Ward,Taylor         88  285  258   59  18   2   0   81   30   16   27   78   1   0  0   3  2  .229  .302  .314   .616
Frazier,Todd        88  285  261   57  20   0   3   86   30   26   16   79   0   0  2   3  0  .218  .277  .330   .607
Barreto,Franklin    29   56   55    5   0   0   0    5    1    2    1   33   0   0  0   0  0  .091  .107  .091   .198
Diaz,Elias           4   13   13    1   0   0   0    1    0    0    0    2   0   0  0   0  0  .077  .077  .077   .154
Pujols,Albert        1    1    1    0   0   0   0    0    0    0    0    0   0   0  0   0  0  .000  .000  .000   .000
                   152 5910 5242 1332 275  16 208 2263  776  747  516 1371   9   0 49  82 31  .254  .330  .432   .762

Skramalonians        G   GS CG    IP    H    R   ER  HR  SH SF  HP   BB    K  IB   W   L   Pct Sv SHO    WHIP   ERA
Ramirez,Erasmo      18    0  0  36.2   24    9    9   1   0  0   0   19   19   0   2   1  .667  0   0   1.173  2.21
Mayers,Mike         38    0  0  36.1   23   13   10   2   1  1   2   15   51   0   2   2  .500  2   0   1.046  2.48
Floro,Dylan         28    0  0  26.1   32    8    8   3   0  0   0    7   19   2   2   0 1.000  1   0   1.481  2.73
Jeffress,Jeremy     57    0  0  58.2   31   19   18   5   0  0   4   28   57   1   3   5  .375 33   0   1.006  2.76
Smith,Riley         28    0  0  51.0   55   19   18   3   0  2   0   10   53   1   2   1  .667  1   0   1.275  3.18
Fried,Max*          31   31  0 152.0  135   59   54   7   0  2  11   61  135   0   8   6  .571  0   0   1.289  3.20
Alzolay,Adbert      28    0  0  58.2   46   21   21   6   0  0   4   34   65   1   9   1  .900  3   0   1.364  3.22
Canning,Griffin     30   30  0 152.2  119   56   55  16   1  3   1   58  144   2  14   9  .609  0   0   1.159  3.24
Matzek,Tyler*       35    0  0  37.2   38   15   14   4   0  0   2   14   55   1   1   0 1.000  1   0   1.381  3.35
Sanchez,Sixto       16   16  1 107.0  103   54   48  11   2  2   6   35   86   1   7   7  .500  0   0   1.290  4.04
Strahm,Matt*        55    0  0  51.2   47   27   25   6   0  3   7   22   43   3   6   1  .857  2   0   1.335  4.35
Freeland,Kyle*      31   31  0 166.2  198   99   89  30   3  4   6   46  132   0   8   6  .571  0   0   1.464  4.81
Margevicius,Nick    46    5  0  97.0  102   59   52  18   1  2   2   34   77   3   6   1  .857  3   0   1.402  4.82
Wood,Alex*          26    0  0  38.1   48   23   22   5   0  0   5   21   43   1   1   1  .500  0   0   1.800  5.17
Castano,Dan*        14   13  0  62.1   76   40   36   8   1  1   0   25   24   0   1   6  .143  0   0   1.620  5.20
Mills,Alec          26   26  2 158.1  153  105  101  43   2  3   6   57  127   0   8  13  .381  0   0   1.326  5.74
Finnegan,Kyle       70    0  0  68.1   72   52   46  14   0  2   3   46   78   0   2   9  .182  1   0   1.727  6.06
Teheran,Julio        8    0  0  10.1   20   13   12   4   0  0   0    6   11   0   0   1  .000  0   0   2.516 10.45
                   152  152  3  1370 1322  691  638 186  11 25  59  538 1219  16  82  70  .539 47  10   1.358  4.19

