Avery Deemers        G   PA   AB    H  2B  3B  HR   TB    R  RBI   BB    K  IB  SH SF  SB CS   Avg    OB   Slg    OPS
Tatis Jr.,Fernan   129  539  486  130  36   2  41  293   84   98   46  172   3   0  3  25  3  .267  .333  .603   .936
Marte,Starling     133  547  483  167  31   3  14  246   97   63   44  109   7   0  2  52 10  .346  .419  .509   .928
Bryant,Kris        142  612  541  151  49   2  29  291  101   88   56  156   1   0  3  10  5  .279  .357  .538   .895
Kelly,Carson        19   75   67   18   2   0   5   35   14    8    8   15   0   0  0   0  0  .269  .347  .522   .869
Goldschmidt,Paul   151  667  588  164  25   1  34  293  104  105   69  169   4   0  6   4  3  .279  .355  .498   .853
Pujols,Albert       46  156  149   41   3   0  13   83   20   31    4   27   1   0  2   1  0  .275  .295  .557   .852
Turner,Trea         54  241  219   62  13   0  11  108   35   38   19   50   1   0  2  12  5  .283  .340  .493   .833
Rojas,Miguel       133  547  505  147  42   2  17  244   76   79   34   76   1   0  1  12  5  .291  .344  .483   .827
Smith,Will         112  479  406   98  25   2  19  184   56   67   54  125   2   0  4   1  2  .241  .349  .453   .802
Davis,J.D.          16   44   43   14   5   0   0   19    6    5    0   20   0   0  0   1  0  .326  .341  .442   .783
d'Arnaud,Travis     30  121  107   24  10   0   5   49   17   16   11   28   0   0  2   0  0  .224  .298  .458   .756
Joe,Connor          58  164  139   33   8   0   4   53   25   17   19   40   0   0  3   0  0  .237  .335  .381   .716
Turner,Justin      139  541  474  110  12   0  18  176   54   70   57  102   3   0  3   2  1  .232  .322  .371   .693
Hernandez,Yadiel    51  189  172   41   8   1   5   66   25   27   15   45   0   0  1   2  2  .238  .302  .384   .686
Albies,Ozzie#      105  410  385   88  28   0  12  152   52   46   21   90   1   0  2  12  4  .229  .271  .395   .666
Hoerner,Nico        31   97   93   24   6   0   0   30   11    8    3   22   1   0  0   1  2  .258  .289  .323   .612
Herrera,Odubel*     36  122  112   21   4   0   5   40   12   20   10   19   0   0  0   1  1  .188  .254  .357   .611
Pham,Tommy          70  242  215   43  15   0   4   70   29   23   22   75   0   0  4   6  3  .200  .273  .326   .599
Slater,Austin       31   66   61   13   2   0   1   18   12    6    5   17   1   0  0   2  0  .213  .273  .295   .568
Kim,Ha-seong        38   55   52    9   0   0   2   15    5    5    2   14   0   1  0   0  1  .173  .204  .288   .492
Vierling,Matt        5   13   11    1   0   0   0    1    1    0    1    4   0   0  0   0  0  .091  .231  .091   .322
                   152 5925 5308 1399 324  13 239 2466  836  820  500 1375  26   1 38 144 47  .264  .334  .465   .798

Avery Deemers        G   GS CG    IP    H    R   ER  HR  SH SF  HP   BB    K  IB   W   L   Pct Sv SHO    WHIP   ERA
Kelly,Joe           13    0  0  14.0    7    2    2   0   0  0   1    5   13   0   0   1  .000  0   0    .857  1.29
Suarez,Ranger*      50    4  0 108.2   85   28   24   3   1  1   3   39  104   4  12   5  .706  9   0   1.141  1.99
Iglesias,Raisel     59    0  0  67.0   59   17   16   6   0  0   2    4  104   0   4   4  .500 42   0    .940  2.15
Watson,Tony*        20    0  0  20.2   16    5    5   1   0  2   1    6   20   0   1   1  .500  0   0   1.065  2.18
Bauer,Trevor        17   17  1 111.1   59   29   29  16   0  0   2   23  154   0  10   0 1.000  0   0    .737  2.34
Machado,Andres      27    0  0  30.1   17    8    8   4   0  0   5    9   28   2   1   1  .500  0   0    .857  2.37
Kim,Kwang-hyun*     11    7  1  49.0   39   19   14   4   2  0   1   14   37   0   3   2  .600  0   1   1.082  2.57
McGowin,Kyle        30    0  0  27.2   11    9    9   4   0  0   2   16   31   0   3   0 1.000  1   0    .976  2.93
Holloway,Jordan     17    0  0  33.0   16   11   11   4   0  1   0   15   30   0   0   2  .000  1   0    .939  3.00
Chacin,Jhoulys      47    0  0  66.1   48   23   23   6   0  2   0   23   46   1   6   1  .857  1   0   1.070  3.12
Heuer,Codi          59    0  0  66.0   61   27   27   5   0  0   0   25   59   1   6   1  .857  0   0   1.303  3.68
May,Trevor          55    0  0  62.0   60   30   30  11   1  2   0   20   87   2   5   2  .714  1   0   1.290  4.35
Lopez,Pablo         20   20  0 104.1  103   56   54  17   1  1   7   20  109   0   9   5  .643  0   0   1.179  4.66
Gibson,Kyle         12   12  0  67.1   60   39   37  15   0  3   4   18   61   0   3   3  .500  0   0   1.158  4.95
Martinez,Carlos     11   11  0  54.1   57   36   32   5   3  1   5   25   40   0   4   3  .571  0   0   1.509  5.30
Nola,Aaron          11   11  0  56.1   62   36   34  14   0  1   7   19   77   0   2   3  .400  0   0   1.438  5.43
Davies,Zach         15   15  0  71.2   72   46   44  14   0  1   4   32   67   0   4   6  .400  0   0   1.451  5.53
Mills,Alec          27    0  0  70.1   78   49   44  11   1  3   7   21   56   2   4   1  .800  0   0   1.408  5.63
Matz,Steven*        20   20  0  96.0  143   67   62  21   1  2   2   26  100   0   2   4  .333  0   0   1.760  5.81
Corbin,Patrick*     18   18  0  96.1  122   69   65  20   0  4   2   38   76   0   7   6  .538  0   0   1.661  6.07
Gray,Jon            17   17  0  79.0   89   62   55  16   0  0   5   42   79   0   5   6  .455  0   0   1.658  6.27
McFarland,T.J.*     17    0  0  16.0   26   15   13   0   0  2   0    7   11   1   3   1  .750  0   0   2.063  7.31
                   152  152  2  1367 1290  683  638 197  10 26  60  447 1389  13  94  58  .618 55  10   1.271  4.20

B-Rads               G   PA   AB    H  2B  3B  HR   TB    R  RBI   BB    K  IB  SH SF  SB CS   Avg    OB   Slg    OPS
Davis,J.D.          41  173  148   42   7   0  13   88   28   26   19   52   0   0  0   1  0  .284  .387  .595   .982
Soto,Juan*         100  439  359  105  17   2  11  159   73   32   76   73   5   0  2   5  4  .292  .417  .443   .860
Harper,Bryce*       88  384  333   91  33   0  13  163   46   58   44   94   6   0  3   6  2  .273  .362  .489   .851
Aguilar,Jesus      112  425  379  101  23   0  23  193   54   61   41   98   1   0  3   0  0  .266  .339  .509   .848
Alcantara,Sergio    54  224  196   49  10   3  10   95   37   23   24   66   0   1  2   3  0  .250  .332  .485   .817
Miller,Brad*        99  348  305   70   4   3  22  146   49   59   40  112   4   0  1   3  1  .230  .322  .479   .801
McCann,James        34  127  115   35   4   0   3   48   12   11   10   36   0   0  0   0  1  .304  .370  .417   .787
Ortega,Rafael*     115  308  274   71  18   1   9  118   38   31   30   61   1   2  0  10  3  .259  .337  .431   .768
Marte,Ketel#        36   79   71   20   5   0   2   31    8   10    6   13   1   0  2   0  0  .282  .329  .437   .766
Wade Jr.,LaMonte   113  409  371   93  20   3  16  167   47   49   26  106   1   4  2   7  2  .251  .309  .450   .759
Young,Andy          38  109   97   19   7   0   6   44    9   14    9   46   0   0  0   0  0  .196  .284  .454   .738
Harrison,Josh      115  459  422  118  29   1   6  167   57   36   19   65   0   0  1   8  6  .280  .336  .396   .732
Bell,Josh#          39  161  136   28   4   0   7   53   15   23   24   28   0   0  0   0  0  .206  .329  .390   .719
Dubon,Mauricio      84  197  185   44   9   0   7   74   18   20    9   49   0   0  2   1  1  .238  .274  .400   .674
Chisholm Jr.,Jaz   119  389  366   85  18   1  12  141   44   32   19  138   0   0  0  16  7  .232  .278  .385   .663
Casali,Curt         67  255  234   53  17   0   6   88   21   34   12   87   2   3  1   0  0  .226  .278  .376   .654
Hernandez,Yadiel    39  117  107   24   2   1   3   37    8   14    9   15   0   0  1   1  0  .224  .282  .346   .628
Baez,Javier        133  542  506   90  10   2  22  170   52   57   17  228   3   0  3  11  3  .178  .227  .336   .563
Heredia,Guillerm   100  329  295   55  18   0   4   85   25   25   23   85   0   0  3   0  0  .186  .261  .288   .549
Suzuki,Kurt         49  192  178   30   7   0   1   40    9    9    8   43   0   1  0   0  0  .169  .225  .225   .450
Alfaro,Jorge        11   29   27    5   0   0   0    5    1    1    1   16   0   0  0   0  0  .185  .241  .185   .426
                   152 5741 5146 1231 262  17 196 2115  651  625  467 1524  24  14 26  72 30  .239  .312  .411   .723

B-Rads               G   GS CG    IP    H    R   ER  HR  SH SF  HP   BB    K  IB   W   L   Pct Sv SHO    WHIP   ERA
Alcantara,Sergio     1    0  0   0.0    0    0    0   0   0  0   0    0    0   0   0   0  .000  0   0    .000  0.00
McFarland,T.J.*      1    0  0   1.2    1    0    0   0   0  0   0    0    1   0   0   0  .000  0   0    .600  0.00
Kelly,Joe           20    0  0  25.2    6    2    2   0   0  1   1    6   22   0   2   0 1.000  0   0    .468  0.70
Gilbreath,Lucas*    35    0  0  43.0   26   13   13   4   0  2   1   25   36   2   1   2  .333  1   0   1.186  2.72
Kinley,Tyler        54    0  0  66.0   38   27   26   9   1  3   1   29   64   4   5   1  .833  0   0   1.015  3.55
Kim,Kwang-hyun*     13    1  0  22.0   22    9    9   3   0  0   0    8   18   1   1   1  .500  0   0   1.364  3.68
Graterol,Brusdar    24    0  0  28.2   30   13   12   2   0  0   6    9   24   0   1   0 1.000  0   0   1.360  3.77
Leone,Dominic       33    0  0  35.0   33   18   15   2   0  2   1    4   33   0   1   2  .333  0   0   1.057  3.86
Snell,Blake*        28   28  0 137.2  111   61   59  15   3  2   2   52  176   0   5   8  .385  0   0   1.184  3.86
Bumgarner,Madiso    26   26  2 160.1  118   76   74  37   0  4   7   36  140   1   8  10  .444  0   2    .960  4.15
Garcia,Jarlin*      63    0  0  72.1   59   37   35  17   0  1   3   18   84   3   3   1  .750  2   0   1.065  4.35
Reyes,Alex          64    0  0  61.2   40   31   30  14   0  1   2   38   76   1   5   6  .455 27   0   1.265  4.38
Weathers,Ryan*      45    3  0  99.1  111   61   54  22   0  1   5   28   85   1   9   6  .600  2   0   1.399  4.89
Gray,Josiah         18    9  0  59.1   50   33   33  16   0  1   0   28   65   0   2   6  .250  1   0   1.315  5.01
Anderson,Tyler*     33   32  1 170.1  215  114  100  39   0  4   0   44  148   1   8  13  .381  0   0   1.521  5.28
Adams,Austin        30    0  0  28.0   29   19   17   1   1  0   5   22   41   4   1   2  .333  0   0   1.821  5.46
Megill,Tylor        19   18  1  95.1  102   62   58  23   2  3   1   34  107   0   3   7  .300  0   0   1.427  5.48
Mills,Alec          22    2  0  48.0   54   33   30   9   0  0   0   12   36   1   3   3  .500  1   0   1.375  5.63
Paddack,Chris       25   24  0 119.1  155   85   75  19   1  5   1   21  115   0   5  12  .294  0   0   1.475  5.66
Canning,Griffin     13    6  0  38.2   46   27   27   8   0  3   2   17   48   0   0   4  .000  0   0   1.629  6.28
Bundy,Dylan         19    3  0  35.0   41   27   26  14   0  2   0   10   31   1   3   2  .600  0   0   1.457  6.69
                   152  152  4  1347 1287  748  695 254   8 35  38  441 1350  20  66  86  .434 34  10   1.283  4.64

Co Operators         G   PA   AB    H  2B  3B  HR   TB    R  RBI   BB    K  IB  SH SF  SB CS   Avg    OB   Slg    OPS
Marte,Ketel#        60  217  196   66  22   0  15  133   35   36   18   37   2   0  0   0  0  .337  .401  .679  1.080
Soto,Juan*          51  233  179   54   6   3  13  105   49   29   53   34   3   0  0   0  0  .302  .464  .587  1.051
O'Neill,Tyler      125  554  499  153  28   0  42  307   93   97   39  184   3   0  2  15  2  .307  .371  .615   .986
Rondon,Jose         28   81   73   24   4   0   3   37   12   10    8   17   0   0  0   0  0  .329  .395  .507   .902
Walsh,Jared*       102  427  393  111  19   1  28  216   68   78   30  123   0   0  2   2  0  .282  .335  .550   .885
Bader,Harrison     104  419  385  104  20   2  23  197   58   60   22  111   2   0  5   9  1  .270  .317  .512   .829
Muncy,Max*         137  613  513  127  29   1  25  233   84   83   87  115   2   0  3   0  1  .248  .365  .454   .819
Soler,Jorge         71  288  253   55  19   0  17  125   38   33   31   81   1   0  0   0  0  .217  .313  .494   .807
Frazier,Adam*       51  208  183   54   7   3   3   76   35   16   24   23   0   0  1   3  3  .295  .375  .415   .790
Ruiz,Keibert#       25   89   83   25   1   0   3   35    9   11    6   11   1   0  0   0  0  .301  .348  .422   .770
Carlson,Dylan#     134  584  533  127  29   2  26  238   74   69   41  165   0   1  3   2  0  .238  .298  .447   .745
Arenado,Nolan      152  648  600  132  31   1  39  282   81  115   40  115   0   0  7   0  0  .220  .267  .470   .737
DeJong,Paul         89  346  298   64   6   1  18  126   52   51   34   86   0   0  5   3  1  .215  .309  .423   .732
Guillorme,Luis*     34  111   96   27   4   0   1   34   19    5   14   16   0   0  1   0  0  .281  .369  .354   .723
Contreras,Willso   125  461  386   79  20   0  16  147   58   51   58  149   3   0  3   4  2  .205  .328  .381   .709
Hernandez,Kike      37  141  122   24   6   0   3   39   14   13   15   30   1   0  0   1  0  .197  .305  .320   .625
Villar,Jonathan#   107  364  334   71  14   1   6  105   29   34   27  121   0   0  1  11  8  .213  .275  .314   .589
Nido,Tomas          67  105  102   20   2   1   3   33    7   13    1   35   0   0  0   0  0  .196  .219  .324   .543
Sierra,Magneuris    32   65   59   12   0   1   0   14   13    5    6   13   0   0  0   1  0  .203  .277  .237   .514
                   152 5953 5287 1329 267  17 284 2482  828  809  554 1466  18   1 33  51 18  .251  .329  .469   .799

Co Operators         G   GS CG    IP    H    R   ER  HR  SH SF  HP   BB    K  IB   W   L   Pct Sv SHO    WHIP   ERA
Morton,Charlie      31   31  0 175.1  119   57   48  13   1  1  14   48  192   0  16   5  .762  0   0    .952  2.46
Coonrod,Sam         29    0  0  36.0   25   12   11   4   0  0   4    9   34   0   1   0 1.000  1   0    .944  2.75
Stephenson,Rober    33    0  0  41.2   38   14   13   6   0  0   3   11   37   1   1   1  .500  0   0   1.176  2.81
Diaz,Edwin          58    0  0  60.1   43   20   19   4   1  2   9   18  102   1   3   6  .333 26   0   1.011  2.83
Leone,Dominic       14    0  0  12.1   10    4    4   1   0  1   2    7   10   2   0   0  .000  1   0   1.378  2.92
Wheeler,Zack        30   30  1 205.1  167   80   73  26   0  1   6   46  236   0  16   6  .727  0   0   1.037  3.20
Jackson,Luke        55    0  0  58.2   46   24   22   7   1  1   3   28   66   3   5   3  .625  1   0   1.261  3.38
Marquez,German      10   10  0  57.1   52   28   22  11   1  0   1   21   61   0   4   5  .444  0   0   1.273  3.45
Floro,Dylan         57    0  0  61.2   60   24   24   5   1  1   0   20   62   2   2   2  .500  9   0   1.297  3.50
Sanchez,Aaron       10    1  0  22.2   26    9    9   0   0  1   4   15   15   2   1   0 1.000  0   0   1.809  3.57
Urias,Julio*        10   10  0  57.2   59   24   23   8   0  0   3   13   57   0   3   3  .500  0   0   1.249  3.59
Bender,Anthony      61    0  0  61.1   55   25   25   5   0  0   7   23   86   3   4   2  .667  1   0   1.272  3.67
Espino,Paolo        16   11  0  70.0   52   29   29  15   0  2   1   13   60   0   6   1  .857  0   0    .929  3.73
Adams,Austin        23    0  0  25.1   10   11   11   1   1  1   7   24   30   0   1   2  .333  0   0   1.342  3.91
Flaherty,Jack       15   15  0  78.2   57   36   36  19   0  0  10   26   75   0   7   3  .700  0   0   1.055  4.12
Quintana,Jose*      22    2  0  57.2   55   29   28   9   0  3   1   28   61   2   5   2  .714  1   0   1.439  4.37
Pop,Zach            37    0  0  41.0   47   25   23   4   0  0   3   17   38   1   2   1  .667  1   0   1.561  5.05
Eflin,Zach          20   20  1 100.2  124   61   60  22   2  2   3   12   92   0   7   6  .538  0   0   1.351  5.36
Muller,Kyle*        13    0  0  20.0   14   14   13   0   0  1   1   17   19   0   2   1  .667  1   0   1.550  5.85
Chavez,Jesse        26    0  0  30.2   30   20   20   3   0  1   0    7   35   1   1   1  .500  0   0   1.207  5.87
Alvarez,Jose*        3    0  0   4.0    4    3    3   1   0  0   0    2    1   0   0   1  .000  0   0   1.500  6.75
Cueto,Johnny        16   14  0  70.1   98   56   54  10   0  1   7   24   60   1   5   6  .455  0   0   1.735  6.91
Peterson,David*      8    8  0  32.0   43   37   33  10   0  1   1   17   30   1   0   3  .000  0   0   1.875  9.28
                   152  152  2  1380 1234  642  603 184   8 20  90  446 1459  20  92  60  .605 42   9   1.217  3.93

Coop d'etat          G   PA   AB    H  2B  3B  HR   TB    R  RBI   BB    K  IB  SH SF  SB CS   Avg    OB   Slg    OPS
Longoria,Evan       31   97   85   27   9   0   4   48   19   10    9   18   0   0  0   0  1  .318  .402  .565   .967
Alonso,Pete        152  646  573  156  31   0  49  334   90  109   55  141   5   0  4   3  1  .272  .348  .583   .931
Schwarber,Kyle*    120  468  412  110  29   0  30  229   68   65   47  132   1   0  1   2  2  .267  .353  .556   .909
Turner,Trea         89  426  393  117  11   0  26  206   66   50   25   87   2   0  3  21  4  .298  .345  .524   .869
Kelly,Carson        39  160  144   42   3   0   9   72   31   30   12   42   0   0  2   0  0  .292  .350  .500   .850
Schwindel,Frank     92  272  259   72  21   0  10  123   39   41   12   46   0   0  0   3  1  .278  .313  .475   .788
Rodgers,Brendan    103  298  282   72  16   1  17  141   32   55    3   66   0   0  6   0  0  .255  .275  .500   .775
Duffy,Matt         103  340  317   92   7   0  13  138   32   40   18   73   0   0  0  10  0  .290  .338  .435   .773
Cooper,Garrett      25   74   64   17   4   0   2   27    9    8    9   27   0   0  1   1  1  .266  .351  .422   .773
Yastrzemski,Mike    65  239  200   41   8   2  12   89   34   24   26   63   0   0  3   2  1  .205  .322  .445   .767
d'Arnaud,Travis     14   46   42   10   8   0   0   18    3    3    3   10   0   0  0   0  0  .238  .304  .429   .733
Pillar,Kevin        56  185  171   37   4   2   9   72   19   21    7   44   0   0  1   2  1  .216  .270  .421   .691
Stassi,Max          95  346  302   71   9   1   9  109   32   32   36  125   1   0  1   0  0  .235  .329  .361   .690
Hoerner,Nico        23   97   90   25   7   0   0   32   18    7    5   22   0   0  0   3  0  .278  .330  .356   .686
Lagares,Juan       116  240  221   54  16   1   5   87   18   21   12   59   1   6  0   0  3  .244  .286  .394   .680
Duvall,Adam        124  389  364   67   8   1  26  155   44   47   19  146   3   0  4   1  1  .184  .226  .426   .652
Wisdom,Patrick     116  396  360   70  18   0  16  136   45   41   32  187   2   0  1   5  1  .194  .265  .378   .643
Lux,Gavin*         115  400  351   69  10   7   7  114   38   22   47   90   0   0  0   5  0  .197  .295  .325   .620
Slater,Austin       80  208  195   37   7   0   6   62   25   21   11   67   1   0  0   5  2  .190  .240  .318   .558
Heyward,Jason*      63  198  184   32   3   1   6   55   18   20    9   44   2   0  1   3  0  .174  .227  .299   .526
Knizner,Andrew      50  171  157   22   5   0   1   30    7    8   12   40   0   0  0   0  0  .140  .211  .191   .402
Kim,Ha-seong        50  103   97   12   3   0   2   21   10    6    5   30   0   1  0   3  1  .124  .167  .216   .383
                   152 5799 5263 1252 237  16 259 2298  697  681  414 1559  18   7 28  69 20  .238  .303  .437   .739

Coop d'etat          G   GS CG    IP    H    R   ER  HR  SH SF  HP   BB    K  IB   W   L   Pct Sv SHO    WHIP   ERA
Ramirez,Noe         27    0  0  38.2   19    7    7   2   0  0   2   10   37   0   2   2  .500  0   0    .750  1.63
Chatwood,Tyler      28    0  0  36.0   26    9    9   2   1  1   4   26   46   3   0   2  .000  0   0   1.444  2.25
Vesia,Alex*         40    0  0  44.2   24   13   12   4   0  2   1   27   56   1   2   2  .500  1   0   1.142  2.42
Wood,Alex*          31   31  0 176.2  163   72   68  17   1  4   8   67  170   2  11   6  .647  0   0   1.302  3.46
Gibson,Kyle         19   19  0 111.1   89   48   47  14   2  7   6   47  104   0   6   4  .600  0   0   1.222  3.80
Toussaint,Touki     12    5  0  32.2   20   16   15   7   0  0   4   22   23   0   1   3  .250  2   0   1.286  4.13
Neris,Hector        66    0  0  78.1   69   37   36  15   0  1   6   35  104   2   2   6  .250 20   0   1.328  4.14
Cabrera,Genesis*    65    0  0  76.2   59   43   40  12   1  3   7   50   89   2   5   5  .500  1   0   1.422  4.70
Happ,J.A.*          13   13  0  68.0   75   38   37  19   1  1   0   24   55   0   3   2  .600  0   0   1.456  4.90
Ross,Joe            20   15  0  93.2   83   53   52  17   1  3   6   38   81   1   4   5  .444  0   0   1.292  5.00
Davies,Zach         15   15  0  71.0   72   41   41   7   2  2   3   42   53   1   4   7  .364  0   0   1.606  5.20
Gallen,Zac          21   21  2 115.2  122   82   76  30   2  2   4   40  127   0   4  11  .267  0   0   1.401  5.91
Oviedo,Johan        14   11  0  66.0   72   46   45  13   2  3   4   27   63   0   1   3  .250  0   0   1.500  6.14
Bradley,Archie      45    0  0  55.0   56   38   38   8   0  0   5   28   36   3   6   2  .750  0   0   1.527  6.22
Fedde,Erick         27    9  0  76.2   97   59   55  21   0  2   4   37   68   0   3   7  .300  2   0   1.748  6.46
Guerra,Junior       34    0  0  47.0   46   35   34   6   0  5   4   45   45   0   2   5  .286  0   0   1.936  6.51
Lamet,Dinelson      23    1  0  48.2   63   38   37   8   2  1   1   22   57   1   3   2  .600  0   0   1.747  6.84
Velasquez,Vince     17   12  0  69.1   74   58   58  19   2  1   2   32   77   0   4   6  .400  0   0   1.529  7.53
Bard,Daniel         62    0  0  70.2   86   65   65  16   0  3   7   50   76   5   5   4  .556 11   0   1.925  8.28
                   152  152  2  1376 1315  798  772 237  17 41  78  669 1367  21  68  84  .447 37   6   1.442  5.05

Dou's Crew           G   PA   AB    H  2B  3B  HR   TB    R  RBI   BB    K  IB  SH SF  SB CS   Avg    OB   Slg    OPS
Seager,Corey*       97  405  344  112  21   3  15  184   70   43   52   58   1   0  3   0  0  .326  .420  .535   .955
Nimmo,Brandon*      48  208  174   49  11   1   9   89   29   28   26   37   1   2  2   1  2  .282  .380  .511   .891
Cron,C.J.          133  563  490  125  16   0  31  234   78   75   52  152   4   0  4   1  0  .255  .345  .478   .823
La Stella,Tommy*    89  256  230   62  16   1   9  107   33   31   23   28   1   0  1   0  0  .270  .340  .465   .805
Freeman,Freddie*   152  673  605  156  30   0  32  282   87   89   55  122   8   0  3   7  2  .258  .328  .466   .794
Happ,Ian#           64  296  271   64  21   0  16  133   40   33   21   96   0   0  1   1  1  .236  .297  .491   .788
Flores,Wilmer      134  474  407   98  21   0  21  182   59   56   55   75   0   0  4   2  0  .241  .340  .447   .787
Pollock,A.J.        66  255  241   62  15   0  12  113   35   36   10   65   0   0  2   4  2  .257  .290  .469   .759
Ruf,Darin           86  334  308   74  13   2  17  142   44   38   25  120   0   0  1   2  0  .240  .296  .461   .757
McCutchen,Andrew   103  379  327   67  15   1  20  144   46   53   47   99   1   0  3   3  2  .205  .306  .440   .746
Nootbaar,Lars*      48  109  101   23   2   1   4   39    8   17    7   27   0   0  1   0  0  .228  .275  .386   .661
Mayfield,Jack       69  178  161   35  12   0   5   62   22   27   12   34   0   2  2   1  1  .217  .273  .385   .658
Vogt,Stephen*       47  170  154   35   5   0   5   55   17   15   16   49   1   0  0   0  0  .227  .300  .357   .657
Varsho,Daulton*     97  351  324   70  21   2   9  122   38   32   26   79   2   1  0   0  2  .216  .274  .377   .651
Galvis,Freddy#      88  346  312   66  14   1  10  112   33   39   29   61   0   0  2   1  0  .212  .283  .359   .642
Daza,Yonathan       95  343  314   84   8   1   2  100   30   30   15   67   1   9  0   2  0  .268  .311  .318   .629
Solano,Donovan     101  325  301   65  15   0   7  101   26   28   13   73   0   1  1   2  2  .216  .269  .336   .605
Barnes,Austin       66  238  208   45   9   0   2   60   19   19   24   66   1   0  2   1  1  .216  .307  .288   .595
                   152 5902 5272 1292 265  13 226 2261  714  689  508 1308  21  15 32  28 15  .245  .318  .429   .747

Dou's Crew           G   GS CG    IP    H    R   ER  HR  SH SF  HP   BB    K  IB   W   L   Pct Sv SHO    WHIP   ERA
Watson,Tony*        36    0  0  38.1   29   11   11   4   0  0   0   10   30   2   2   0 1.000  1   0   1.017  2.58
Gray,Jon            11   11  0  60.0   43   21   18   7   0  1   4   24   70   0   5   0 1.000  0   0   1.117  2.70
Bickford,Phil       44    0  0  54.2   51   23   20   8   0  1   1   26   53   1   4   1  .800  2   0   1.409  3.29
Estevez,Carlos      65    0  0  66.2   73   31   25   7   0  4   3   18   67   3   1   6  .143  2   0   1.365  3.38
Gilbert,Tyler*      18    0  0  47.2   39   22   21   6   0  0   3   15   34   3   1   0 1.000  0   0   1.133  3.97
Cobb,Alex           20   20  0 100.2  108   52   45   5   1  2   3   43  124   0   7   5  .583  0   0   1.500  4.02
Kershaw,Clayton*    24   24  0 129.1  136   66   65  10   0  2   3   29  140   0   7  11  .389  0   0   1.276  4.52
Nola,Aaron          20   20  0 112.0  121   65   63  21   0  0   5   21  147   1   5   7  .417  0   0   1.268  5.06
Smith,Caleb*        47    1  0 106.0  100   60   60  22   0  1   9   34  109   0   5   2  .714  1   0   1.264  5.09
Anderson,Ian        27   27  0 140.2  136   85   80  28   1  2   2   51  161   0   6   7  .462  0   0   1.329  5.12
Ynoa,Huascar        19   19  0  97.2   82   61   57  23   2  3   6   27  116   0   7   6  .538  0   0   1.116  5.25
Hudson,Daniel       53    0  0  55.2   55   35   35  13   0  1   1   15   88   1   3   6  .333  1   0   1.257  5.66
Smith,Will*         57    0  0  50.1   46   32   32  14   0  2   7   21   65   0   1   7  .125 27   0   1.331  5.72
Lugo,Seth           44    0  0  50.0   53   35   32  11   0  0   2   23   73   2   2   1  .667  2   0   1.520  5.76
Gonzalez,Chi Chi    15   12  0  69.1   92   53   51  19   1  1   3   15   45   0   2   7  .222  0   0   1.543  6.62
Bass,Anthony        61    0  0  65.0   77   56   51  18   1  6   6   28   68   1   1   8  .111  0   0   1.615  7.06
Detwiler,Ross*      40    0  0  42.2   59   42   42  12   0  2   1   17   55   1   4   5  .444  0   0   1.781  8.86
Carrasco,Carlos     10   10  0  38.1   65   47   43  14   0  2   0   16   35   0   0   5  .000  0   0   2.113 10.10
Luzardo,Jesus*      12    8  0  36.1   72   51   49  16   1  0   4   16   39   0   0   5  .000  0   0   2.422 12.14
                   152  152  0  1361 1437  848  800 258   7 30  63  449 1519  15  63  89  .414 36   9   1.386  5.29

Fentonators          G   PA   AB    H  2B  3B  HR   TB    R  RBI   BB    K  IB  SH SF  SB CS   Avg    OB   Slg    OPS
Nimmo,Brandon*       6   18   17    6   4   0   1   13    2    4    1    4   0   0  0   0  0  .353  .389  .765  1.154
Pollock,A.J.        43  195  174   50  15   0   8   89   28   19   14   43   1   0  2   5  1  .287  .354  .511   .865
Thomas,Lane         74  163  137   42  11   1   2   61   16   14   26   32   1   0  0   3  1  .307  .417  .445   .862
Sanchez,Jesus*      96  277  247   60   8   3  16  122   38   37   23  101   1   0  1   0  0  .243  .321  .494   .815
Hoskins,Rhys       114  469  415   91  28   0  25  194   49   76   47  123   2   0  4   2  3  .219  .301  .467   .768
VanMeter,Josh*      58  210  187   50  10   1   6   80   18   16   21   54   0   0  2   3  2  .267  .338  .428   .766
Pederson,Joc*      137  472  418  106  28   2  13  177   49   52   41  109   1   0  5   3  4  .254  .328  .423   .751
Posey,Buster       113  477  423  107  21   0  14  170   53   46   48  109   1   0  2   0  0  .253  .333  .402   .735
Almonte,Abraham#    55  191  158   26  13   1   7   62   27   21   31   46   0   0  2   1  1  .165  .298  .392   .690
Jankowski,Travis    31  117   94   20   5   1   1   30   10   10   21   27   2   2  0   0  2  .213  .357  .319   .676
Happ,Ian#           78  267  237   48   9   0  12   93   33   30   26   86   0   0  2   3  1  .203  .282  .392   .674
McMahon,Ryan*      152  597  539  115  27   1  21  207   74   65   52  160   0   0  2   7  3  .213  .286  .384   .670
Swanson,Dansby     152  619  571  121  32   0  21  216   57   66   38  187   0   1  4  10  2  .212  .265  .378   .643
Edman,Tommy#       152  626  586  139  40   1   6  199   62   41   35   82   2   1  1  30  6  .237  .283  .340   .623
Gosselin,Phil       32  116  110   24   8   0   2   38   12   13    6   27   0   0  0   1  1  .218  .259  .345   .604
Zimmerman,Ryan      85  242  226   40  14   0  10   84   24   27   12   91   0   0  4   0  0  .177  .215  .372   .587
Gomes,Yan           61  206  204   44   6   0   8   74   15   19    2   44   0   0  0   0  0  .216  .223  .363   .586
Rivera,Rene          4   17   13    2   1   0   0    3    0    2    2    4   0   1  0   0  0  .154  .313  .231   .544
Hampson,Garrett    115  349  331   63   5   0  10   98   34   32   12   93   1   4  1  14  9  .190  .220  .296   .516
                   152 5627 5087 1154 285  11 183 2010  601  590  458 1422  12   9 32  82 36  .227  .294  .395   .689

Fentonators          G   GS CG    IP    H    R   ER  HR  SH SF  HP   BB    K  IB   W   L   Pct Sv SHO    WHIP   ERA
Steele,Justin*       7    5  0  31.1   14    3    3   2   0  0   1   11   29   0   2   1  .667  0   0    .798  0.86
Santana,Edgar       37    0  0  45.2   27    7    7   3   0  1   1   21   36   2   2   0 1.000  0   0   1.051  1.38
Loup,Aaron*         34    0  0  32.0   19    9    7   2   0  1   1    7   25   0   2   0 1.000  0   0    .813  1.97
deGrom,Jacob        14   14  1  88.0   49   21   20  10   0  1   1   15  144   0   6   2  .750  0   0    .727  2.05
Buehler,Walker      32   32  1 208.2  159   57   55  18   0  7  11   46  222   1  19   4  .826  0   1    .982  2.37
Jansen,Kenley       65    0  0  70.0   36   21   20   4   2  3   1   34   94   0   5   6  .455 41   0   1.000  2.57
Peacock,Matt         2    0  0   3.0    1    1    1   1   0  0   0    2    4   0   1   0 1.000  0   0   1.000  3.00
Minter,A.J.*        51    0  0  55.0   52   21   19   2   0  3   0   15   50   1   3   4  .429  0   0   1.218  3.11
Wainwright,Adam     32   32  4 219.2  179   89   81  30   2  5   6   47  193   0   9  15  .375  0   0   1.029  3.32
Castro,Miguel       64    0  0  71.1   53   28   27   7   0  0   6   52   69   2   4   7  .364  0   0   1.472  3.41
Sandoval,Patrick    15   14  0  77.1   58   35   33  10   0  2   2   39   77   0   6   2  .750  0   0   1.254  3.84
Walker,Taijuan      28   27  0 148.0  123   69   64  28   3  2   8   55  112   1  11   6  .647  0   0   1.203  3.89
Martin,Chris        37    0  0  46.0   47   21   21   5   0  2   6   11   36   1   0   1  .000  1   0   1.261  4.11
Stammen,Craig       68    0  0  86.1   73   44   40  13   3  2   3   28   72   4   9   7  .563  3   0   1.170  4.17
Darvish,Yu          28   28  0 152.2  147   90   86  34   1  1  12   47  180   1   4  13  .235  0   0   1.271  5.07
Okert,Steven*       14    0  0  17.0   13   10   10   5   0  0   2    6   22   1   1   0 1.000  0   0   1.118  5.29
Harper,Ryne         21    0  0  19.0   21   12   12   5   0  0   1    6   17   0   0   0  .000  1   0   1.421  5.68
                   152  152  5  1371 1071  538  506 179  11 30  62  442 1382  14  84  68  .553 46  14   1.104  3.32

Incarnations         G   PA   AB    H  2B  3B  HR   TB    R  RBI   BB    K  IB  SH SF  SB CS   Avg    OB   Slg    OPS
De La Cruz,Bryan    69  219  194   79  21   0   9  127   35   38   25   37   0   0  0   1  1  .407  .475  .655  1.130
McCann,James        26   89   78   23   3   0   6   44   13   18   11   17   0   0  0   0  0  .295  .382  .564   .946
Jankowski,Travis    10   31   25   10   1   0   0   11    4    1    4    2   0   1  1   0  0  .400  .467  .440   .907
Duggar,Steven*      82  292  263   78  14   5  12  138   46   49   25   70   1   0  2   2  2  .297  .360  .525   .885
Adams,Riley         16   56   46   13   3   1   1   21    8    8   10   17   1   0  0   0  0  .283  .411  .457   .868
Harper,Bryce*       51  231  203   58  21   0   6   97   31   25   23   58   8   0  2   3  0  .286  .364  .478   .842
Nimmo,Brandon*      36  146  124   32  12   0   4   56   13   24   17   31   1   1  1   2  0  .258  .359  .452   .811
Smith,Dominic*      77  251  231   74  10   0   5   99   29   32   19   64   0   0  0   1  0  .320  .375  .429   .804
Rosario,Eddie*      77  278  260   66  15   1  15  128   35   31   15   40   0   2  1   6  0  .254  .293  .492   .785
Hosmer,Eric*       121  425  383  107  17   0  13  163   45   45   37   89   0   1  2   4  2  .279  .344  .426   .770
Hilliard,Sam*       78  245  225   54   0   1  16  104   31   37   19   90   1   0  1   2  1  .240  .298  .462   .760
Escobar,Alcides     57  229  207   57  16   0   4   85   30   24   11   33   0   2  1   0  1  .275  .335  .411   .746
Estrada,Thairo      39  125  117   28   5   0   7   54   16   22    3   21   0   0  0   1  1  .239  .282  .462   .744
Betts,Mookie       126  551  469  113  22   4  12  179   62   77   67  104   3   0  2  10  4  .241  .350  .382   .732
Segura,Jean        129  579  530  143  31   1  11  209   76   47   41   90   2   3  2   9  6  .270  .325  .394   .719
Sosa,Edmundo       104  331  292   71   7   2   9  109   35   37   19   72   1   1  1   4  2  .243  .327  .373   .700
Drury,Brandon       19   72   70   19   6   0   1   28    4    9    1   22   0   0  0   0  0  .271  .292  .400   .692
Torreyes,Ronald     98  341  315   88   9   1   7  120   36   34   12   45   0   9  4   2  0  .279  .304  .381   .685
Taylor,Chris       141  583  526  123  24   3  13  192   65   50   37  204   1   4  3  13  0  .234  .299  .365   .664
Alfaro,Jorge        40  149  141   36  10   2   0   50   16    6    7   59   0   0  0   4  0  .255  .295  .355   .650
Bell,Josh#          89  376  333   65   8   1  13  114   39   49   37   74   0   0  5   0  0  .195  .274  .342   .616
Caratini,Victor#    93  310  281   65   6   0   5   86   29   22   24   84   0   0  3   0  1  .231  .294  .306   .600
                   152 5908 5313 1402 261  22 169 2214  698  685  464 1323  19  24 31  64 21  .264  .330  .417   .747

Incarnations         G   GS CG    IP    H    R   ER  HR  SH SF  HP   BB    K  IB   W   L   Pct Sv SHO    WHIP   ERA
Goudeau,Ashton      15    0  0  35.2   23    3    3   1   0  0   5   14   20   1   3   0 1.000  0   0   1.037  0.76
Tepera,Ryan         59    0  0  62.2   33    7    7   1   0  0   3   14   81   3   9   1  .900  3   0    .750  1.01
McGee,Jake*         56    0  0  59.1   36   17   16   8   0  0   4   15   54   0   6   2  .750 42   0    .860  2.43
Diaz,Miguel         29    0  0  43.0   31   12   12   8   0  0   0   18   46   1   2   1  .667  1   0   1.140  2.51
DeSclafani,Antho    28   28  1 171.1  142   56   52  21   1  4   1   48  159   0   7   6  .538  0   0   1.109  2.73
Boxberger,Brad      50    0  0  51.1   37   18   16   5   2  1   6   23   79   6   4   3  .571  1   0   1.169  2.81
Gausman,Kevin       32   32  2 185.1  154   68   63  17   0  5   8   53  206   1  15   8  .652  0   1   1.117  3.06
Scherzer,Max        31   31  0 181.2  149   81   75  33   1  1  12   42  227   0  11   5  .688  0   0   1.051  3.72
Smith,Drew          27    0  0  37.2   33   16   16   7   0  0   0   13   43   1   3   0 1.000  0   0   1.221  3.82
Gallegos,Giovann    71    0  0  84.0   61   36   36   8   0  2   5   35  100   8   7   2  .778  4   0   1.143  3.86
Johnson,Pierce      55    0  0  58.0   49   30   29   9   0  2   3   31   85   0   5   3  .625  1   0   1.379  4.50
Alcantara,Sandy     30   30  0 173.2  165   96   87  22   2  3  13   66  166   0   7  11  .389  0   0   1.330  4.51
Stroman,Marcus      30   30  0 160.2  177   89   82  24   2  5  11   44  143   0   7  13  .350  0   0   1.376  4.59
Hill,Tim*           51    0  0  42.1   47   23   22  10   2  0   3   20   38   1   2   4  .333  1   0   1.583  4.68
Maples,Dillon       24    0  0  26.0   20   19   19   3   0  1   4   25   37   2   2   2  .500  0   0   1.731  6.58
Lucchesi,Joey*       2    1  0   6.1    9    5    5   2   0  0   0    1    5   0   0   1  .000  0   0   1.579  7.11
                   152  152  3  1379 1166  576  540 179  10 24  78  462 1489  24  90  62  .592 53  10   1.181  3.52

Morgen Grinders      G   PA   AB    H  2B  3B  HR   TB    R  RBI   BB    K  IB  SH SF  SB CS   Avg    OB   Slg    OPS
Barrera,Tres        31  103   94   38   7   6   9   84   23   17    7   19   0   0  0   0  0  .404  .456  .894  1.350
Ohtani,Shohei*     152  655  573  156  27   8  54  361  107  109   80  218   1   0  0  29 15  .272  .363  .630   .993
Belt,Brandon*      106  403  355   89  14   0  40  223   65   74   41  126   1   0  1   5  1  .251  .337  .628   .965
Riley,Austin       152  672  614  169  33   0  43  331  104   97   44  217   3   0  4   1  1  .275  .332  .539   .871
Crawford,Brandon   136  564  499  135  22   2  25  236   86   67   59  116   3   0  2  17  3  .271  .351  .473   .824
Ward,Taylor         64  180  159   37   8   0  10   75   22   23   15   37   0   2  0   1  2  .233  .311  .472   .783
Ahmed,Nick          25   73   65   16   6   1   2   30   10    9    7   17   1   1  0   1  1  .246  .319  .462   .781
Anderson,Brian      39  132  125   33   5   0   7   59   15   14    5   31   0   0  0   3  0  .264  .303  .472   .775
Realmuto,J.T.      144  550  499  126  26   2  20  216   67   77   29  155   0   0  6  21  2  .253  .310  .433   .743
Myers,Wil          116  426  377   84  23   1  17  160   42   52   47  142   1   0  1   6  4  .223  .310  .424   .734
Chirinos,Robinso     5   17   16    4   3   0   0    7    0    0    0    4   0   0  0   0  0  .250  .294  .438   .732
Yastrzemski,Mike    47  183  164   33   4   2  10   71   21   29   16   44   1   0  2   1  1  .201  .273  .433   .706
Grisham,Trent*     139  529  462   96  30   4  13  173   69   48   57  130   1   1  3  12  5  .208  .301  .374   .675
Longoria,Evan       19   55   49    9   1   0   3   19    6    7    5   15   0   0  0   1  0  .184  .273  .388   .661
Cooper,Garrett      55  145  133   33   5   0   3   47   12    9    9   49   1   0  1   1  0  .248  .303  .353   .656
Pillar,Kevin        56   98   87   16   2   2   3   31   12   11    5   22   1   0  0   1  0  .184  .276  .356   .632
Peralta,David*     136  499  456   98  20   2  12  158   40   48   36  109   3   0  4   3  2  .215  .275  .346   .621
Fletcher,David     152  586  545  117  22   2   1  146   53   40   28   64   3   8  5  17  1  .215  .251  .268   .519
Adell,Jo             5    8    8    2   0   0   0    2    1    0    0    0   0   0  0   0  0  .250  .250  .250   .500
Bote,David          19   46   41    4   0   0   2   10    3    2    4   19   0   0  0   0  0  .098  .196  .244   .440
                   152 5891 5291 1289 256  32 274 2431  756  732  493 1522  20  12 29 120 36  .244  .314  .459   .774

Morgen Grinders      G   GS CG    IP    H    R   ER  HR  SH SF  HP   BB    K  IB   W   L   Pct Sv SHO    WHIP   ERA
deGrom,Jacob         2    2  0  17.0    8    2    2   1   0  0   0    0   25   0   0   0  .000  0   0    .471  1.06
Loup,Aaron*         24    0  0  22.2   29    8    5   0   0  1   0    1   22   0   0   1  .000  0   0   1.324  1.99
Kimbrel,Craig       58    0  0  62.0   30   16   16   8   0  0   3   18   98   0   1   2  .333 37   0    .774  2.32
Rodriguez,Chris     10    0  0  14.2   14    4    4   1   0  0   2    7   14   0   1   1  .500  0   0   1.432  2.45
Treinen,Blake       65    0  0  73.2   50   21   21   7   1  1   2   22   86   0   6   3  .667  2   0    .977  2.57
Gomber,Austin*      23   23  0 119.1   91   49   43  19   0  2   1   37  100   0   8   3  .727  0   0   1.073  3.24
Rogers,Tyler        70    0  0  82.2   67   31   30   7   0  3   6   22   59   3   4   7  .364  3   0   1.077  3.27
Ohtani,Shohei       26   26  0 134.0   90   51   49  14   0  4  18   55  178   0   8   5  .615  0   0   1.082  3.29
Rogers,Trevor*      26   26  0 139.1  133   56   52  12   1  6   4   53  156   2   8   2  .800  0   0   1.335  3.36
Webb,Logan          26   26  0 152.2  129   64   60  15   0  2   9   38  163   0  10   8  .556  0   0   1.094  3.54
Senzatela,Antoni    28   28  0 162.1  155   65   64  11   1  5  15   42  102   1  12   5  .706  0   0   1.214  3.55
Matzek,Tyler*       60    0  0  60.2   43   28   26   4   0  1   1   25   79   3   4   4  .500  0   0   1.121  3.86
Brogdon,Connor      45    0  0  51.2   48   24   23   6   0  3   1   16   46   4   3   1  .750  0   0   1.239  4.01
Price,David*        34    0  0  51.0   52   24   23   4   1  2   4   24   38   2   4   1  .800  0   0   1.490  4.06
Bleier,Richard*     52    0  0  57.1   55   26   26   6   0  1   5   14   35   2   6   2  .750  2   0   1.203  4.08
Helsley,Ryan        15    0  0  18.0   16    9    9   5   0  1   0   11   14   1   1   0 1.000  0   0   1.500  4.50
Weaver,Luke          8    8  0  41.0   31   22   21  13   0  1   1    8   25   0   1   1  .500  0   0    .951  4.61
Crismatt,Nabil      37    0  0  53.1   55   28   28  11   0  1   5   13   35   0  10   3  .769  0   0   1.275  4.73
Thompson,Zach       14   13  0  62.2   62   41   36   6   2  2   2   29   56   0   5   5  .500  0   0   1.452  5.17
Garcia,Luis         24    0  0  24.0   23   15   15   7   0  0   0    6   22   0   3   3  .500  0   0   1.208  5.63
                   152  152  0  1390 1179  583  552 156   6 36  79  441 1336  18  95  57  .625 44   8   1.165  3.57

Rivercrypts          G   PA   AB    H  2B  3B  HR   TB    R  RBI   BB    K  IB  SH SF  SB CS   Avg    OB   Slg    OPS
Guillorme,Luis*     11   37   32   11   1   0   1   15    6    5    5    4   0   0  0   0  0  .344  .432  .469   .901
Machado,Manny      152  652  592  153  23   1  28  262   79   82   51  121   4   0  7  13  5  .258  .316  .443   .759
Bohm,Alec           67  167  156   44   9   1   4   67   21   13    9   51   0   0  0   1  0  .282  .329  .429   .758
Cronenworth,Jake   152  670  609  153  33  12  22  276   84   89   36  104   1   6  6   4  3  .251  .304  .453   .757
Escobar,Eduardo#   150  615  570  132  25  10  28  261   69   76   41  123   1   0  2   1  1  .232  .285  .458   .743
Herrera,Odubel*     80  264  238   63  17   0   6   98   22   27   23   40   1   1  1   2  0  .265  .331  .412   .743
Nola,Austin         51  167  153   44  13   0   1   60   22   16    7   19   0   0  0   0  0  .288  .343  .392   .735
Joe,Connor          15   59   49   12   1   0   1   16    9    7   10   11   0   0  0   0  0  .245  .373  .327   .700
Marsh,Brandon*      42  155  147   40   8   3   0   54   16   16    6   63   0   0  0   3  0  .272  .310  .367   .677
Story,Trevor       149  632  572  122  30   4  23  229   67   67   39  161   1   0  8  21 10  .213  .275  .400   .675
Adrianza,Ehire#     89  205  174   35  10   3   3   60   18   26   26   50   0   2  0   0  0  .201  .315  .345   .660
Frazier,Adam*       83  310  285   74  14   0   3   97   38   22   21   41   0   0  1   4  2  .260  .316  .340   .656
Hernandez,Kike      91  408  359   70  17   1  12  125   38   42   35   91   0   0  5   1  0  .195  .279  .348   .627
Smith,Pavin*       148  559  502  107  18   1  11  160   49   44   47  104   2   0  3   2  0  .213  .288  .319   .607
Tapia,Raimel*       85  252  241   60   9   0   2   75   27   12   10   40   0   0  1   7  6  .249  .278  .311   .589
Brinson,Lewis       21   44   43    9   0   0   2   15    3    5    1   15   0   0  0   0  0  .209  .227  .349   .576
Molina,Yadier      111  402  369   75  11   0   6  104   42   30   20   74   0   0  3   1  1  .203  .261  .282   .543
Profar,Jurickson    50   93   79   13   4   0   0   17    7   10   10   12   0   0  1   2  0  .165  .280  .215   .495
Soler,Jorge          9    8    7    1   0   0   0    1    0    1    1    2   0   0  0   0  0  .143  .250  .143   .393
                   152 5698 5177 1218 243  36 153 1992  617  590  398 1126  10   9 38  62 28  .235  .297  .385   .682

Rivercrypts          G   GS CG    IP    H    R   ER  HR  SH SF  HP   BB    K  IB   W   L   Pct Sv SHO    WHIP   ERA
Gonsolin,Tony       16    6  0  52.0   40   18   18   6   0  1   0   35   70   1   0   2  .000  0   0   1.442  3.12
Thompson,Keegan     40    0  0  56.1   52   23   20   8   0  4   1   32   63   3   1   2  .333  0   0   1.491  3.20
Hand,Brad*          62    0  0  66.2   56   29   25   6   0  4   5   24   76   1   5   8  .385 29   0   1.200  3.38
Alvarez,Jose*       46    0  0  53.2   43   22   21   6   0  0   0   18   43   0   1   1  .500  0   0   1.137  3.52
Urias,Julio*        22   22  0 125.0  131   58   55  19   1  3   2   30  118   0  10   6  .625  0   0   1.288  3.96
Williams,Trevor     32    5  0  86.0   92   40   38  10   0  1   1   21   90   0   5   3  .625  2   0   1.314  3.98
Sampson,Adrian      18    4  0  40.1   37   22   19   9   1  1   7    7   31   0   3   1  .750  1   0   1.091  4.24
Cueto,Johnny         8    8  0  41.1   50   22   20   6   2  0   4    9   39   1   2   3  .400  0   0   1.427  4.35
Cishek,Steve        76    0  0  70.0   62   37   36   3   0  1   8   57   88   7   3   5  .375  0   0   1.700  4.63
Alvarado,Jose*      66    0  0  58.2   44   32   31   7   0  3  10   56   77   1   5   3  .625  1   0   1.705  4.76
Marquez,German      21   21  0 124.2  121   73   66  17   2  4   1   44  130   1   4  10  .286  0   0   1.324  4.76
Musgrove,Joe        33   33  0 185.1  164  106  102  35   2  6  19   61  220   0   9  14  .391  0   0   1.214  4.95
Familia,Jeurys      64    0  0  63.2   56   36   35  11   1  3   2   39   85   2   3   3  .500  3   0   1.492  4.95
Hill,Rich*          25   24  0 120.0  123   75   71  20   3  5  14   48  111   0   3  10  .231  0   0   1.425  5.33
Espino,Paolo         8    8  0  39.2   51   27   26  12   0  0   3   10   40   1   0   3  .000  0   0   1.538  5.90
Peterson,David*      2    2  0  11.2   16    8    8   4   0  0   1    3    8   0   0   1  .000  0   0   1.629  6.17
Littell,Zack        14    0  0  16.2   14   12   12   1   0  0   0    3   21   0   0   2  .000  1   0   1.020  6.48
Smyly,Drew*         27   16  0  90.2  128   73   67  32   0  3   2   30   91   1   1  12  .077  0   0   1.743  6.65
Givens,Mychal       41    0  0  34.1   41   33   33  13   0  0   4   19   39   0   1   4  .200  1   0   1.748  8.65
Hernandez,Eliese     3    3  0  13.1   24   20   18   4   0  1   2    3   22   0   0   3  .000  0   0   2.025 12.15
                   152  152  0  1350 1345  766  721 229  12 40  86  549 1462  19  56  96  .368 38   4   1.403  4.81

Skramalonians        G   PA   AB    H  2B  3B  HR   TB    R  RBI   BB    K  IB  SH SF  SB CS   Avg    OB   Slg    OPS
Trout,Mike          56  143  122   37  10   2  10   81   25   20   19   41   4   0  0   3  0  .303  .406  .664  1.070
Acuna Jr.,Ronald   117  328  257   72  24   0  18  150   49   54   61   68   5   0  4  16  8  .280  .424  .584  1.008
Conforto,Michael    80  284  236   56  17   0  10  103   30   39   37   61   0   0  4   1  0  .237  .352  .436   .788
Rendon,Anthony      68  208  179   43  11   0   5   69   23   17   26   40   2   0  1   0  0  .240  .341  .385   .726
Castro,Starlin      98  295  276   77  26   1   2  111   23   21   16   57   1   0  2   0  0  .279  .316  .402   .718
Blackmon,Charlie   146  614  550  142  29   5  10  211   65   57   55  110   1   0  1   3  3  .258  .333  .384   .717
Rojas,Josh*        128  569  512  120  39   4  10  197   60   44   53  150   0   2  2   9  0  .234  .305  .385   .690
Diaz,Elias          99  400  348   70  17   1  15  134   35   41   45   72   1   0  5   0  0  .201  .293  .385   .678
Lindor,Francisco   132  530  455   90  25   4  16  171   55   64   58  113   3   9  6   9  2  .198  .287  .376   .663
Wong,Kolten*       129  539  482  121  26   1   3  158   52   46   40   96   2   0  3  13  5  .251  .325  .328   .653
Nunez,Dom*          31  109   99   16   3   1   5   36   10    7   10   44   0   0  0   0  0  .162  .239  .364   .603
Beaty,Matt*         90  166  155   36   1   0   3   46   11   14    6   34   1   0  0   0  0  .232  .283  .297   .580
McNeil,Jeff*        90  308  283   63  11   1   3   85   25   29   20   40   0   0  3   1  2  .223  .276  .300   .576
Calhoun,Kole*       44  161  145   33   5   0   1   41   19   10   14   46   0   0  2   0  0  .228  .292  .283   .575
Dickerson,Alex*     40  122  113   17   3   0   5   35   12   12    7   28   1   0  1   0  0  .150  .205  .310   .515
Walker,Christian   122  438  399   67  17   3   5  105   32   22   37  122   1   0  1   0  0  .168  .240  .263   .503
Contreras,Willia    26   99   90   12   1   0   4   25    8    8    8   38   0   0  0   0  0  .133  .212  .278   .490
Bellinger,Cody*    117  385  354   55  13   0   9   95   30   28   27  113   0   0  2   3  1  .155  .218  .268   .486
                   152 5696 5056 1127 278  23 134 1853  564  533  539 1273  22  11 37  58 21  .223  .302  .366   .669

Skramalonians        G   GS CG    IP    H    R   ER  HR  SH SF  HP   BB    K  IB   W   L   Pct Sv SHO    WHIP   ERA
Mantiply,Joe*       30    0  0  37.1   38   12   12   0   1  0   3   10   32   2   0   2  .000  0   0   1.286  2.89
Rodriguez,Richar    53    0  0  61.0   47   21   21  12   0  1   3    6   40   0   3   5  .375  2   0    .869  3.10
Melancon,Mark       50    0  0  53.1   45   24   22   4   0  0   2   28   51   1   3   6  .333 32   0   1.369  3.71
Pagan,Emilio         7    0  0  12.0   10    5    5   4   0  0   0    2    9   0   0   0  .000  0   0   1.000  3.75
Fried,Max*          26   26  1 162.1  150   76   72  22   4  2   4   35  160   2   7   8  .467  0   0   1.140  3.99
Suarez,Jose*        31    3  1  89.0   79   47   40  10   1  3   4   43   71   2   2   4  .333  1   0   1.371  4.04
Alzolay,Adbert      14   13  0  75.1   62   40   37  18   0  1   5   11   72   0   3   5  .375  0   0    .969  4.42
Widener,Taylor      10    8  0  43.2   49   25   23  12   1  0   6   16   49   1   2   3  .400  0   0   1.489  4.74
Hendricks,Kyle      32   32  1 188.2  214  112  103  35   3  9  17   53  142   2   8  17  .320  0   0   1.415  4.91
Kelly,Merrill       28   28  0 169.1  165   96   94  36   2  4   8   50  129   0  10  12  .455  0   0   1.270  5.00
Woodford,Jake       29    0  0  59.2   58   36   36   9   0  2  13   29   38   0   3   1  .750  1   0   1.458  5.43
Finnegan,Kyle       67    0  0  69.1   77   49   44   9   0  6   2   40   71   7   6   8  .429  0   0   1.688  5.71
Kennedy,Ian         17    0  0  14.0   15   12    9   3   0  1   1    4   16   1   0   4  .000  1   0   1.357  5.79
Mayers,Mike         64    0  0  80.1   87   55   53  18   1  6   5   46   99   5   0   2  .000  1   0   1.656  5.94
Lester,Jon*         20   20  0 106.2  141   82   78  26   1  4   3   38   63   2   2   9  .182  0   0   1.678  6.58
Freeland,Kyle*      22   22  1 116.1  132   88   85  26   0  3   8   38  103   1   3  14  .176  0   0   1.461  6.58
                   152  152  4  1338 1369  780  734 244  14 42  84  449 1145  26  52 100  .342 38   3   1.359  4.94

