Avery Deemers        G   PA   AB    H  2B  3B  HR   TB    R  RBI   BB    K  IB  SH SF  SB CS   Avg    OB   Slg    OPS
Velazquez,Nelson     6   13    9    2   1   0   1    6    4    4    3    5   0   0  0   0  0  .222  .462  .667  1.129
De La Cruz,Bryan    64  206  194   55  19   0  10  104   30   35    8   49   0   0  2   0  0  .284  .316  .536   .852
Marte,Starling      54  239  222   70  12   1   8  108   32   35   11   42   0   0  1  11  2  .315  .360  .486   .846
Turner,Justin       78  333  302   80  33   0   7  134   49   29   27   58   0   0  1   2  0  .265  .330  .444   .774
Flores,Wilmer       49  121  100   23   5   0   4   40   11    9   16   17   0   0  1   0  0  .230  .355  .400   .755
Smith,Will         152  658  596  155  27   2  22  252   76   82   48  132   2   0  4   1  1  .260  .324  .423   .747
Voit,Luke          148  454  410  101  21   0  19  179   48   52   32  143   1   0  5   1  0  .246  .308  .437   .745
Guillorme,Luis*    122  392  364  101  15   7   5  145   47   30   25   62   0   1  1   1  0  .277  .325  .398   .723
Longoria,Evan       96  210  194   43  10   0  11   86   18   32   12   76   2   0  1   0  0  .222  .276  .443   .719
Pujols,Albert       52  113  103   24   7   0   4   43   11   19    6   28   0   0  1   0  1  .233  .292  .417   .709
Vogelbach,Daniel   130  500  428   91  21   3  16  166   56   62   68  134   3   0  3   0  0  .213  .320  .388   .708
Seager,Corey*      162  662  596  139  29   5  21  241   71   75   51  114   1   0  6   2  2  .233  .301  .404   .705
Thomas,Lane        135  421  384   94  18   2  11  149   47   39   31   96   1   0  1   6  3  .245  .309  .388   .697
Herrera,Odubel*      9   21   20    5   3   0   0    8    1    1    1    2   0   0  0   0  0  .250  .286  .400   .686
Marsh,Brandon*      60  193  179   43   4   3   6   71   18   19    8   66   0   1  2   5  2  .240  .281  .397   .678
Happ,Ian#           83  360  330   73  21   3  10  130   42   36   26   96   2   0  1   3  3  .221  .283  .394   .677
Trejo,Alan          38   61   58   15   1   0   2   22    7    9    2   19   0   0  0   0  0  .259  .295  .379   .674
Drury,Brandon       94  369  339   70  18   1   9  117   32   31   17   96   2   0  5   2  0  .206  .257  .345   .602
Blackmon,Charlie   118  394  368   80  11   5   7  122   41   36   20   76   1   1  1   3  2  .217  .265  .332   .597
Hampson,Garrett     76  177  159   35   4   4   0   47   22   14   14   61   0   4  0  12  1  .220  .283  .296   .579
Wynns,Austin        18   50   49   10   1   0   0   11    4    4    1   14   0   0  0   0  0  .204  .220  .224   .444
Ortega,Rafael*      73  179  162   27   5   0   0   32   19    7   16   29   0   0  1   3  2  .167  .240  .198   .438
                   162 6126 5566 1336 286  36 173 2213  686  660  443 1415  15   7 37  52 19  .240  .303  .398   .700

Avery Deemers        G   GS CG    IP    H    R   ER  HR  SH SF  HP   BB    K  IB   W   L   Pct Sv SHO    WHIP   ERA
Assad,Javier        15    0  0  36.2   20    8    7   2   0  2   1   17   29   0   1   2  .333  3   0   1.009  1.72
Phillips,Evan       26    0  0  29.1   16    8    6   0   1  1   0   11   34   1   1   0 1.000  2   0    .920  1.84
Morejon,Adrian*      8    0  0  11.2   12    5    4   1   0  0   0    7   10   1   1   0 1.000  1   0   1.629  3.09
Alvarado,Jose*      33    0  0  34.2   32   15   12   1   1  1   1   25   53   1   1   2  .333  3   0   1.644  3.12
Iglesias,Raisel     22    0  0  25.0   25   10    9   3   1  0   1    4   30   1   1   2  .333  9   0   1.160  3.24
Pepiot,Ryan         12    0  0  32.0   26   12   12   7   0  1   2   10   33   0   2   0 1.000  1   0   1.125  3.38
Gilbreath,Lucas*    44    0  0  45.1   32   20   20   2   0  0   3   23   56   2   2   2  .500  2   0   1.213  3.97
Okert,Steven*       62    0  0  61.0   34   32   31   7   2  3   4   38   87   2   4   5  .444  1   0   1.180  4.57
Gibson,Kyle         21   21  0 118.0  122   68   61  13   1  6   4   35   99   0   2   8  .200  0   0   1.331  4.65
Rainey,Tanner       27    0  0  26.1   22   15   14   5   0  0   0   13   29   0   3   3  .500  4   0   1.329  4.78
Marquez,German      32   32  0 185.1  185  101  100  29   0  5   5   74  166   1   8  13  .381  0   0   1.397  4.86
Garrett,Braxton*    10   10  0  55.0   56   33   30   9   0  0   5   16   52   1   3   3  .500  0   0   1.309  4.91
Lawrence,Justin     20    0  0  28.2   26   17   16   1   0  0   1   12   35   0   2   1  .667  0   0   1.326  5.02
Freeland,Kyle*      34   34  0 199.1  223  125  119  29   3  4  14   66  132   0   7  16  .304  0   0   1.450  5.37
Lopez,Pablo         14   14  0  72.0   87   47   45  14   2  5   2   19   65   0   4   5  .444  0   0   1.472  5.63
Davies,Zach         28   28  0 143.2  141   96   91  31   0  3   3   60  103   0   7  12  .368  0   0   1.399  5.70
Mikolas,Miles       12   12  0  69.0   87   55   52  16   1  2   0   12   55   2   2   7  .222  0   0   1.435  6.78
Nelson,Nick         37    0  0  58.1   83   55   45   3   0  2   5   36   60   3   1   4  .200  1   0   2.040  6.94
Gray,Josiah         10   10  0  52.1   50   41   41  10   0  0   1   35   60   0   2   7  .222  0   0   1.624  7.05
Gomber,Austin*      41    1  0  75.2   97   64   60  12   0  3   2   29   65   3   1   5  .167  3   0   1.665  7.14
Moronta,Reyes       10    0  0  10.2   12    9    9   4   0  0   0   11    7   0   1   1  .500  0   0   2.156  7.59
Pallante,Andre      38    0  0  70.0  108   59   59  14   0  3   1   32   50   3   1   7  .125  3   0   2.000  7.59
                   162  162  0  1440 1496  895  843 213  12 41  55  585 1310  21  57 105  .352 33   7   1.445  5.27

B-Rads               G   PA   AB    H  2B  3B  HR   TB    R  RBI   BB    K  IB  SH SF  SB CS   Avg    OB   Slg    OPS
Goldschmidt,Paul    65  284  243   74  21   0  10  125   33   40   36   74   4   0  4   2  1  .305  .391  .514   .905
Bouchard,Sean        8   18   17    6   2   0   0    8    1    1    0    5   0   0  0   0  0  .353  .389  .471   .860
Arcia,Orlando       53  212  187   50   8   0  10   88   30   16   21   50   1   0  2   0  0  .267  .344  .471   .815
Davis,J.D.          71  205  177   39   8   0  10   77   26   28   25   78   0   0  0   1  0  .220  .327  .435   .762
Higgins,P.J.        69  247  217   51  16   1   9   96   31   32   21   65   0   2  4   0  0  .235  .306  .442   .748
Vosler,Jason*       42  135  122   30   8   1   5   55   15   20   10   42   0   0  3   1  0  .246  .296  .451   .747
Alfaro,Jorge        69  113  101   24   5   0   3   38    8   10   10   53   1   0  0   1  0  .238  .319  .376   .695
Lux,Gavin*         138  483  433  110  24   6   4  158   55   40   45  111   0   0  4   8  4  .254  .322  .365   .687
Canha,Mark         162  637  578  138  41   2  11  216   55   71   37  143   3   0  2   2  3  .239  .306  .374   .680
Daza,Yonathan       34   98   95   27   4   0   1   34   17    8    3   18   0   0  0   0  0  .284  .306  .358   .664
Baez,Javier        162  632  603  142  21   3  19  226   67   71   18  165   2   0  6   8  2  .235  .261  .375   .636
Bell,Josh#         162  709  623  144  26   3   8  200   60   65   76  123   3   0  7   1  0  .231  .315  .321   .636
Donovan,Brendan*    49  198  169   40   7   0   0   47   18   12   25   38   0   0  0   0  3  .237  .348  .278   .626
Bart,Joey           81  292  262   52   7   0  11   92   28   30   22  120   0   0  2   2  1  .198  .274  .351   .625
Yastrzemski,Mike    65  263  230   46  15   0   5   76   25   22   30   74   0   0  2   3  0  .200  .293  .330   .623
Muncy,Max*         148  573  485   85  20   1  17  158   64   67   75  147   0   0  7   3  2  .175  .288  .326   .614
Wade Jr.,LaMonte    37  124  111   20   3   1   5   40   15   12    9   31   0   0  1   0  0  .180  .252  .360   .612
Chisholm Jr.,Jaz    36  114   96   18   0   2   2   28   12    8   14   29   0   0  0   6  7  .188  .316  .292   .608
Thomas,Alek*       131  424  396   85  16   1   6  121   46   36   22   76   1   0  3   5  2  .215  .259  .306   .565
Gallo,Joey*         30  106   89   14   0   1   2   22   11    9   13   48   0   0  1   1  0  .157  .283  .247   .530
Herrera,Odubel*     48   85   77   17   1   0   0   18   10    2    8   16   0   0  0   1  0  .221  .294  .234   .528
Vargas,Ildemaro#    42  115  107   20   6   0   1   29    8   10    3   15   0   2  1   1  0  .187  .221  .271   .492
                   162 6064 5418 1232 259  22 139 1952  635  610  523 1521  15   4 49  46 25  .227  .301  .360   .661

B-Rads               G   GS CG    IP    H    R   ER  HR  SH SF  HP   BB    K  IB   W   L   Pct Sv SHO    WHIP   ERA
Jansen,Kenley       17    0  0  16.1   12    4    2   0   0  0   0    7   28   0   2   1  .667 13   0   1.163  1.10
Cabrera,Edward      10   10  0  59.1   21   15   13   6   0  0   5   26   64   0   4   3  .571  0   0    .792  1.97
Knebel,Corey        22    0  0  22.0   13    8    5   2   0  1   3   12   18   0   1   1  .500  1   0   1.136  2.05
Hader,Josh*         26    0  0  20.1   17    7    5   2   0  1   2    9   32   1   0   3  .000 16   0   1.279  2.21
Lorenzen,Michael     4    4  0  19.1   16    6    5   0   0  1   0    6   16   0   0   2  .000  0   0   1.138  2.33
Price,David*        38    0  0  48.0   38   14   14   4   0  1   0   15   45   0   3   1  .750  0   0   1.104  2.63
Matz,Steven*        21    0  0  49.2   43   21   17   7   0  2   1   11   53   2   5   3  .625  1   0   1.087  3.08
Martin,Chris        62    0  0  69.0   74   25   25   5   0  2   2   13   90   7   2   3  .400  1   0   1.261  3.26
Gilbert,Tyler*      10    0  0  20.2   12    9    8   2   0  1   0    7   13   2   4   0 1.000  0   0    .919  3.48
Graterol,Brusdar    48    0  0  59.0   54   26   23   6   0  0   8   19   54   2   2   4  .333  3   0   1.237  3.51
Anderson,Tyler*     13   13  1  80.1   71   38   33   5   1  2   8    9   55   0   2   6  .250  0   1    .996  3.70
Snell,Blake*        27   27  0 146.0  149   79   68  15   2  8   4   54  207   0   6  10  .375  0   0   1.390  4.19
Leiter Jr.,Mark     50    0  0  71.2   56   35   34  10   2  4   9   38   68   2   3   3  .500  2   0   1.312  4.27
Quintana,Jose*      23   23  0 130.0  130   66   62   9   2  2   1   36   88   1   8   9  .471  0   0   1.277  4.29
Bickford,Phil       46    0  0  60.2   55   34   33   8   1  3   6   17   58   2   4   3  .571  0   0   1.187  4.90
Wainwright,Adam     33   33  0 197.1  235  123  112  18   0  4   7   57  152   0   7  16  .304  0   0   1.480  5.11
Morton,Charlie      33   33  0 190.1  176  115  112  38   0 10  14   76  249   1   8  15  .348  0   0   1.324  5.30
Lugo,Seth           57    0  0  65.0   74   47   45  15   2  2   3   25   70   3   4   5  .444  2   0   1.523  6.23
Feltner,Ryan        14   12  0  73.2   91   57   56  15   1  1   3   24   57   1   3   5  .375  1   0   1.561  6.84
Heaney,Andrew*       7    7  0  34.0   44   26   26   8   0  2   2    8   53   1   0   1  .000  0   0   1.529  6.88
                   162  162  0  1432 1381  755  698 175  11 47  78  469 1470  25  68  94  .420 40   8   1.292  4.38

Co Operators         G   PA   AB    H  2B  3B  HR   TB    R  RBI   BB    K  IB  SH SF  SB CS   Avg    OB   Slg    OPS
Nootbaar,Lars*      27  115   99   24   8   2   6   54   17   17   15   22   1   0  1   0  0  .242  .339  .545   .884
Arenado,Nolan       59  262  237   65  21   0   9  113   33   31   20   28   2   0  1   2  1  .274  .340  .477   .817
Olson,Matt*        162  689  621  146  57   0  35  308   83   87   62  190   4   0  3   0  0  .235  .305  .496   .801
Contreras,Willso    88  359  315   76  23   1  16  149   52   44   27   81   0   0  4   3  1  .241  .323  .473   .796
Carroll,Corbin*     60  127  109   25   7   1   4   46   16   15   14   35   1   0  0   2  0  .229  .339  .422   .761
Carlson,Dylan#     122  301  280   70  20   5   6  118   37   28   14   70   0   0  1   3  1  .250  .299  .421   .720
O'Neill,Tyler      133  421  366   78  14   1  14  136   38   38   47  120   0   0  1  16  5  .213  .312  .372   .684
Acuna Jr.,Ronald   148  603  552  133  24   1  14  201   67   53   39  157   1   0  4  37  8  .241  .297  .364   .661
Albies,Ozzie#      121  314  299   70  25   0   8  119   30   29   11   61   1   0  3   3  2  .234  .261  .398   .659
Montero,Elehuris    66  162  154   34  12   1   4   60   14   19    7   52   0   0  1   0  0  .221  .253  .390   .643
Gorman,Nolan*      117  361  333   68  18   0  14  128   33   40   24  121   1   0  3   1  0  .204  .258  .384   .642
Marte,Ketel#        58  202  183   37  11   1   5   65   16   17   19   32   3   0  0   0  0  .202  .277  .355   .632
Abrams,CJ*         116  301  286   73  12   1   3   96   20   17    8   44   0   2  0   8  2  .255  .288  .336   .624
Perdomo,Geraldo#    90  285  243   50   4   3   6   78   30   23   30   57   1   9  1   6  3  .206  .297  .321   .618
Stott,Bryson*      104  256  237   52  16   2   3   81   26   22   17   65   0   0  1   7  2  .219  .273  .342   .615
Sanchez,Jesus*     133  372  341   66  14   4  11  121   33   36   26  104   1   0  4   1  1  .194  .250  .355   .605
Stassi,Max          41  132  118   24   6   0   1   33    7    3   12   55   0   1  0   0  0  .203  .282  .280   .562
Castellanos,Nick   127  435  411   88  13   0   9  128   25   45   16  109   1   0  3   3  3  .214  .249  .311   .560
Molina,Yadier       27   67   65   15   0   0   1   18    5    3    1    8   0   0  1   1  0  .231  .239  .277   .516
Ruiz,Keibert#       35  127  116   20   7   0   1   30    8    8    8   15   1   1  2   0  0  .172  .222  .259   .481
DeJong,Paul         89   98   88   11   3   0   3   23    9    5    6   48   0   0  0   1  1  .125  .214  .261   .475
Soler,Jorge         24   59   54    6   2   0   1   11    2    1    5   21   0   0  0   0  0  .111  .186  .204   .390
                   162 6044 5507 1231 317  23 174 2116  601  581  428 1495  18  13 34  94 30  .224  .285  .384   .670

Co Operators         G   GS CG    IP    H    R   ER  HR  SH SF  HP   BB    K  IB   W   L   Pct Sv SHO    WHIP   ERA
Diaz,Edwin          22    0  0  23.0   10    3    3   0   0  0   2    8   40   0   2   2  .500 12   0    .783  1.17
Flaherty,Jack       14    0  0  41.2   24   10   10   1   1  1   4   22   44   2   2   0 1.000  0   0   1.104  2.16
Floro,Dylan         15    0  0  16.2   16    4    4   1   0  0   0    5   14   0   1   0 1.000  0   0   1.260  2.16
Wright,Kyle         31   31  1 184.1  147   70   66  25   1  2   9   60  184   1  11  11  .500  0   0   1.123  3.22
Montgomery,Jorda    32   32  0 194.1  169   82   71  27   2  3  11   39  173   1  11  11  .500  0   0   1.070  3.29
Oviedo,Johan        20    2  0  50.2   44   22   20   3   1  0   3   19   40   1   0   4  .000  4   0   1.243  3.55
Wesneski,Hayden      5    0  0   9.2    8    4    4   2   0  1   0    1   10   0   1   1  .500  0   0    .931  3.72
Peterson,David*     50    0  0 109.1   88   51   47  14   0  7   6   55  128   2   3   6  .333  3   0   1.308  3.87
Rogers,Tyler        29    0  0  34.1   30   16   15   1   0  1   3   14   23   2   2   3  .400  0   0   1.282  3.93
Suarez,Ranger*      31   31  0 174.1  163   93   78  19   1 10   1   70  133   1   7  10  .412  0   0   1.337  4.03
Thompson,Keegan     49    0  0 100.0   88   55   51  20   0  3  10   37   95   2   4   6  .400  7   0   1.250  4.59
Scott,Tanner*       67    0  0  66.2   56   39   35   5   0  1   4   43   70   4   3   6  .333 11   0   1.485  4.73
Detmers,Reid*       24   24  0 123.1  113   70   65  20   1  5  11   47   87   1   4   9  .308  0   0   1.297  4.74
Estevez,Carlos      34    0  0  41.0   40   23   23   7   0  0   2   15   33   2   0   2  .000  0   0   1.341  5.05
Anderson,Ian        20   20  0  98.1  100   61   58  15   1  0   1   45   93   0   6  10  .375  0   0   1.475  5.31
Eflin,Zach          21   12  0  80.1   92   57   49  16   2  2   6   16   70   0   5   7  .417  0   0   1.344  5.49
Megill,Tylor        19    0  0  32.2   34   25   25  10   0  0   0   11   35   0   0   2  .000  0   0   1.378  6.89
Rogers,Trevor*      10   10  0  48.1   57   37   37   8   0  2   1   19   44   1   1   6  .143  0   0   1.572  6.89
Bird,Jake           21    0  0  25.0   23   22   22   6   0  0   3   15   23   2   0   2  .000  0   0   1.520  7.92
Jansen,Kenley        4    0  0   3.0    5    4    4   3   0  0   0    1    4   0   0   1  .000  1   0   2.000 12.00
                   162  162  1  1457 1307  748  687 203  10 38  77  542 1343  22  63  99  .389 38   9   1.269  4.24

Coop d'etat          G   PA   AB    H  2B  3B  HR   TB    R  RBI   BB    K  IB  SH SF  SB CS   Avg    OB   Slg    OPS
Mazeika,Patrick*    10   35   34   10   4   0   2   20    5    6    1    6   0   0  0   0  0  .294  .314  .588   .902
Morel,Christophe   118  403  372  107  18   3  23  200   58   53   26  136   2   1  2  10  7  .288  .334  .538   .872
Wisdom,Patrick     121  361  329   75  24   0  29  186   55   62   25  128   0   1  1   6  3  .228  .292  .565   .857
Alonso,Pete        159  687  604  149  33   0  43  311  102   96   68  126  25   0  6   6  0  .247  .329  .515   .844
Harris II,Michae   105  376  355   98  26   2  17  179   54   40   19  101   4   0  1  18  3  .276  .314  .504   .818
Arenado,Nolan      102  434  391   90  33   2  16  175   50   40   36   58   5   0  2   4  2  .230  .302  .448   .750
Fortes,Nick         54  177  163   41   7   0   7   69   16   27   12   36   1   0  0   3  3  .252  .311  .423   .734
Schwarber,Kyle*    137  468  413   77  11   2  32  188   57   62   48  135   1   0  5   8  1  .186  .271  .455   .726
Marte,Starling      61  219  201   50   8   1   8   84   21   30   11   48   1   0  2   8  6  .249  .301  .418   .719
d'Arnaud,Travis    116  464  435   96  27   2  21  190   50   60   17  107   0   0  2   0  0  .221  .265  .437   .702
Drury,Brandon       62  246  223   50  13   2   8   91   26   31   18   64   1   0  4   1  2  .224  .280  .408   .688
Duvall,Adam         91  205  190   36  16   0  10   82   19   27   10   71   1   0  0   0  1  .189  .249  .432   .681
Trejo,Alan           7   25   25    5   1   0   2   12    2    3    0   10   0   0  0   0  0  .200  .200  .480   .680
Yastrzemski,Mike    62  208  184   32   7   0  12   75   22   24   19   53   0   1  3   2  0  .174  .251  .408   .659
Chisholm Jr.,Jaz    43  140  129   27   5   1   5   49   13   17   10   41   0   0  1   8  1  .209  .264  .380   .644
Grossman,Robbie#   104  265  231   49  19   0   2   74   34   18   29   83   0   0  1   4  2  .212  .309  .320   .629
Hoerner,Nico       162  629  588  145  32   3   6  201   62   47   31   69   1   0  6  29  4  .247  .286  .342   .628
Rodgers,Brendan    136  505  472  103  27   1  13  171   54   38   29   82   1   0  2   0  0  .218  .265  .362   .627
Herrera,Odubel*     41   67   60   14   3   0   0   17    8    5    6   11   0   0  1   1  0  .233  .299  .283   .582
Rios,Edwin*         53  109  107   20   2   0   4   34    8    9    2   48   0   0  0   0  0  .187  .202  .318   .520
                   162 6022 5506 1274 316  19 260 2408  716  695  417 1413  43   3 39 108 35  .231  .290  .437   .728

Coop d'etat          G   GS CG    IP    H    R   ER  HR  SH SF  HP   BB    K  IB   W   L   Pct Sv SHO    WHIP   ERA
Phillips,Evan       28    0  0  36.2   14    4    4   0   0  0   2    6   40   0   5   1  .833  3   0    .545  0.98
Bard,Daniel         60    0  0  64.1   22    7    7   3   0  1   2   18   70   0   1   0 1.000 47   0    .622  0.98
Strider,Spencer     25   25  0 135.2   62   26   25   5   0  2   5   44  200   0  11   2  .846  0   0    .781  1.66
Lawrence,Justin     21    0  0  24.1   28    7    6   1   0  1   0    9   21   1   3   2  .600  1   0   1.521  2.22
Neris,Hector        70    0  0  68.1   50   19   18   2   1  3   8   21   75   4   4   2  .667  0   0   1.039  2.37
Vesia,Alex*         58    0  0  60.0   45   17   17   3   0  0   1   22   92   3   6   3  .667  1   0   1.117  2.55
Stephens,Jackson    40    0  0  55.2   39   16   16   3   0  1   5   28   61   1   0   2  .000  4   0   1.204  2.59
Wheeler,Zack        34   34  0 205.0  161   64   61  16   7  2  12   46  218   3  18   5  .783  0   0   1.010  2.68
Rodriguez,Joely*    35    0  0  38.1   35   14   12   0   0  0   2   16   38   0   3   0 1.000  1   0   1.330  2.82
Gallen,Zac          34   34  1 204.1  139   76   71  22   0  4  17   60  214   3  17   6  .739  0   1    .974  3.13
Hand,Brad*          46    0  0  48.1   44   18   17   2   0  3   5   22   29   1   3   3  .500  3   0   1.366  3.17
Loup,Aaron*         58    0  0  63.2   47   25   25   7   1  4   4   24   51   1   4   1  .800  1   0   1.115  3.53
Floro,Dylan         27    0  0  28.0   24   12   11   3   0  0   0    8   27   1   1   4  .200  2   0   1.143  3.54
Syndergaard,Noah    25   24  0 138.2  124   65   60  19   0  0   3   32   99   2  10   6  .625  0   0   1.125  3.89
Lopez,Pablo         19   19  0 105.1   84   49   46  17   0  3   5   35   94   0   5   6  .455  0   0   1.130  3.93
Gibson,Kyle         13   13  0  73.1   76   34   32  12   1  4   2   18   57   0   6   3  .667  0   0   1.282  3.93
Manaea,Sean*         5    2  0  20.0   18    9    9   1   0  0   0    3   24   0   2   1  .667  0   0   1.050  4.05
Kennedy,Ian         19    0  0  20.2   17   10   10   6   0  0   0    7   17   0   2   2  .500  0   0   1.161  4.35
Estevez,Carlos      26    0  0  26.2   25   19   18   3   0  5   0   16   21   2   2   3  .400  1   0   1.538  6.08
Urena,Jose          14   10  0  58.2   66   45   44   3   0  2   1   36   32   0   3   4  .429  0   0   1.739  6.75
Senzatela,Antoni     1    1  0   3.2    7    5    5   3   0  0   0    1    2   0   0   0  .000  0   0   2.182 12.27
                   162  162  1  1479 1127  541  514 131  10 35  74  472 1482  22 106  56  .654 64  17   1.081  3.13

Dou's Crew           G   PA   AB    H  2B  3B  HR   TB    R  RBI   BB    K  IB  SH SF  SB CS   Avg    OB   Slg    OPS
Mercedes,Yermin      3    8    8    3   2   0   0    5    1    1    0    2   0   0  0   0  0  .375  .375  .625  1.000
Maton,Nick*         50   92   75   22   4   1   5   43   11   11   17   22   0   0  0   0  0  .293  .424  .573   .997
Freeman,Freddie*   162  715  621  194  56   3  19  313   93   82   82   91  18   0  7  15  3  .312  .393  .504   .897
De La Cruz,Bryan    30   95   85   23   6   0   4   41   13    9    8   23   0   0  1   1  1  .271  .337  .482   .819
Contreras,Willso    47  195  164   35   8   1  10   75   27   27   22   54   0   0  2   1  0  .213  .328  .457   .785
Marsh,Brandon*      64  218  199   59  10   1   2   77   25   23   14   62   0   2  3   4  3  .296  .338  .387   .725
Nootbaar,Lars*      78  279  244   51  10   4  10   99   27   25   33   72   1   0  2   4  0  .209  .301  .406   .707
Segura,Jean        109  315  293   71   5   0  12  112   27   31   16   46   0   0  3  11  6  .242  .286  .382   .668
Turner,Trea        162  722  690  177  32   1  17  262   84   95   29  170   3   0  3  30  5  .257  .285  .380   .665
Kim,Ha-seong       153  629  556  127  31   1  12  196   73   51   58  128   1   4  3  16  5  .228  .309  .353   .662
Varsho,Daulton*    138  551  492   95  16   2  25  190   56   68   49  153   2   2  3  15  8  .193  .271  .386   .657
Daza,Yonathan       77  292  266   66  15   2   1   88   27   27   23   47   2   0  1   1  1  .248  .312  .331   .643
Turner,Justin       73  315  276   60  18   0   5   93   34   26   32   62   0   0  4   2  2  .217  .302  .337   .639
Happ,Ian#           76  329  299   63  19   0   8  106   30   30   24   83   1   0  2   5  2  .211  .277  .355   .632
Taylor,Chris       128  409  367   81  14   1   7  118   43   35   33  145   3   0  3   8  2  .221  .293  .322   .615
Rendon,Anthony      46  130  111   17   2   0   6   37   12   16   15   26   0   0  3   0  0  .153  .254  .333   .587
Joe,Connor         113  351  307   54  15   3   2   81   25   34   33   73   0   0  4   3  2  .176  .268  .264   .532
Fletcher,David      61  151  139   31   3   0   1   37   10   14    7   11   0   2  2   1  0  .223  .262  .266   .528
Stallings,Jacob     17   53   49    9   1   0   1   13    5    1    4   11   0   0  0   0  0  .184  .245  .265   .510
Call,Alex           54  112   99   17   1   0   1   21   10    2    8   27   0   0  0   3  0  .172  .268  .212   .480
Flores,Wilmer       50  188  173   25   5   0   3   39   15   17   12   37   1   0  1   0  0  .145  .207  .225   .432
                   162 6149 5513 1280 273  20 151 2046  648  625  519 1345  32  10 47 120 40  .232  .303  .371   .674

Dou's Crew           G   GS CG    IP    H    R   ER  HR  SH SF  HP   BB    K  IB   W   L   Pct Sv SHO    WHIP   ERA
Almonte,Yency       19    0  0  23.0    7    1    1   1   0  0   4    4   21   0   3   0 1.000  0   0    .478  0.39
Dominguez,Serant    56    0  0  58.1   35   10    9   3   1  0   2   19   58   0   8   1  .889  6   0    .926  1.39
Bass,Anthony        73    0  0  80.0   55   15   14  10   0  3   1   26   94   4   2   2  .500  0   0   1.013  1.58
Harvey,Hunter       18    0  0  22.1   18    4    4   0   0  1   0    7   38   0   1   0 1.000  0   0   1.119  1.61
Kershaw,Clayton*    25   25  0 145.2  113   45   33   8   1  3   5   21  148   0   8   6  .571  0   0    .920  2.04
Robertson,David     64    0  0  67.2   33   20   20   8   0  1   3   28   90   0   1   6  .143 39   0    .901  2.66
Matzek,Tyler*       40    0  0  51.0   42   17   16   4   0  3   4   30   50   1   5   2  .714  1   0   1.412  2.82
Sandoval,Patrick    16   16  0  91.0   79   32   29   2   1  1   2   40   88   2   6   3  .667  0   0   1.308  2.87
Urias,Julio*        31   31  0 178.0  115   66   61  26   1  8   6   47  176   0  12   8  .600  0   0    .910  3.08
Odorizzi,Jake        9    9  0  50.0   47   22   19   6   0  1   2   17   36   1   2   4  .333  0   0   1.280  3.42
Gray,Jon            26   26  0 144.1  111   58   56  19   0  6   5   46  145   0   6   5  .545  0   0   1.088  3.49
Woodford,Jake       39    0  0  56.0   62   22   22   1   2  0   2   19   24   0   3   3  .500  3   0   1.446  3.54
Hughes,Brandon*     55    0  0  65.2   52   28   27   9   1  4   8   21   82   0   3   6  .333  4   0   1.112  3.70
Cobb,Alex           30   30  0 170.2  156   76   71  14   3  2   6   40  187   0  12   7  .632  0   0   1.148  3.74
Junis,Jakob         36    2  0  61.1   56   30   28   9   1  4   5   24   46   3   7   3  .700  1   0   1.304  4.11
Lee,Dylan*          25    0  0  30.1   32   16   16   7   0  1   0    8   33   1   1   4  .200  0   0   1.319  4.75
Wantz,Andrew        40    0  0  54.2   41   30   29  10   0  1   5   24   53   3   4   3  .571  0   0   1.189  4.77
Luzardo,Jesus*      10   10  0  54.1   47   32   30  10   1  2   1   24   55   0   4   5  .444  0   0   1.307  4.97
Hudson,Dakota        8    5  0  28.0   37   23   17   5   1  1   1   13   13   0   0   2  .000  0   0   1.786  5.46
Wood,Alex*           8    8  0  43.0   55   33   32   9   2  3   2   10   34   0   1   3  .250  0   0   1.512  6.70
                   162  162  0  1475 1193  580  534 161  15 45  64  468 1471  15  89  73  .549 54  11   1.126  3.26

Fentonators          G   PA   AB    H  2B  3B  HR   TB    R  RBI   BB    K  IB  SH SF  SB CS   Avg    OB   Slg    OPS
Thompson,Trayce     24   92   79   23   5   1   3   39   17    5   13   35   0   0  0   2  0  .291  .391  .494   .885
Meneses,Joey        91  240  228   70  16   0   7  107   27   23    6   60   2   0  1   1  0  .307  .338  .469   .807
Hall,Darick*        48  154  144   32  12   0   9   71   19   17    8   49   0   0  0   0  0  .222  .273  .493   .766
Pederson,Joc*      133  453  403   95  17   1  23  183   47   60   40  110   3   0  5   3  1  .236  .309  .454   .763
Suzuki,Seiya        83  211  180   45  11   3   3   71   25   13   27   42   1   0  1   4  2  .250  .355  .394   .749
Hoskins,Rhys       162  659  585  133  32   1  21  230   67   68   64  174   2   0  3   2  0  .227  .310  .393   .703
Rengifo,Luis#       68  253  245   66  10   0   7   97   25   34    7   27   0   0  1   4  0  .269  .289  .396   .685
Garcia,Luis*        69  241  233   60  13   1   6   93   28   19    8   49   1   0  0   2  2  .258  .282  .399   .681
McMahon,Ryan*      131  538  485  105  27   3  16  186   49   46   48  153   0   0  2   7  1  .216  .290  .384   .674
Ozuna,Marcell      129  412  387   82  10   0  23  161   39   57   22  120   0   0  3   1  1  .212  .252  .416   .668
Stubbs,Garrett*      2    9    9    2   2   0   0    4    0    1    0    4   0   0  0   0  0  .222  .222  .444   .666
Pollock,A.J.       123  302  281   63  16   0  10  109   28   28   18   52   0   0  1   1  1  .224  .275  .388   .663
Swanson,Dansby     163  727  683  161  35   0  20  256   69   50   40  193   2   0  2  20 10  .236  .278  .375   .653
Gonzalez,Luis*     107  317  288   65  20   3   3  100   27   26   26   68   0   0  0  11  3  .226  .297  .347   .644
Kelly,Carson       113  395  353   73   9   0  12  118   34   34   34   96   0   0  2   2  0  .207  .286  .334   .620
Edman,Tommy#       160  600  552  124  19   4   8  175   53   54   41  133   2   0  4  32  5  .225  .280  .317   .597
Gomes,Yan           58  202  195   46   7   0   4   65   18   24    6   38   0   0  1   0  2  .236  .257  .333   .590
Grichuk,Randal      73  221  211   41   6   0   4   59   22   16    6   60   0   0  2   1  0  .194  .222  .280   .502
                   163 6025 5541 1286 267  17 179 2124  594  575  414 1463  13   0 28  93 28  .232  .289  .383   .672

Fentonators          G   GS CG    IP    H    R   ER  HR  SH SF  HP   BB    K  IB   W   L   Pct Sv SHO    WHIP   ERA
Almonte,Yency       16    0  0  17.2    8    2    2   2   2  0   1    5   11   1   0   0  .000  1   0    .736  1.02
Hicks,Jordan        35    0  0  59.0   33   14   11   3   2  3   8   32   62   3   4   2  .667  0   0   1.102  1.68
Helsley,Ryan        18    0  0  19.2   10    4    4   3   0  1   0    5   31   0   1   0 1.000 10   0    .763  1.83
Lee,Dylan*          23    0  0  28.1   16    6    6   1   0  1   0    8   38   0   1   2  .333  1   0    .847  1.91
Luzardo,Jesus*      11   11  0  60.1   45   18   14   6   1  0   0   17   86   1   1   2  .333  0   0   1.028  2.09
Minter,A.J.*        73    0  0  75.1   52   25   22   4   0  3   4   21  100   7   6   4  .600  2   0    .969  2.63
Quijada,Jose*       39    0  0  49.2   24   17   15   3   0  4   4   28   55   0   4   1  .800  1   0   1.047  2.72
Darvish,Yu          34   34  2 228.1  164   77   73  29   2  2  11   42  230   1  12  14  .462  0   1    .902  2.88
Sandoval,Patrick    14   14  0  84.0   77   31   29   5   0  2   5   26   77   0   6   4  .600  0   0   1.226  3.11
Doval,Camilo        40    0  0  39.2   28   15   15   3   0  0   2   17   44   0   0   2  .000 25   0   1.134  3.40
Steele,Justin*      25   25  0 132.0  113   55   51   9   2  3   5   61  116   1   7   4  .636  0   0   1.318  3.48
Suarez,Jose*        35    5  0  84.1   76   40   33   9   0  3   5   29   81   1   5   6  .455  3   0   1.245  3.52
Elder,Bryce          5    3  0  24.2   20   10   10   0   0  2   0   12   18   0   2   1  .667  0   0   1.297  3.65
Rodon,Carlos*       14   14  0  78.1   68   37   32   7   2  4   2   36  118   0   1   7  .125  0   0   1.328  3.68
Miley,Wade*         23    0  0  34.2   30   15   15   4   0  0   1   16   25   2   3   2  .600  4   0   1.327  3.89
Clevinger,Mike      17   14  0  87.1   81   43   40  10   1  3  12   34   63   1   3   6  .333  0   0   1.317  4.12
Brebbia,John        62    3  0  83.2   95   46   39  11   0  3   1   26   82   4   8   5  .615  0   0   1.446  4.20
Harvey,Hunter       21    0  0  23.1   32   11   11   2   0  0   1    6   32   0   1   4  .200  1   0   1.629  4.24
Sanchez,Anibal       6    6  0  33.1   27   17   17   6   1  0   1   13   29   0   2   2  .500  0   0   1.200  4.59
Walker,Taijuan      34   34  0 188.2  203  107  100  27   2  7   5   52  156   0  14  12  .538  0   0   1.352  4.77
Weems,Jordan        28    0  0  37.0   36   20   20   6   0  0   0   10   36   1   1   1  .500  0   0   1.243  4.86
                   163  163  2  1469 1238  610  559 150  15 41  68  496 1490  23  82  81  .503 48  14   1.180  3.42

Incarnations         G   PA   AB    H  2B  3B  HR   TB    R  RBI   BB    K  IB  SH SF  SB CS   Avg    OB   Slg    OPS
Betts,Mookie       162  702  631  156  45   0  24  273   76   85   55  125   4   0  6  15  2  .247  .314  .433   .747
Myers,Wil           95  292  265   69  10   0  11  112   34   37   23  102   0   0  3   2  0  .260  .318  .423   .741
Dickerson,Corey*   108  329  309   81  23   0  10  134   31   44   17   52   0   0  3   0  0  .262  .298  .434   .732
Bryant,Kris         83  184  167   44  15   0   2   65   19   22   15   28   1   0  0   0  0  .263  .332  .389   .721
Nimmo,Brandon*     152  675  598  145  28   4  12  217   84   54   62  126   1   3  3   4  1  .242  .320  .363   .683
Naquin,Tyler*       21   75   66   16   5   1   0   23    4    7    7   12   0   2  0   1  0  .242  .315  .348   .663
Leblanc,Charles     51  177  164   40  10   0   3   59   20   13   12   48   0   0  0   2  0  .244  .299  .360   .659
Cron,C.J.          139  493  451   97  18   1  16  165   59   55   30  127   0   0  1   0  0  .215  .280  .366   .646
Crawford,Brandon   136  484  433   91  18   2   9  140   54   39   40  109   2   0  3   0  1  .210  .287  .323   .610
Nido,Tomas          80  280  245   55  12   0   5   82   21   28   16   76   0  15  3   0  0  .224  .272  .335   .607
Hernandez,Cesar#   122  433  394   94  21   2   0  119   31   31   34   80   0   3  2   6  0  .239  .298  .302   .600
Rivera,Emmanuel    115  331  308   55  14   3  11  108   29   35   18   77   1   0  2   0  1  .179  .230  .351   .581
Estrada,Thairo     124  386  359   76  10   1   7  109   42   41   19   65   0   0  3  16  8  .212  .259  .304   .563
Barnes,Austin       48  177  158   28   2   0   6   48   16   24   11   34   1   2  1   1  0  .177  .251  .304   .555
Sosa,Edmundo        65  139  129   24   6   5   0   40   13    6    2   42   0   1  1   2  0  .186  .232  .310   .542
Berti,Jon          111  386  355   71  19   3   1   99   38   24   29   98   1   0  1  42  4  .200  .262  .279   .541
Hernandez,Yadiel    74  209  197   40   8   0   2   54   10   11   10   49   0   0  0   2  0  .203  .249  .274   .523
Anderson,Brian      60  152  139   24   5   0   2   35   12    8   10   55   0   0  0   0  0  .173  .243  .252   .495
McCann,James        45  167  151   27   4   0   2   37   15   17    7   50   0   0  2   3  0  .179  .246  .245   .491
                   162 6069 5519 1233 273  22 123 1919  608  581  417 1355  11  26 34  96 17  .223  .285  .348   .633

Incarnations         G   GS CG    IP    H    R   ER  HR  SH SF  HP   BB    K  IB   W   L   Pct Sv SHO    WHIP   ERA
Nelson,Kyle*        35    0  0  42.1   27   11   10   3   1  3   1   20   37   1   0   1  .000  1   0   1.110  2.13
Alcantara,Sandy     34   34  8 243.2  187   83   71  17   0  7   9   55  221   4  11   9  .550  0   2    .993  2.62
Gallegos,Giovann    60    0  0  65.0   36   19   19  11   0  1   0   22   78   1   0   3  .000 27   0    .892  2.63
Tepera,Ryan         49    0  0  62.1   51   21   20   3   1  4   2   30   59   5   3   1  .750  4   0   1.299  2.89
Smith,Drew          46    0  0  50.1   41   26   19  11   0  1   0   18   42   2   5   3  .625  2   0   1.172  3.40
Ferguson,Caleb*     28    0  0  37.0   29   15   14   0   0  0   1   12   48   1   1   1  .500  1   0   1.108  3.41
Scherzer,Max        25   25  2 158.0  143   67   62  19   2  3   9   20  204   0  11   9  .550  0   1   1.032  3.53
Boxberger,Brad      71    0  0  71.2   69   32   29   8   0  3   1   32   73   3   7   3  .700  2   0   1.409  3.64
Stroman,Marcus      26   26  0 147.1  126   66   64  18   0  3   5   41  127   1  11  10  .524  0   0   1.133  3.91
Gore,MacKenzie*     28    5  0  81.0   78   41   37  10   0  2   4   32   77   2   2   5  .286  1   0   1.358  4.11
Cotton,Jharel       21    0  0  28.0   18   15   13   5   0  1   2   17   25   2   1   1  .500  0   0   1.250  4.18
Buehler,Walker       8    8  0  45.1   54   25   23   5   0  1   1   18   38   0   3   1  .750  0   0   1.588  4.57
Gausman,Kevin       33   33  0 190.0  223  112  104  24   0  8   2   33  225   1   8  18  .308  0   0   1.347  4.93
Hill,Tim*           53    0  0  51.0   64   34   32   3   0  1   6   24   22   2   0   5  .000  2   0   1.725  5.65
Chavez,Jesse        34    0  0  36.0   51   25   25   5   0  1   0   13   45   2   0   4  .000  0   0   1.778  6.25
Carrasco,Carlos     31   31  0 162.0  210  121  115  22   0  9   4   57  157   1   5  20  .200  0   0   1.648  6.39
                   162  162 10  1471 1407  713  657 164   4 48  47  444 1478  28  68  94  .420 40  11   1.258  4.02

Morgen Grinders      G   PA   AB    H  2B  3B  HR   TB    R  RBI   BB    K  IB  SH SF  SB CS   Avg    OB   Slg    OPS
Goldschmidt,Paul    96  434  379  113  24   0  17  188   60   46   50   99   2   0  1   1  1  .298  .385  .496   .881
Villar,David        41   92   84   22   6   0   6   46   11   13    7   32   0   0  0   0  0  .262  .326  .548   .874
Ohtani,Shohei*     158  696  623  172  40  10  29  319  108   79   64  171   2   2  2  14  7  .276  .347  .512   .859
Grissom,Vaughn      46  152  132   43   4   0   4   59   21   15   14   27   2   0  2   6  2  .326  .401  .447   .848
Riley,Austin       162  706  620  166  37   2  31  300   89  114   58  193   3   0  9   2  1  .268  .344  .484   .828
Herrera,Jose#        2    5    5    2   0   0   0    2    0    0    0    0   0   0  0   0  0  .400  .400  .400   .800
Ward,Taylor        154  662  582  157  29   0  19  243   85   79   71  147   7   0  3   8  2  .270  .353  .418   .771
Donovan,Brendan*    91  338  296   76   9   1   7  108   43   27   33   65   0   0  1   2  3  .257  .346  .365   .711
Yepez,Juan          62  130  123   32   7   0   4   51   20    9    5   24   1   0  2   0  0  .260  .285  .415   .700
Realmuto,J.T.      161  664  592  137  19   4  20  224   81   73   54  160   7   0  5  22  5  .231  .307  .378   .685
Wade Jr.,LaMonte     8   29   26    6   3   0   0    9    1    4    1    5   0   0  0   0  1  .231  .310  .346   .656
Marte,Ketel#        45  136  126   26  14   0   3   49    9   14   10   25   0   0  0   2  0  .206  .265  .389   .654
Peralta,David*     140  422  385   81  23   6   8  140   32   54   33  101   2   0  1   1  2  .210  .277  .364   .641
Vierling,Matt       67  166  152   36   8   0   2   50   14   15   11   41   0   0  1   3  3  .237  .295  .329   .624
Davis,J.D.          51  167  149   33   9   0   2   48   11   18   12   60   1   0  1   1  5  .221  .299  .322   .621
Rojas,Miguel       159  580  544  121  17   3   6  162   45   41   23   78   0   0  6  13  2  .222  .260  .298   .558
Grisham,Trent*     162  612  540   94  12   5  14  158   46   55   45  191   0  15  6   9  3  .174  .243  .293   .536
Arcia,Orlando       37   76   67    8   2   0   1   13    4    4    8   24   1   0  0   0  0  .119  .224  .194   .418
Wade,Tyler*         55   49   47    8   1   0   0    9    4    2    2   19   0   0  0   3  3  .170  .204  .191   .395
Adams,Riley          6   11    9    0   0   0   0    0    0    0    2    2   0   0  0   0  0  .000  .182  .000   .182
Belt,Brandon*        4   14   12    0   0   0   0    0    0    0    2    4   0   0  0   0  0  .000  .143  .000   .143
                   162 6141 5493 1333 264  31 173 2178  684  662  505 1468  28  17 40  87 40  .243  .314  .397   .711

Morgen Grinders      G   GS CG    IP    H    R   ER  HR  SH SF  HP   BB    K  IB   W   L   Pct Sv SHO    WHIP   ERA
Bleier,Richard*     21    0  0  25.0   24    3    3   0   1  0   1    2   16   0   0   0  .000  0   0   1.040  1.08
Herget,Jimmy        49    0  0  73.1   34   12   12   7   1  1   0   13   79   2   4   0 1.000  6   0    .641  1.47
Diaz,Edwin          35    0  0  37.0   21    7    7   3   0  0   0    9   69   0   1   2  .333 25   0    .811  1.70
Suarez,Robert       48    0  0  44.2   20   10    9   4   1  0   4   24   54   0   4   2  .667  2   0    .985  1.81
Anderson,Tyler*     20   20  0 114.2   67   30   29  10   0  2   3   23  101   0  11   4  .733  0   0    .785  2.28
Wesneski,Hayden      8    0  0  15.2    8    4    4   3   0  3   1    3   15   0   0   4  .000  0   0    .702  2.30
Nola,Aaron          34   34  3 217.2  172   68   64  20   0  1   7   22  250   0  16   5  .762  0   0    .891  2.65
McHugh,Collin       60    0  0  70.2   55   25   23  10   0  2   7    9   70   0   5   6  .455  3   0    .906  2.93
Ohtani,Shohei       35   35  0 188.2  152   69   63  16   0  3   5   55  246   1  12   9  .571  0   0   1.097  3.01
Webb,Logan          33   33  0 197.0  165   70   67  13   0  2   6   61  164   1  17   6  .739  0   0   1.147  3.06
Mantiply,Joe*       54    0  0  59.2   52   21   21  12   0  1   1    5   54   1   7   3  .700  2   0    .955  3.17
Garcia,Luis         62    0  0  61.2   57   26   24   4   2  3   4   18   66   0   4   2  .667  2   0   1.216  3.50
Kimbrel,Craig       55    0  0  61.1   39   25   25   5   0  2   3   27   80   2   3   3  .500 20   0   1.076  3.67
Heaney,Andrew*       6    6  0  31.2   18   14   13   4   0  0   2   13   45   0   2   1  .667  0   0    .979  3.69
Bassitt,Chris       27   27  0 168.2  151   85   74  20   0  6  15   62  141   0  10  12  .455  0   0   1.263  3.95
Rucker,Michael      30    0  0  48.0   44   25   25  13   0  0   0   12   34   0   2   0 1.000  0   0   1.167  4.69
Bumgarner,Madiso     4    3  0  18.1   18   12   12   3   0  0   0    8   13   0   1   0 1.000  0   0   1.418  5.89
Brogdon,Connor      14    0  0  18.1   19   12   12   3   0  1   1    4   18   0   2   1  .667  0   0   1.255  5.89
Oviedo,Johan         4    4  0  16.1   19   12   12   3   0  0   1    7   17   0   1   0 1.000  0   0   1.592  6.61
                   162  162  3  1468 1135  530  499 153   5 27  61  377 1532   7 102  60  .630 60  16   1.030  3.06

Rivercrypts          G   PA   AB    H  2B  3B  HR   TB    R  RBI   BB    K  IB  SH SF  SB CS   Avg    OB   Slg    OPS
Pujols,Albert       50  134  121   37   5   0   7   63   22   20   10   24   0   0  0   0  2  .306  .373  .521   .894
Harper,Bryce*      133  482  423  114  37   2  20  215   59   76   51  109   0   0  2  10  6  .270  .355  .508   .863
Machado,Manny      155  693  635  183  56   2  28  327  101   94   54  163   0   0  4   9  4  .288  .342  .515   .857
Bohm,Alec           86  263  249   77  16   4   6  119   32   40   13   48   1   0  0   0  0  .309  .346  .478   .824
Soto,Juan*         163  709  577  126  22   2  27  233   96   82  121  120   3   0  7   7  2  .218  .354  .404   .758
Profar,Jurickson   163  705  613  151  44   2  18  253   88   88   79  114   1   3  5   5  2  .246  .335  .413   .748
Ruiz,Keibert#       43  155  139   36   5   0   4   53   15   16   12   11   0   0  2   2  0  .259  .323  .381   .704
Cooper,Garrett     138  510  461  102  38   1  12  178   55   57   35  139   0   0  1   0  0  .221  .294  .386   .680
Bote,David          12   15   12    3   1   0   0    4    2    4    1    7   0   0  1   0  0  .250  .333  .333   .666
Azocar,Jose         93   92   89   27   3   0   0   30   14    7    3   24   0   0  0   1  2  .303  .326  .337   .663
Cronenworth,Jake   163  737  654  141  35   9  13  233   92   62   67  146   3   0  3   3  1  .216  .299  .356   .655
Nola,Austin        123  471  422  105  21   0   4  138   48   40   38   83   1   0  3   3  1  .249  .321  .327   .648
Iglesias,Jose      133  504  480  118  28   0   1  149   45   45   17   79   1   0  3   1  4  .246  .276  .310   .586
Bellinger,Cody*    115  401  376   64  18   5  12  128   30   48   21  117   0   0  4  13  2  .170  .212  .340   .552
Robles,Victor       71  213  180   41   1   1   1   47   24   21    8   55   1  16  2   8  2  .228  .284  .261   .545
Wendle,Joey*        52  169  157   30   7   0   1   40   16   15   10   23   0   0  1   5  2  .191  .243  .255   .498
Knizner,Andrew       6    6    6    1   0   0   0    1    0    0    0    2   0   0  0   0  0  .167  .167  .167   .334
Molina,Yadier       12   11   10    0   0   0   0    0    0    1    0    5   0   0  1   0  0  .000  .000  .000   .000
                   163 6269 5604 1356 337  28 154 2211  739  716  540 1269  11  19 39  67 30  .242  .314  .395   .709

Rivercrypts          G   GS CG    IP    H    R   ER  HR  SH SF  HP   BB    K  IB   W   L   Pct Sv SHO    WHIP   ERA
Gonsolin,Tony       26   26  0 153.2   84   28   22   9   1  1   6   31  125   0  13   3  .813  0   0    .748  1.29
Iglesias,Raisel      8    0  0   6.2    6    1    1   0   0  0   1    6   10   1   0   0  .000  3   0   1.800  1.35
Alvarado,Jose*      26    0  0  27.2   15    5    5   2   0  0   1    8   36   1   0   0  .000  4   0    .831  1.63
Wilson,Steven       50    0  0  60.1   37   20   20   5   1  1   3   16   53   2   1   4  .200  2   0    .878  2.98
Falter,Bailey*       8    8  0  42.2   35   17   16   8   0  0   5    8   41   0   2   1  .667  0   0   1.008  3.38
Machado,Andres      41    0  0  51.1   42   20   20   6   0  1   4   29   42   1   2   2  .500  0   0   1.383  3.51
Garrett,Braxton*    10   10  0  55.2   51   23   22   6   0  1   5   15   60   1   4   5  .444  0   0   1.186  3.56
Cueto,Johnny        32   32  1 199.2  209   81   79  19   2  9   5   53  130   2   9  14  .391  0   1   1.312  3.56
deGrom,Jacob        11   11  0  65.0   47   28   26  14   0  1   0   10   97   0   3   4  .429  0   0    .877  3.60
Espino,Paolo        11    0  0  18.1   21   11    8   3   0  0   0    4   10   0   2   0 1.000  1   0   1.364  3.93
Crismatt,Nabil      51    1  0  61.2   56   28   27   6   0  2   3   24   61   4   4   1  .800  2   0   1.297  3.94
Bellatti,Andrew     50    0  0  55.2   49   28   26   3   0  2   3   34   75   3   3   6  .333  0   0   1.491  4.20
Mikolas,Miles       13   10  0  77.2   78   40   37  20   1  1   1   17   61   2   4   3  .571  1   0   1.223  4.29
Martinez,Nick       50    3  0 116.2  106   63   57  22   2  2   5   46   97   3  11   9  .550 12   0   1.303  4.40
Musgrove,Joe        35   35  0 212.0  204  109  105  33   4  3  14   56  217   2  11  10  .524  0   0   1.226  4.46
Jansen,Kenley       23    0  0  20.2   22   12   12   4   0  0   1    9   33   0   1   2  .333 10   0   1.500  5.23
Smyly,Drew*         23   23  0 114.1  120   70   69  31   1  2  11   28  106   0   5   7  .417  0   0   1.294  5.43
Williams,Trevor     33    4  0  79.0   92   52   50  16   0  2   8   24   81   4   5   3  .625  1   0   1.468  5.70
Rogers,Tyler        19    0  0  18.1   30   14   14   0   0  0   1    8   15   1   0   1  .000  1   0   2.073  6.87
Givens,Mychal       43    0  0  38.2   40   31   30  11   0  4   5   27   40   4   3   5  .375  5   0   1.733  6.98
                   163  163  1  1475 1344  681  646 218  12 32  82  453 1390  31  83  80  .509 42   7   1.218  3.94

Skramalonians        G   PA   AB    H  2B  3B  HR   TB    R  RBI   BB    K  IB  SH SF  SB CS   Avg    OB   Slg    OPS
Adrianza,Ehire#      2    1    1    1   0   0   0    1    0    2    0    0   0   0  0   0  0 1.000 1.000 1.000  2.000
Rosario,Eddie*       1    2    2    1   1   0   0    2    0    0    0    1   0   0  0   0  0  .500  .500 1.000  1.500
Trout,Mike         140  536  464  127  31   0  34  260   77   94   63  164   5   0  3   1  0  .274  .366  .560   .926
Contreras,Willia   100  387  337   95  15   1  24  184   55   66   48  112   6   0  2   2  0  .282  .370  .546   .916
Garrett,Stone       35   85   78   21   6   0   5   42   10   14    6   35   0   0  0   2  0  .269  .329  .538   .867
Thompson,Trayce     69  201  177   45   6   1  13   92   30   30   22   77   2   0  0   0  0  .254  .343  .520   .863
Bouchard,Sean       31   94   79   24   5   0   1   32   16   13   14   23   1   0  0   0  0  .304  .415  .405   .820
McCarthy,Jake*     113  397  351   99  19   2  11  155   56   35   33   81   0   3  2  28  5  .282  .355  .442   .797
Lindor,Francisco   162  763  696  179  27   5  37  327  112  109   49  161   4   0  7  14  6  .257  .313  .470   .783
Wong,Kolten*       129  508  445  122  28   4   9  185   70   53   48  107   2   0  4  20  8  .274  .356  .416   .772
McNeil,Jeff*       146  676  611  176  53   1   4  243   83   59   51   87   2   0  3   5  2  .288  .352  .398   .750
Rivas,Alfonso*      24   51   46   12   1   1   1   18    6    3    4   15   0   0  0   2  0  .261  .333  .391   .724
Escobar,Eduardo#   119  448  418   97  20   1  15  164   43   60   24  106   1   0  4   1  2  .232  .275  .392   .667
McKinstry,Zach*      5    3    3    1   0   0   0    1    0    0    0    1   0   0  0   0  1  .333  .333  .333   .666
Mazara,Nomar*       59  188  174   43  15   0   1   61   19    9   12   48   0   0  0   0  0  .247  .303  .351   .654
Rojas,Josh*        127  475  432   99  23   1   9  151   51   62   36  107   4   3  3  21  4  .229  .288  .350   .638
Walker,Christian   162  705  622  117  25   0  28  226   69   98   61  154   1   0 16   0  2  .188  .261  .363   .624
Slater,Austin      102  346  303   65   8   0   8   97   43   31   37  119   1   0  3  11  4  .215  .303  .320   .623
Luplow,Jordan       36  110  101   19   1   0   6   38   20   10    6   33   0   0  1   3  0  .188  .245  .376   .621
Diaz,Elias          94  358  340   65  23   0   7  109   33   39   17   92   1   0  1   0  0  .191  .229  .321   .550
Thaiss,Matt*        18   39   30    4   0   0   0    4    7    1    9   16   0   0  0   0  0  .133  .333  .133   .466
                   162 6336 5677 1405 305  17 213 2383  800  788  536 1526  30   6 49 110 34  .247  .317  .420   .737

Skramalonians        G   GS CG    IP    H    R   ER  HR  SH SF  HP   BB    K  IB   W   L   Pct Sv SHO    WHIP   ERA
Thompson,Zack*      21    0  0  34.1   13    2    2   2   0  1   0   10   22   0   2   0 1.000  0   0    .670  0.52
Helsley,Ryan        47    0  0  55.1   25   11   10   8   0  2   0   13   76   0   2   4  .333 26   0    .687  1.63
Ramirez,Erasmo      60    3  0  91.0   79   24   23   8   2  0   6   12   61   1   5   3  .625  0   0   1.000  2.27
Sampson,Adrian      22   21  0 118.0  113   36   35  11   1  4   2   27   91   0   5   3  .625  0   0   1.186  2.67
Rodon,Carlos*       18   18  0 107.1   91   36   34  10   0  4   1   22  144   0   9   3  .750  0   0   1.053  2.85
Barria,Jaime        40    0  0  83.1   69   34   32  15   1  2   1   27   57   3  10   4  .714  2   0   1.152  3.46
Ottavino,Adam       56    0  0  70.1   60   31   28   9   0  1   8   30   75   9   5   8  .385  2   0   1.280  3.58
Elder,Bryce          5    5  1  31.0   24   13   13   2   0  0   4   15   26   0   3   1  .750  0   1   1.258  3.77
Fried,Max*          32   32  0 210.2  201   94   89  14   1  5  11   41  185   1  14   4  .778  0   0   1.149  3.80
Hendricks,Kyle      17   17  0  89.1   82   46   38  14   1  0   4   25   72   0   8   4  .667  0   0   1.198  3.83
Doval,Camilo        22    0  0  21.0   21    9    9   1   0  0   0    9   26   1   1   3  .250 15   0   1.429  3.86
Kelly,Merrill       33   33  1 211.0  191  100   93  26   0  7   2   69  167   1  12   8  .600  0   0   1.232  3.97
Finnegan,Kyle       71    0  0  74.0   74   38   34   8   0  2   0   28   79   1   4   7  .364  4   0   1.378  4.14
Quintana,Jose*      11   11  0  57.1   63   31   30   3   2  0   0   16   52   0   1   4  .200  0   0   1.378  4.71
Lorenzen,Michael    12   12  0  51.0   42   34   27   7   1  3   3   25   35   0   0   4  .000  0   0   1.314  4.76
Edwards Jr.,Carl    53    0  0  63.0   70   38   35  10   0  6   1   24   47   1   5   2  .714  1   0   1.492  5.00
Clevinger,Mike      10   10  0  48.1   42   31   29   8   0  2   7   19   33   0   3   2  .600  0   0   1.262  5.40
Garcia,Jarlin*      62    0  0  72.1   79   48   45  17   2  3   2   21   64   4   3   4  .429  2   0   1.382  5.60
Davidson,Tucker*     5    0  0   4.1    8    5    5   0   0  0   0    5    2   0   1   1  .500  0   0   3.000 10.38
                   162  162  1  1484 1338  656  606 171  11 42  52  436 1304  22  93  69  .574 52  11   1.195  3.68

