NOTE: File contains minor inaccuarcies to individual statistics due to data corruption.

Avery Deemers        G   PA   AB    H  2B  3B  HR   TB    R  RBI   BB    K  IB  SH SF  SB CS   Avg    OB   Slg    OPS
Seager,Corey*       77  313  262   95  20   0  15  160   49   43   46   47   4   0  4   2  0  .363  .454  .611  1.065
Stewart,D.J.*       69  168  151   42   3   1  16   95   26   31   11   50   0   1  2   1  1  .278  .335  .629   .964
Harper,Bryce*       79  370  315   84  14   2  24  174   56   49   52   92   3   0  2   8  3  .267  .370  .552   .922
Contreras,Willso    83  354  295   64  17   0  15  126   42   46   38   79   0   0  3   5  1  .217  .337  .427   .764
Thomas,Lane        148  597  554  131  35   0  30  256   65   76   31  160   0   0  3  19  2  .236  .286  .462   .748
Gomes,Yan           75  274  251   65  13   0  10  108   30   32   17   55   0   0  1   0  0  .259  .318  .430   .748
Stefanic,Michael    11   25   21    6   1   0   0    7    2    1    4    3   0   0  0   0  0  .286  .400  .333   .733
Soler,Jorge         99  346  302   61  18   0  17  130   41   47   40  103   1   0  1   1  0  .202  .301  .430   .731
Happ,Ian#          115  500  426   88  20   1  19  167   60   48   72  116   0   0  2  12  1  .207  .320  .392   .712
Call,Alex          115  424  354   75  15   0  11  123   45   29   57   69   1   0  3   9  5  .212  .335  .347   .682
Goldschmidt,Paul   157  694  616  135  31   0  20  226   83   79   71  204   0   0  3  12  2  .219  .303  .367   .670
McMahon,Ryan*       79  328  285   52  13   1  13  106   31   36   38  121   1   0  3   1  0  .182  .280  .372   .652
Candelario,Jeime   156  608  546  106  40   3  16  200   44   65   49  151   0   0  1  10  0  .194  .275  .366   .641
Stott,Bryson*       81  307  286   70  10   1   4   94   25   25   16   52   1   0  0  14  0  .245  .296  .329   .625
Marsh,Brandon*      68  262  229   50   8   2   3   71   22   18   32   88   2   0  1   7  1  .218  .313  .310   .623
Marte,Starling      19    9    8    2   0   0   0    2    4    1    1    4   0   0  0   3  0  .250  .333  .250   .583
Longoria,Evan       42   55   50    8   2   0   3   19    5   10    3   21   0   0  2   0  0  .160  .200  .380   .580
Lopez,Nicky*        74   64   52   10   2   0   0   12    9    2   10    8   0   0  0   1  0  .192  .344  .231   .575
O'Neill,Tyler       41  112  102   18   6   0   3   33   10    9    8   31   0   0  2   2  0  .176  .232  .324   .556
Tovar,Ezequiel     118  359  336   62  16   1   2   86   35   20   14  123   0   0  1   7  2  .185  .234  .256   .490
O'Hoppe,Logan       20   65   59    6   1   0   2   13    7    6    4   17   0   0  2   0  0  .102  .154  .220   .374
                   162 6203 5474 1228 284  12 223 2205  690  672  610 1583  13   1 36 114 18  .224  .310  .403   .712

Avery Deemers        G   GS CG    IP    H    R   ER  HR  SH SF  HP   BB    K  IB   W   L   Pct Sv SHO    WHIP   ERA
Kimbrel,Craig       36    0  0  34.0   19    8    8   5   0  0   1   17   44   0   2   4  .333 18   0   1.059  2.12
Barlow,Scott        58    0  0  57.0   56   17   17   4   0  1   6   31   53   1   5   2  .714 11   0   1.526  2.68
Soto,Gregory*       66    0  0  72.2   55   27   25   7   0  3   6   31   87   2   2   3  .400  0   0   1.183  3.10
Sanchez,Cristoph    19   19  0 107.0   96   44   40  12   0  0   1   17  102   0   7   5  .583  0   0   1.056  3.36
Yarbrough,Ryan*     54    0  0 110.1  113   44   43  12   1  0   8   16   73   4   6   4  .600  2   0   1.169  3.51
Anderson,Nick       19    0  0  27.2   31   11   11   1   1  1   0    6   29   2   2   1  .667  0   0   1.337  3.58
Brebbia,John        25    0  0  29.1   24   12   12   6   0  0   0   13   33   2   1   2  .333  0   0   1.261  3.68
Minter,A.J.*        30    0  0  29.1   30   13   13   6   0  0   0    9   35   0   1   1  .500  2   0   1.330  3.99
Miley,Wade*         16   16  0  88.2   80   44   43  17   1  3   5   28   64   0   7   6  .538  0   0   1.218  4.36
Perez,Eury          22   22  0 111.0   86   54   54  22   1  1   3   35  127   0   6   8  .429  0   0   1.090  4.38
Jameson,Drey        23    0  0  44.2   52   26   23   7   0  3   2   12   35   0   2   2  .500  1   0   1.433  4.63
Gallen,Zac          21   21  1 125.0  126   74   71  24   1  6   2   30  136   0   6  11  .353  0   0   1.248  5.11
Gibson,Kyle         12   12  0  69.2   71   42   41  10   1  4   2   21   59   0   3   5  .375  0   0   1.321  5.30
Wheeler,Zack        20   20  0 107.0  112   69   66  16   0  2   8   35  120   0   7   6  .538  0   0   1.374  5.55
Smyly,Drew*         58    1  0 128.2  140   90   84  32   0  4   4   50  118   5   0   1  .000  5   0   1.477  5.88
Mikolas,Miles       31   30  0 176.2  221  126  121  35   1  5   7   37  117   0   7  17  .292  0   0   1.460  6.16
Flaherty,Jack       12   12  0  55.1   62   42   40  15   2  2   5   32   56   0   3   4  .429  0   0   1.699  6.51
Wantz,Andrew        34    0  0  32.0   34   26   25   5   0  4   1   18   28   0   3   3  .500  0   0   1.625  7.03
Lynn,Lance           9    9  0  48.1   51   38   38  21   0  0   3   15   46   1   1   6  .143  0   0   1.366  7.08
                   162  162  0  1445 1448  801  769 257   9 39  63  450 1353  16  71  91  .438 39   5   1.313  4.79

B-Rads               G   PA   AB    H  2B  3B  HR   TB    R  RBI   BB    K  IB  SH SF  SB CS   Avg    OB   Slg    OPS
Seager,Corey*       20   88   85   33   8   0   8   65   18   17    2    9   0   0  1   1  0  .388  .398  .765  1.163
Batten,Matthew      58  145  130   53   9   0   2   68   25   10   15   26   1   0  0   0  2  .408  .469  .523   .992
Yastrzemski,Mike    39  108   93   26  10   0   7   57   16   23   13   22   0   0  1   0  1  .280  .370  .613   .983
Abrams,CJ*          58  209  195   62   7   3  11  108   34   34   11   33   0   0  1  12  2  .318  .359  .554   .913
Jones,Nolan*        96  325  275   71  12   4  18  145   48   54   44  104   0   0  1  17  3  .258  .369  .527   .896
Guillorme,Luis*     39  107  103   34  10   2   1   51   11    6    4   38   0   0  0   0  0  .330  .355  .495   .850
Marsh,Brandon*      63  231  197   53  15   1   8   94   28   27   30   70   1   0  2   6  1  .269  .368  .477   .845
McMahon,Ryan*       70  234  215   53  14   0  16  115   29   41   18   76   0   0  0   3  1  .247  .308  .535   .843
Martinez,J.D.      125  533  491  121  22   1  38  259   73   82   37  179   0   0  3   0  0  .246  .300  .527   .827
Wade Jr.,LaMonte   162  690  607  161  16   0  36  285   92   90   67  152   2   6  3   2  1  .265  .344  .470   .814
Outman,James*       93  345  301   68  14   4  17  141   50   47   37  115   1   0  1  11  1  .226  .322  .468   .790
Muncy,Max*         139  538  474   99  19   0  31  211   65   80   60  168   1   0  1   1  0  .209  .301  .445   .746
Harper,Bryce*       83  386  334   84  14   0  11  131   51   22   46   81   4   0  2   8  6  .251  .347  .392   .739
Conforto,Michael   110  266  235   56   4   0  12   96   30   31   26   64   2   0  2   2  0  .238  .320  .409   .729
Stott,Bryson*       65  188  173   44  10   0   4   66   21   20    8   32   0   0  2  12  2  .254  .303  .382   .685
Bailey,Patrick#     98  243  230   59  12   0   6   89   18   21   12   74   0   1  0   1  0  .257  .293  .387   .680
Sabol,Blake*       117  398  364   70  13   1  22  151   49   45   22  150   1   1  4   5  1  .192  .249  .415   .664
Marte,Ketel#        59  266  231   45   6   2   9   82   35   26   31   54   0   0  1   3  0  .195  .297  .355   .652
Grichuk,Randal      63  195  185   39  11   2   6   72   12   22    9   29   1   0  0   2  0  .211  .251  .389   .640
Davis,Jonathan      31   81   69   17   2   0   0   19    7    3    7   13   0   1  0   1  1  .246  .350  .275   .625
Arcia,Orlando       90  368  342   75  16   0   8  115   29   33   24   89   1   0  0   0  0  .219  .274  .336   .610
Rojas,Johan         95  189  176   48   7   0   0   55   17    8    4   55   0   8  0  18  1  .273  .293  .313   .606
Haniger,Mitch       25   60   57    7   1   0   1   11    2    2    2   24   0   0  0   0  0  .123  .167  .193   .360
Hernandez,Kike      20   16   14    0   0   0   0    0    0    1    2    2   0   0  0   0  0  .000  .125  .000   .125
Narvaez,Omar*        2    2    2    0   0   0   0    0    0    0    0    1   0   0  0   0  0  .000  .000  .000   .000
                   162 6211 5578 1378 252  20 272 2486  760  745  531 1660  15  17 25 105 23  .247  .318  .446   .764

B-Rads               G   GS CG    IP    H    R   ER  HR  SH SF  HP   BB    K  IB   W   L   Pct Sv SHO    WHIP   ERA
Martin,Chris        38    0  0  47.0   39    8    7   3   0  0   0   10   39   0   2   2  .500  0   0   1.043  1.34
Hader,Josh*         32    0  0  27.0   18    9    6   2   0  0   1   16   31   0   1   3  .250 20   0   1.259  2.00
Graterol,Brusdar    45    0  0  54.0   50   16   13   4   0  1   5    5   50   0   4   4  .500  1   0   1.019  2.17
Winn,Keaton         14    2  0  51.2   37   16   15   8   0  2   3    9   35   0   3   1  .750  2   0    .890  2.61
Suter,Brent*        49    2  0  82.0   62   35   29   6   1  1  10   33   75   0   6   2  .750  1   0   1.159  3.18
Snell,Blake*        22   22  0 108.0   93   53   44  14   0  3   3   55  133   0   8   4  .667  0   0   1.370  3.67
Soriano,Jose        47    0  0  42.1   45   22   18   4   0  0   6   22   56   3   0   2  .000  1   0   1.583  3.83
Pfaadt,Brandon       9    2  0  26.1   33   12   12   4   0  3   0    6   11   1   0   2  .000  0   0   1.481  4.10
Assad,Javier        32   22  0 133.1  124   64   62  17   0  2   2   63  114   1   8   6  .571  0   0   1.403  4.19
Moore,Matt*         26    0  0  27.2   25   13   13   1   0  1   1    6   33   1   1   4  .200  1   0   1.120  4.23
Stroman,Marcus      20   18  0 106.2   98   62   51   9   0  4   2   42   99   0   7   6  .538  1   0   1.313  4.30
Hudson,Dakota       12    3  0  30.0   30   19   15   2   0  1   3   15   15   0   1   4  .200  0   0   1.500  4.50
Puk,A.J.*           57    0  0  63.1   58   33   33  15   0  1   3   14   85   4   2   7  .222 17   0   1.137  4.69
Leiter Jr.,Mark     73    0  0  68.1   59   40   36  10   0  2  13   29   77   6   2   2  .500  2   0   1.288  4.74
Butto,Jose          10    0  0  25.2   26   14   14   2   0  1   0   13   22   1   1   2  .333  0   0   1.519  4.91
Lorenzen,Michael    34   34  0 193.1  217  119  110  46   1  5   2   56  123   2  10  14  .417  0   0   1.412  5.12
Guillorme,Luis       1    0  0   1.2    3    2    1   0   0  0   0    1    3   0   0   0  .000  0   0   2.400  5.40
Manaea,Sean*        19   18  0  83.0   93   59   52  10   1  2   6   34   72   1   5   7  .417  0   0   1.530  5.64
Canning,Griffin     28   28  0 149.2  175  108  104  39   1  3   7   44  173   0   5  11  .313  0   0   1.463  6.25
Webb,Jacob          44    0  0  49.1   50   38   38   8   1  2   8   37   47   1   3   4  .429  0   0   1.764  6.93
DeSclafani,Antho     3    0  0  12.2   18   10   10   3   0  0   1    1   14   0   0   0  .000  0   0   1.500  7.11
Suarez,Ranger*      11   11  0  60.0   89   58   52  11   1  2   1   22   48   0   2   4  .333  0   0   1.850  7.80
                   162  162  0  1443 1442  810  735 218   6 36  77  533 1355  21  71  91  .438 46   6   1.369  4.58

Co Operators         G   PA   AB    H  2B  3B  HR   TB    R  RBI   BB    K  IB  SH SF  SB CS   Avg    OB   Slg    OPS
Acuna Jr.,Ronald   162  775  669  218  32   7  44  396  155  111   89  112  11   0  4  80  8  .326  .413  .592  1.005
Olson,Matt*        161  731  627  167  34   0  58  375  122  153   94  184   7   0  8   2  0  .266  .360  .598   .958
Adams,Riley         48  129  115   39  10   0   5   64   21   19   10   39   0   2  1   0  0  .339  .394  .557   .951
Seager,Corey*       52  244  214   64  20   0  12  120   37   41   26   42   2   0  3   1  0  .299  .373  .561   .934
Bellinger,Cody*    148  637  586  172  36   2  29  299   88  109   39  118   1   0  6  23  9  .294  .341  .510   .851
Urshela,Gio         71  181  175   67  11   0   0   78   24   21    5   23   0   0  0   3  1  .383  .403  .446   .849
Carroll,Corbin*    153  625  560  142  21   7  37  288  110   79   52  150   1   2  2  59  4  .254  .326  .514   .840
Trejo,Alan          12   13   12    4   2   0   0    6    1    4    0    1   0   1  0   0  0  .333  .333  .500   .833
Jones,Nolan*        36  156  131   27  12   1   8   65   26   24   25   49   5   0  0   5  0  .206  .333  .496   .829
Albies,Ozzie#      162  705  645  172  39   4  33  318  109  108   42  111   4   0  4  16  1  .267  .323  .493   .816
Neto,Zach           77  193  174   49   8   0   8   81   26   29    8   42   0   1  1   3  0  .282  .344  .466   .810
Arenado,Nolan      141  461  427  104  22   0  31  219   70   87   31   92   2   0  1   3  6  .244  .296  .513   .809
Abrams,CJ*          94  277  265   72  13   0  14  127   44   38   10   57   2   0  0  14  0  .272  .303  .479   .782
Marte,Ketel#       103  448  374   83  13   4  19  161   65   64   64   76   4   0  4   6  2  .222  .342  .430   .772
Alvarez,Francisc   124  396  367   79  14   0  25  168   50   58   16  107   1   0  4   0  0  .215  .261  .458   .719
Robles,Victor       47  142  117   34   2   0   0   36   22   15   10   14   0   6  2   8  0  .291  .375  .308   .683
Schanuel,Nolan*     34   32   25    6   0   0   0    6    6    1    6    4   0   0  0   0  0  .240  .406  .240   .646
Thaiss,Matt*        42  146  129   26   3   0   4   41   14   11   14   36   0   0  0   2  0  .202  .295  .318   .613
Matos,Luis          21   54   48   10   4   0   0   14    8    4    5   10   0   0  0   0  0  .208  .296  .292   .588
Doyle,Brenton       90   88   82   13   5   0   0   18    9   10    5   36   0   1  0   2  0  .159  .207  .220   .427
Winn,Masyn           6   18   14    1   0   0   0    1    1    0    4    7   0   0  0   1  0  .071  .278  .071   .349
                   162 6394 5707 1535 297  25 324 2854 1001  979  549 1310  40  13 40 228 31  .269  .340  .500   .840

Co Operators         G   GS CG    IP    H    R   ER  HR  SH SF  HP   BB    K  IB   W   L   Pct Sv SHO    WHIP   ERA
Graterol,Brusdar    19    0  0  24.1   17    4    3   0   0  0   1    8   15   1   1   0 1.000  0   0   1.027  1.11
Scott,Tanner*       67    0  0  85.2   53   13   11   3   0  0   3   28  109   0   2   0 1.000 10   0    .946  1.16
Trejo,Alan           2    0  0   4.1    4    1    1   0   0  0   0    5    3   0   1   0 1.000  0   0   2.077  2.08
Merryweather,Jul    64    0  0  81.2   69   27   26  13   1  0   4   33  122   3   7   1  .875  1   0   1.249  2.87
Martin,Chris         7    0  0   9.1   10    3    3   2   0  0   0    5    8   0   0   1  .000  0   0   1.607  2.89
Quintana,Jose*      13   13  0  76.0   74   31   27   8   0  0   3   18   57   0   6   1  .857  0   0   1.211  3.20
Pfaadt,Brandon       6    3  0  24.0   19    9    9   4   0  1   0    7   17   0   3   0 1.000  0   0   1.083  3.38
Montgomery,Jorda    34   34  1 209.2  173   89   81  24   1  6   6   54  194   0  18   5  .783  0   1   1.083  3.48
Sewald,Paul         43    0  0  41.2   32   17   17   6   0  0   1   18   54   0   3   3  .500 18   0   1.200  3.67
Bird,Jake           68    0  0 100.0  121   46   44   8   0  2  10   33   89   1   4   5  .444  1   0   1.540  3.96
Hader,Josh*         32    0  0  31.0   23   14   14   4   0  0   0   13   51   1   4   3  .571 14   0   1.161  4.06
Snell,Blake*        12   12  0  62.2   44   31   30  11   2  2   1   47   94   0   5   0 1.000  0   0   1.452  4.31
Musgrove,Joe        19   19  0 108.2  109   58   55  10   0  4   9   29  117   0   8   4  .667  0   0   1.270  4.56
Eflin,Zach          33   33  0 181.2  196   99   94  30   1  2   8   25  192   0  14   8  .636  0   0   1.217  4.66
Hoffman,Jeff        51    0  0  60.2   58   34   34   5   1  1   4   33   63   5   2   3  .400  0   0   1.500  5.04
Jackson,Luke        31    0  0  38.0   38   23   22   7   0  1   0   22   46   0   3   2  .600  0   0   1.579  5.21
Suarez,Ranger*      16   16  1  91.2   99   55   55  12   1  2   0   28   73   1   8   6  .571  0   1   1.385  5.40
Detmers,Reid*       32   32  1 159.2  181  116  111  33   0  6   7   57  162   0  12  12  .500  0   0   1.491  6.26
Moore,Matt*         30    0  0  37.0   47   28   27   9   0  0   3   10   43   0   1   1  .500  1   0   1.541  6.57
Butto,Jose          12    0  0  25.2   24   21   20   2   0  1   1   21   20   0   1   0 1.000  1   0   1.753  7.01
Stone,Gavin         11    0  0  27.2   49   32   31  11   0  2   3   15   13   2   2   2  .500  0   0   2.313 10.08
                   162  162  2  1463 1420  737  702 199   7 30  64  503 1518  14 105  57  .648 46  11   1.314  4.32

Coop d'etat          G   PA   AB    H  2B  3B  HR   TB    R  RBI   BB    K  IB  SH SF  SB CS   Avg    OB   Slg    OPS
Morel,Christophe   138  474  430  116  25   3  32  243   65   83   39  169   0   0  1   7  2  .270  .334  .565   .899
Burger,Jake        162  681  631  171  44   3  42  347  104  123   36  192   0   0  3   3  2  .271  .320  .550   .870
Sanchez,Gary        62  232  210   48  15   0  19  120   34   42   19   74   1   0  2   0  0  .229  .293  .571   .864
Wisdom,Patrick      92  318  279   66  19   1  20  147   43   50   33  119   1   0  1   6  1  .237  .327  .527   .854
Duvall,Adam        111  391  359   94  21   3  21  184   61   57   25  109   0   0  1   1  2  .262  .320  .513   .833
Cooper,Garrett      91  266  245   72  13   1  11  120   36   36   16   88   1   0  2   0  0  .294  .342  .490   .832
Outman,James*       47  167  142   34   5   4   7   68   26   25   23   59   1   0  1   6  1  .239  .347  .479   .826
Murphy,Sean        100  434  375   95  16   0  22  177   50   62   42  106   1   0  1   0  0  .253  .351  .472   .823
Carlson,Dylan#      73  161  144   42  13   0   3   64   21   17   15   29   1   0  0   2  0  .292  .366  .444   .810
Ward,Taylor         95  346  304   72  17   1  14  133   44   47   34   74   1   0  2   3  2  .237  .324  .438   .762
Harris II,Michae   162  678  645  184  37   2  16  273   84   71   27  134   3   0  0  29  4  .285  .320  .423   .743
Yastrzemski,Mike    84  329  286   63  26   0   8  113   44   34   37   94   0   4  2   2  1  .220  .308  .395   .703
Mauricio,Ronny#     41  128  114   32   1   0   1   36   16    7   14   28   0   0  0   2  1  .281  .359  .316   .675
Fletcher,David      18   65   61   16   0   0   2   22   10    6    4    3   0   0  0   0  0  .262  .308  .361   .669
Hoerner,Nico       156  751  683  175  22   3  11  236  100   57   43   99   0   0  3  55  9  .256  .320  .346   .666
Davis,J.D.         162  656  605  140  27   2  20  231   65   68   42  202   1   0  6   1  0  .231  .282  .382   .664
Vogelbach,Daniel    50  178  160   35   4   0   6   57   22   17   16   44   0   0  2   0  0  .219  .287  .356   .643
Bart,Joey           20   77   74   14   4   0   0   18    5    7    1   21   0   0  1   0  0  .189  .208  .243   .451
                   162 6191 5617 1441 298  23 253 2544  819  796  457 1600  11   4 28 115 23  .257  .321  .453   .773

Coop d'etat          G   GS CG    IP    H    R   ER  HR  SH SF  HP   BB    K  IB   W   L   Pct Sv SHO    WHIP   ERA
Cosgrove,Tom*       54    0  0  56.1   33   13   12   6   0  1   3   19   49   3   3   2  .600  2   0    .923  1.92
Miller,Shelby       33    1  0  42.1   26   12   11   2   0  0   3   21   56   1   3   0 1.000  0   0   1.110  2.34
Alzolay,Adbert      63    0  0  59.2   59   21   20   5   0  1   5   13   69   0   1   6  .143 47   0   1.207  3.02
Neris,Hector        72    0  0  70.0   46   24   24   7   0  3   5   44   90   5   7   4  .636  0   0   1.286  3.09
Johnson,Pierce      23    0  0  24.1   16   10    9   5   0  2   0    8   27   0   2   1  .667  1   0    .986  3.33
Hand,Brad*          54    0  0  55.1   50   23   23   4   1  1   2   25   79   1   4   2  .667  2   0   1.355  3.74
Lopez,Pablo         34   34  0 200.0  188   85   84  32   0  4  10   54  232   2  12  10  .545  0   0   1.210  3.78
Weems,Jordan        23    0  0  28.0   12   12   12   6   0  1   1   11   37   0   1   1  .500  0   0    .821  3.86
Garcia,Robert*      30    0  0  34.1   33   16   15   7   1  0   0    3   36   1   2   2  .500  1   0   1.049  3.93
Alexander,Scott*    30    2  0  40.0   39   20   18   2   1  4   2    8   33   1   2   0 1.000  0   0   1.175  4.05
Almonte,Yency       49    0  0  51.0   45   23   23   8   1  2   7   33   48   5   4   0 1.000  0   0   1.529  4.06
Strider,Spencer     33   33  0 185.1  180  105  103  40   0  2  12   46  265   0  12   6  .667  0   0   1.219  5.00
DeSclafani,Antho    17   17  0  91.1   99   53   51  15   1  3   6   24   71   0   6   4  .600  0   0   1.347  5.03
Garrett,Braxton*    35   29  0 170.2  203  105   97  37   1  8   6   37  169   1  11   7  .611  0   0   1.406  5.12
Fulmer,Michael      51    1  0  50.2   56   32   31  10   0  0   1   29   74   3   5   2  .714  0   0   1.678  5.51
Wilson,Steven       20    0  0  26.1   20   18   17   9   0  1   2   15   26   0   1   2  .333  1   0   1.329  5.81
Gray,Josiah         33   33  1 183.0  181  131  129  33   1  6  13  103  169   4   9  13  .409  0   1   1.552  6.34
Stroman,Marcus       3    3  0  14.2   21   12   11   2   1  0   1    6   17   0   1   1  .500  0   0   1.841  6.75
Wesneski,Hayden     14    9  0  60.0   65   45   45  17   1  2   1   21   53   0   2   7  .222  1   0   1.433  6.75
Chargois,JT         33    0  0  37.2   43   32   31   4   1  1   0   26   31   3   1   3  .250  0   0   1.832  7.41
                   162  162  1  1449 1375  768  742 240  10 42  79  528 1591  28  89  73  .549 55   4   1.313  4.61

Dou's Crew           G   PA   AB    H  2B  3B  HR   TB    R  RBI   BB    K  IB  SH SF  SB CS   Avg    OB   Slg    OPS
Freeman,Freddie*   103  463  412  136  34   1  17  223   56   58   41   95   8   0  2   8  1  .330  .400  .541   .941
Azocar,Jose         35  120   98   31   7   0   3   47   16   13    9   29   0  11  0  11  3  .316  .385  .480   .865
Fletcher,Dominic    15   68   63   21   2   0   2   29   10    4    4   13   2   1  0   1  0  .333  .373  .460   .833
Swanson,Dansby     109  454  390  104  20   2  12  164   60   45   56  110   1   0  3   7  1  .267  .363  .421   .784
Garcia,Luis*        59   73   70   20   3   0   3   32    8   13    3    4   0   0  0   0  0  .286  .315  .457   .772
Turner,Trea         53  231  211   58  13   0   6   89   26   26   15   47   4   0  0   4  1  .275  .338  .422   .760
Moustakas,Mike*    132  446  421  112  21   0  19  190   50   62   23  114   2   0  0   0  0  .266  .307  .451   .758
Turner,Justin      109  406  367   97  18   0  11  148   46   57   30   72   2   0  2   3  0  .264  .328  .403   .731
Blackmon,Charlie   124  465  408  100  25   8   4  153   50   32   44   62   1   0  1   5  1  .245  .335  .375   .710
Profar,Jurickson    31  128  111   24   9   0   3   42   13   16   15   22   0   0  1   1  1  .216  .313  .378   .691
Kim,Ha-seong       149  564  490  119  17   0  13  175   75   57   65  103   0   5  3  40 17  .243  .331  .357   .688
Gurriel Jr.,Lour   159  621  572  129  39   2  21  235   74   71   35  112   5   0  7   4  0  .226  .274  .411   .685
Cron,C.J.           53  212  201   45  14   0   9   86   20   26    8   52   0   0  3   0  0  .224  .250  .428   .678
Edman,Tommy#       162  641  586  138  34   2  16  224   80   80   39  109   2   1  3  36  7  .235  .295  .382   .677
Ruiz,Keibert#      148  583  539  125  20   0  14  187   44   51   33   57   2   0 10   0  2  .232  .273  .347   .620
Wallach,Chad        17   51   46    8   2   1   1   15    3    1    4   17   0   1  0   0  0  .174  .240  .326   .566
Tauchman,Mike*     120  306  266   54  14   0   0   68   21   16   38   82   0   0  0   7  2  .203  .307  .256   .563
Madrigal,Nick      127  228  211   47  11   0   1   61   21   17    5   19   0   1  1  10  2  .223  .273  .289   .562
Hampson,Garrett     42   74   63   12   2   0   0   14    6    3    9   22   0   0  0   0  0  .190  .311  .222   .533
Rivera,Emmanuel     29   63   60   12   3   0   0   15    3    9    3   11   0   0  0   0  0  .200  .238  .250   .488
Barnhart,Tucker*     3   10    8    1   0   0   0    1    1    0    2    6   0   0  0   0  0  .125  .300  .125   .425
                   162 6205 5593 1393 308  16 155 2198  683  657  481 1158  29  20 36 137 38  .249  .315  .393   .708

Dou's Crew           G   GS CG    IP    H    R   ER  HR  SH SF  HP   BB    K  IB   W   L   Pct Sv SHO    WHIP   ERA
Yates,Kirby         14    0  0  16.1    3    1    1   1   0  0   3   10   21   0   2   0 1.000  0   0    .796  0.55
Chavez,Jesse        16    0  0  20.1    9    3    3   0   1  0   3    6   27   0   1   0 1.000  0   0    .738  1.33
Romero,JoJo*        37    0  0  35.2   31    6    6   1   0  0   3   10   41   1   3   0 1.000  0   0   1.150  1.51
Rogers,Taylor*      59    0  0  57.0   44   13   13   3   0  0   4   18   72   0   1   3  .250  2   0   1.088  2.05
Gore,MacKenzie*     11   11  0  59.0   40   18   17   5   0  0   0   20   64   0   5   3  .625  0   0   1.017  2.59
Vesia,Alex*         45    0  0  52.2   45   20   19   9   0  0   4   17   64   0   3   0 1.000  0   0   1.177  3.25
Kershaw,Clayton*    15   15  0  80.2   61   33   32  13   1  4   1   28   69   0   2   4  .333  0   0   1.103  3.57
Walker,Taijuan      31   31  0 168.2  135   79   71  22   2  1   1   84  138   2   9   9  .500  0   0   1.298  3.79
Pepiot,Ryan         12    0  0  21.1   19   10   10   5   1  1   1    2   11   0   1   3  .250  2   0    .984  4.22
Tonkin,Michael      55    0  0  85.0   67   42   40  12   1  3   3   38   72   4   7   4  .636  0   0   1.235  4.24
Wood,Alex*          17    7  0  52.1   63   25   25   4   0  0   7   18   41   0   5   1  .833  0   0   1.548  4.30
Bassitt,Chris       33   33  1 188.0  167  104   95  36   2  6  15   60  184   0  10  14  .417  0   0   1.207  4.55
Gallegos,Giovann    22    0  0  28.2   37   17   15   7   1  1   0    5   29   0   1   1  .500  3   0   1.465  4.71
Cobb,Alex           33   33  1 187.1  205  105   99  27   1 13   7   48  146   0   9  14  .391  0   1   1.351  4.76
Matz,Steven*        39   10  0 117.0  125   67   63   9   2  5   7   44  100   1   9   9  .500  0   0   1.444  4.85
Iglesias,Raisel     53    0  0  50.0   63   27   27   9   0  1   0   16   56   1   2   9  .182 30   0   1.580  4.86
Bickford,Phil       48    0  0  69.2   51   39   39  12   1  0   6   33   75   3   0   0  .000  1   0   1.206  5.04
VerHagen,Drew       27    0  0  28.1   25   17   16   4   0  3   1   12   27   1   0   1  .000  0   0   1.306  5.08
Senga,Kodai         22   22  0 122.0  110   78   73  25   1  5   2   67  139   0   5  12  .294  0   0   1.451  5.39
Barnhart,Tucker      4    0  0   4.1    9    4    4   1   0  0   0    0    0   0   0   0  .000  0   0   2.077  8.31
                   162  162  2  1444 1309  708  668 205  14 43  68  536 1376  13  75  87  .463 38  10   1.278  4.16

Fentonators          G   PA   AB    H  2B  3B  HR   TB    R  RBI   BB    K  IB  SH SF  SB CS   Avg    OB   Slg    OPS
Fortes,Nick          5    4    4    2   0   0   1    5    1    1    0    0   0   0  0   0  0  .500  .500 1.250  1.750
Ozuna,Marcell      162  741  663  185  42   2  50  381  116  151   69  170   2   0  6   0  0  .279  .347  .575   .922
Pache,Cristian      20   43   38   14   3   0   0   17    6    3    5   12   0   0  0   1  0  .368  .442  .447   .889
Palacios,Richie*    35   65   63   21   0   0   4   33    8    7    1    2   0   0  0   0  0  .333  .354  .524   .878
Betts,Mookie       162  767  657  196  47   1  23  314  129   92   96  142   8   0  6  20  4  .298  .390  .478   .868
Turner,Justin       49  188  166   53  15   0   4   80   28   25   17   28   0   0  3   2  0  .319  .383  .482   .865
Rengifo,Luis#      142  487  428  122  17  11  13  200   68   58   50   94   0   0  2   7  5  .285  .368  .467   .835
Suzuki,Seiya       162  702  644  186  56   9  15  305   93   86   54  174   0   0  2   7  9  .289  .345  .474   .819
Moniak,Mickey*     100  308  293   82  16   3  15  149   40   56    8  121   0   0  2   7  6  .280  .308  .509   .817
Flores,Wilmer      116  479  414  101  18   2  20  183   60   63   48   57   0   0  6   0  0  .244  .334  .442   .776
Turner,Trea        109  445  417  114  18   3  16  186   60   52   23  105   0   0  1   4  2  .273  .317  .446   .763
Walker,Jordan      114  314  284   75  18   1   9  122   46   27   26   71   0   0  2   6  2  .264  .328  .430   .758
Phillips,Brett*      8   15   11    3   0   0   0    3    3    5    4    5   0   0  0   1  0  .273  .467  .273   .740
Alonso,Pete        161  687  599  121  30   2  29  242   93   87   57  164   1   0  6   5  0  .202  .295  .404   .699
Realmuto,J.T.      162  654  598  142  33   3  19  238   70   97   43  211   0   0  7  23  4  .237  .292  .398   .690
Swanson,Dansby      53  238  212   45   9   1   7   77   26   19   22   72   0   0  1   4  2  .212  .294  .363   .657
De La Cruz,Bryan    75  142  129   26   4   1   5   47   18   16   12   39   0   0  1   1  2  .202  .268  .364   .632
Castro,Rodolfo#     73  131  113   22   4   0   1   29   10    8   15   43   0   0  1   1  0  .195  .298  .257   .555
Montero,Elehuris    12   32   29    2   0   0   1    5    3    3    2   19   0   0  0   0  0  .069  .156  .172   .328
Stewart,D.J.*        0    3    3    0   0   0   0    0    0    0    0    2   0   0  0   0  0  .000  .000  .000   .000
                   162 6346 5670 1497 328  39 231 2596  875  853  549 1488  11   0 46  88 36  .264  .335  .458   .793

Fentonators          G   GS CG    IP    H    R   ER  HR  SH SF  HP   BB    K  IB   W   L   Pct Sv SHO    WHIP   ERA
Thompson,Ryan       25    0  0  31.0   20    3    3   1   0  0   7    6   19   2   1   0 1.000  1   0    .839  0.87
Helsley,Ryan        10    0  0  14.1    6    4    4   1   0  0   0    3   20   1   0   0  .000  1   0    .628  2.51
Urias,Julio*         8    8  0  47.2   33   14   14   7   0  1   1    8   48   0   4   2  .667  0   0    .860  2.64
Kelly,Merrill       11   11  1  66.2   42   22   20   6   2  1   3   15   78   0   6   1  .857  0   1    .855  2.70
Harvey,Hunter       53    0  0  69.0   64   27   24  10   2  2   3   16   69   1   4   6  .400  9   0   1.159  3.13
Doval,Camilo        63    0  0  58.0   48   23   23   7   0  1   7   21   73   0  10   2  .833 22   0   1.190  3.57
Castro,Miguel       55    0  0  71.0   61   34   29   6   0  3   4   19   65   2   4   0 1.000  0   0   1.127  3.68
Gonzalez,Victor*    24    0  0  28.2   26   16   12   0   0  1   5    6   24   0   1   1  .500  0   0   1.116  3.77
Steele,Justin*      32   32  0 174.0  208   97   84  20   0  2   6   31  184   2  10  10  .500  0   0   1.374  4.34
Elder,Bryce         32   32  0 186.1  189  107  101  27   2  5  10   87  131   0  12  14  .462  0   0   1.481  4.88
Strahm,Matt*        43   10  0  81.2   79   48   47  15   1  3   1   28  104   2   3   4  .429  0   0   1.310  5.18
Hicks,Jordan        66    0  0  83.0   79   50   49   6   0  2   7   56  109   1   4   4  .500  2   0   1.627  5.31
Luzardo,Jesus*      33   33  0 186.2  235  129  117  36   2  3   5   38  202   1   7  15  .318  0   0   1.463  5.64
Clevinger,Mike      25   25  1 138.1  163   99   90  31   1  8  12   48  125   1  10   8  .556  0   0   1.525  5.86
Jimenez,Joe         40    0  0  44.2   61   33   32   4   0  2   4   22   58   5   3   1  .750  1   0   1.858  6.45
Henry,Tommy*        18   11  0  87.2   96   78   68  28   0  1  10   46   65   1   4   4  .500  1   0   1.620  6.98
Junis,Jakob         51    0  0 104.1  135   94   82  24   0  5  11   50  125   9   3   4  .429  2   0   1.773  7.07
                   162  162  2  1448 1509  844  765 218  10 40  92  482 1477  28  86  76  .531 39   5   1.375  4.75

Incarnations         G   PA   AB    H  2B  3B  HR   TB    R  RBI   BB    K  IB  SH SF  SB CS   Avg    OB   Slg    OPS
Freeman,Freddie*    58  272  233   76  23   1  15  146   45   41   30   49   2   0  3   6  1  .326  .412  .627  1.039
Hilliard,Sam*       11   29   26    7   3   0   1   13    5    3    3   11   0   0  0   0  1  .269  .345  .500   .845
Rojas,Miguel        57  185  166   54   8   1   3   73   26   13   10   20   0   3  0   3  2  .325  .385  .440   .825
Heyward,Jason*     116  424  382   96  24   0  21  183   65   61   36   84   2   0  3   1  2  .251  .318  .479   .797
Nimmo,Brandon*     162  763  665  171  28   8  26  293   99   92   80  178   2   1  4   4  1  .257  .346  .441   .787
Estrada,Thairo     140  530  495  143  25   2  16  220   71   65   20  121   2   0  0  25  6  .289  .336  .444   .780
Sosa,Edmundo        76  212  197   54  13   2   6   89   28   29    7   60   1   0  3   2  0  .274  .311  .452   .763
Drury,Brandon      143  571  522  139  37   3  16  230   66   82   37  149   0   0  6   0  1  .266  .319  .441   .760
Smith,Will         148  658  561  136  21   1  24  231   69   91   73  126   4   0  7   4  2  .242  .343  .412   .755
Smith,Dominic*     131  444  384  101  21   1   9  151   62   52   46   62   2   0  6   0  1  .263  .349  .393   .742
Berti,Jon          123  469  432  126  14   4   7  169   54   44   32   85   3   1  1  22  2  .292  .343  .391   .734
Rosario,Eddie*     141  522  488  108  26   2  24  210   57   64   30  132   2   0  4   2  1  .221  .264  .430   .694
Perdomo,Geraldo#   133  537  448  111  14   5   5  150   66   35   66   92   0  15  0  18  7  .248  .354  .335   .689
d'Arnaud,Travis     30  109   92   17   5   0   5   37   11   14   13   23   1   0  3   0  0  .185  .284  .402   .686
Peralta,David*      74  263  254   76   6   0   2   88   28   25    7   52   0   0  2   2  0  .299  .316  .346   .662
Carpenter,Matt*     26   76   72   12   5   0   5   32    7   14    4   19   0   0  0   0  1  .167  .211  .444   .655
Vargas,Ildemaro#    55  161  148   36   6   0   3   51   15   20   10   10   1   2  1   0  1  .243  .289  .345   .634
Meneses,Joey        47  131  124   28   5   1   3   44   11   10    4   23   0   0  2   0  0  .226  .252  .355   .607
Profar,Jurickson    25   84   76   14   1   0   0   15    6    6    6   16   0   0  0   1  1  .184  .262  .197   .459
                   162 6367 5697 1489 281  31 189 2399  789  759  510 1290  22  22 45  90 30  .261  .330  .421   .751

Incarnations         G   GS CG    IP    H    R   ER  HR  SH SF  HP   BB    K  IB   W   L   Pct Sv SHO    WHIP   ERA
Chavez,Jesse        16    0  0  22.1   16    5    5   3   0  1   4    8   24   1   0   0  .000  1   0   1.075  2.01
Robertson,David     70    0  0  76.1   63   29   27  10   1  0   4   32  101   0   5   7  .417 23   0   1.245  3.18
Wacha,Michael       26   26  0 155.0  120   57   55  24   1  4   5   37  134   0  11   9  .550  0   0   1.013  3.19
Brasier,Ryan        47    0  0  63.2   48   24   23   1   1  2   5   34   71   7   5   2  .714  0   0   1.288  3.25
Rogers,Tyler        73    0  0  85.1   78   35   32   9   0  1   5   27   65   4   6   4  .600  2   0   1.230  3.38
Ottavino,Adam       69    0  0  75.0   50   31   31   9   0  2  11   48   87   4   4   0 1.000  5   0   1.307  3.72
Kershaw,Clayton*    11   11  0  59.1   48   27   25  15   1  0   1   16   64   0   5   2  .714  0   0   1.079  3.79
Gonsolin,Tony       19   19  0 103.0   73   46   44  21   0  3   7   48   81   0   7   2  .778  0   0   1.175  3.84
Minter,A.J.*        30    0  0  39.2   30   18   18   4   0  1   1   10   51   0   3   1  .750  1   0   1.008  4.08
Gore,MacKenzie*     16   16  0  90.2   81   46   42  22   0  2   0   30   96   0   4   7  .364  0   0   1.224  4.17
Strzelecki,Peter    23    0  0  29.2   33   15   14   1   0  2   7   12   25   0   2   1  .667  1   0   1.517  4.25
Okert,Steven*       30    0  0  34.0   24   21   17   8   0  3   2   13   36   1   1   0 1.000  1   0   1.088  4.50
Senga,Kodai         11   11  0  63.0   55   37   34   9   0  1   3   35   78   0   3   5  .375  0   0   1.429  4.86
Alvarado,Jose*      13    0  0  14.2   14    8    8   1   0  0   0    6   23   0   0   0  .000  1   0   1.364  4.91
Nola,Aaron          32   32  0 217.2  209  122  122  51   2  3   2   50  224   0  12  15  .444  0   0   1.190  5.04
Darvish,Yu          25   25  0 139.0  146   81   80  27   1  2  11   42  148   0   7   7  .500  0   0   1.353  5.18
Yates,Kirby         44    0  0  57.0   32   37   33   9   1  2   9   46   67   3   2   4  .333  0   0   1.368  5.21
Cabrera,Edward      23   20  0 103.0   79   66   63  14   0  6   4   79  110   0   7   5  .583  1   0   1.534  5.50
Anderson,Chase       6    2  0  19.0   17   12   12   4   0  0   2    5   13   0   0   1  .000  0   0   1.158  5.68
Ferguson,Caleb*     28    0  0  26.2   33   19   18   5   0  0   3   12   39   0   1   2  .333  0   0   1.688  6.08
Rojas,Miguel         3    0  0   5.2    6    7    7   3   0  0   0    7    4   0   1   2  .333  0   0   2.294 11.12
                   162  162  0  1461 1231  729  696 246   8 35  86  597 1525  20  86  76  .531 36   8   1.251  4.29

Morgen Grinders      G   PA   AB    H  2B  3B  HR   TB    R  RBI   BB    K  IB  SH SF  SB CS   Avg    OB   Slg    OPS
Ohtani,Shohei*     162  839  706  200  39  11  65  456  157  141  125  221  17   0  4  32 15  .283  .392  .646  1.038
Fletcher,Dominic    14   47   44   16   1   0   2   23   11    4    3    8   0   0  0   0  0  .364  .404  .523   .927
O'Hoppe,Logan       48  149  138   36   5   0  14   83   21   26    7   35   0   0  2   0  0  .261  .302  .601   .903
Bell,Josh#         124  338  296   82  20   0  19  159   48   54   38   80   0   0  3   0  1  .277  .358  .537   .895
Belt,Brandon*      134  476  399  101  36   0  22  203   74   83   73  175   2   0  2   0  0  .253  .368  .509   .877
Donovan,Brendan*   121  434  380  108   7   4  19  180   60   59   41   63   1   3  2   7  3  .284  .364  .474   .838
Grisham,Trent*     119  371  320   68  20   2  18  146   49   44   46  119   1   2  1  12  2  .213  .314  .456   .770
Chisholm Jr.,Jaz    90  290  265   63  12   0  16  123   43   34   25   91   1   0  0  17  4  .238  .303  .464   .767
Vierling,Matt      154  632  572  153  14   3  25  248   71   82   47  133   2   1  3   8  5  .267  .331  .434   .765
Contreras,Willso    42  221  197   48  12   0   8   84   28   33   18   62   0   0  1   4  1  .244  .321  .426   .747
Arcia,Orlando       50  219  202   58  11   0   4   81   26   17   14   40   0   0  2   1  0  .287  .333  .401   .734
Tatis Jr.,Fernan   162  784  709  181  37   1  25  295   91   90   59  187   1   2  8  36  8  .255  .315  .416   .731
Arraez,Luis*        58  298  290   87  10   2   6  119   31   36    7   17   1   0  1   0  0  .300  .315  .410   .725
Sullivan,Brett*     25   62   58   13   1   0   4   26   10    8    4   15   0   0  0   0  0  .224  .274  .448   .722
Hernandez,Kike      75  234  209   48  13   0   8   85   32   28   21   37   0   0  2   3  0  .230  .303  .407   .710
Grissom,Vaughn      31   62   55   15   2   1   0   19    7    3    0    4   0   0  0   2  0  .273  .355  .345   .700
Hampson,Garrett     35   77   71   21   4   0   0   25    6    3    5   19   0   1  0   1  0  .296  .342  .352   .694
Rendon,Anthony      54  156  133   28  10   0   2   44   17    7   18   30   0   0  0   0  0  .211  .327  .331   .658
Amaya,Miguel        24   66   54    9   2   0   2   17    6    7    5   22   2   0  1   0  0  .167  .303  .315   .618
Taylor,Chris       121  453  420   91  12   0  14  145   54   51   28  163   2   0  2  20  3  .217  .269  .345   .614
Knizner,Andrew      77  254  244   49  11   0   8   84   18   28    7   79   1   0  0   1  0  .201  .232  .344   .576
Thomas,Alek*       103  324  305   54   8   2   8   90   32   36   16   75   0   0  1   7  1  .177  .222  .295   .517
Bryant,Kris          6   19   18    3   0   0   0    3    1    0    1    4   0   0  0   0  0  .167  .211  .167   .378
Rodgers,Brendan     38  115  105   15   1   0   0   16    7    4    9   22   0   0  0   0  0  .143  .217  .152   .369
                   162 6252 5597 1431 273  21 266 2544  833  811  550 1510  31   9 34 141 41  .256  .327  .455   .782

Morgen Grinders      G   GS CG    IP    H    R   ER  HR  SH SF  HP   BB    K  IB   W   L   Pct Sv SHO    WHIP   ERA
Ginkel,Kevin        19    0  0  23.2   11    2    2   0   0  0   0    8   23   0   2   2  .500  2   0    .803  0.76
Phillips,Evan       56    0  0  63.2   33   17   13   6   0  0  12   10   71   0   6   5  .545 38   0    .675  1.84
LaSorsa,Joe*        27    0  0  34.0   29    9    9   3   0  0   0    7   32   2   4   0 1.000  0   0   1.059  2.38
Miley,Wade*          9    9  0  56.1   49   26   23  10   0  2   2   12   46   0   3   2  .600  0   0   1.083  3.67
Kimbrel,Craig       34    0  0  40.1   25   18   17   8   0  0   4   20   62   0   1   2  .333  2   0   1.116  3.79
Webb,Logan          34   34  2 267.2  267  131  123  47   6  3   7   38  235   1  15  12  .556  0   1   1.139  4.14
Walker,Ryan         31    0  0  33.0   29   16   16   4   0  1   1   14   45   0   3   1  .750  0   0   1.303  4.36
Gibson,Kyle         21   21  0 120.2  121   62   59  22   0  7   3   35  103   0   8   5  .615  0   0   1.293  4.40
Wheeler,Zack        13   13  0  85.1   78   45   45  15   0  1   3   21  105   0   4   4  .500  0   0   1.160  4.75
Ohtani,Shohei       27   27  0 153.0  120   88   81  38   1  1   8   72  184   0  11   5  .688  0   0   1.255  4.76
Beck,Tristan        43    0  0  88.1   88   57   47  16   0  0   2   34   74   1   4   3  .571  3   0   1.381  4.79
Silseth,Chase       18    6  0  55.0   49   35   30  17   0  3   1   29   67   0   3   3  .500  1   0   1.418  4.91
Kelly,Joe           36    0  0  41.1   27   24   24   4   0  1   2   20   60   0   1   2  .333  0   0   1.137  5.23
Lawrence,Justin     18    0  0  23.1   23   14   14   3   0  2   3   16   21   2   2   2  .500  1   0   1.671  5.40
Thompson,Zack*      26    2  0  61.1   63   38   38  12   0  4   2   23   72   2   5   5  .500  0   0   1.402  5.58
Lynn,Lance          12   12  0  67.0   73   47   47  15   0  2   2   31   71   0   2   4  .333  0   0   1.552  6.31
Sandoval,Patrick    21   21  0 118.0  164  106   94  21   5  5   1   53  103   1   1   9  .100  0   0   1.839  7.17
Liberatore,Matth     5    1  0  13.2   18   11   11   1   0  4   0    2   11   0   0   1  .000  0   0   1.463  7.24
Gallen,Zac          11   11  0  70.0   90   59   58  23   1  2   4   17   67   0   3   4  .429  0   0   1.529  7.46
Flaherty,Jack        6    5  0  24.1   40   26   23   5   0  2   4   15   17   0   1   1  .500  0   0   2.260  8.51
Garcia,Luis         55    0  0  62.0   98   67   63  13   0  1   8   34   51   3   3   4  .429  0   0   2.129  9.15
Gott,Trevor         35    0  0  44.0   71   49   45   6   0  3   3   25   34   0   1   1  .500  0   0   2.182  9.20
Pallante,Andre      34    0  0  58.1   93   62   62  10   0  3   4   32   34   4   2   0 1.000  1   0   2.143  9.57
                   162  162  2  1445 1479  875  818 257  11 41  70  512 1435  14  85  77  .525 48   6   1.378  5.09

Rivercrypts          G   PA   AB    H  2B  3B  HR   TB    R  RBI   BB    K  IB  SH SF  SB CS   Avg    OB   Slg    OPS
Rosario,Amed        28   90   86   26  11   1   4   51   10   15    4   15   0   0  0   0  0  .302  .333  .593   .926
Chisholm Jr.,Jaz    36  152  141   36   4   0  12   76   23   28    9   49   0   0  0   9  1  .255  .309  .539   .848
Pham,Tommy         120  331  301   84  26   3  11  149   49   35   28   82   1   0  0  17  4  .279  .344  .495   .839
Soto,Juan*         154  601  502  119  36   1  23  226   83   73   88  128   5   0  8  12  4  .237  .349  .450   .799
Castellanos,Nick    80  266  246   65  16   4   9  116   33   31   18   86   1   0  1   4  3  .264  .316  .472   .788
Bohm,Alec          162  555  512  134  30   0  23  233   63   88   34   88   0   0  6   4  4  .262  .308  .455   .763
Arraez,Luis*       103  466  445  136  27   0   6  181   46   41   14   28   2   0  4   0  4  .306  .328  .407   .735
Bogaerts,Xander    157  654  595  158  39   1  13  238   77   77   46  121   2   0  5  21  6  .266  .324  .400   .724
Gorman,Nolan*      143  519  441   85  23   0  25  183   63   63   69  168   1   0  7   7  4  .193  .301  .415   .716
Nootbaar,Lars*     142  626  533  122  31   3  11  192   66   39   87  133   0   0  4  17  4  .229  .337  .360   .697
Stubbs,Garrett*     22   79   75   21   5   1   0   28    8    3    4   19   1   0  0   0  0  .280  .316  .373   .689
Campusano,Luis      52  189  177   48  11   0   3   68   17   22    5   28   1   0  4   0  0  .271  .296  .384   .680
Gurriel,Yuli        93  308  283   66  26   4   2  106   36   33   21   47   0   0  1   3  3  .233  .292  .375   .667
Sanchez,Jesus*      98  116  105   20  11   0   2   37   11   13    9   43   1   0  1   0  0  .190  .259  .352   .611
Machado,Manny      162  703  650  135  32   0  21  230   82   69   43  161   0   0  8   4  2  .208  .256  .354   .610
Myers,Dane          16   62   62   11   3   0   2   20    8    4    0   20   0   0  0   0  0  .177  .177  .323   .500
Diaz,Elias          91  338  307   48  17   0   4   77   20   34   26   86   1   0  2   0  0  .156  .228  .251   .479
                   162 6055 5461 1314 348  18 171 2211  695  668  505 1302  16   0 51  98 39  .241  .307  .405   .712

Rivercrypts          G   GS CG    IP    H    R   ER  HR  SH SF  HP   BB    K  IB   W   L   Pct Sv SHO    WHIP   ERA
Weems,Jordan        32    0  0  33.2   17   11   11   0   0  4   1   21   30   0   2   0 1.000  2   0   1.129  2.94
Wilson,Steven       38    0  0  36.0   24   16   15   7   0  2   0   29   35   1   2   0 1.000  1   0   1.472  3.75
Raley,Brooks*       42    0  0  43.0   29   19   18   1   0  2   5   17   52   2   0   2  .000  0   0   1.070  3.77
Alcantara,Sandy     34   34  4 218.0  199  101   93  33   0  5   8   62  196   2  14  12  .538  0   0   1.197  3.84
McGough,Scott       68    0  0  69.2   49   32   32   7   0  0   2   38   94   2   4   4  .500  1   0   1.249  4.13
Martinez,Nick       67    0  0  97.2  106   50   48  12   0  0   4   42  101   1  11   5  .688  0   0   1.515  4.42
Nardi,Andrew*       42    0  0  43.0   45   23   22   7   0  3   1   16   57   2   1   4  .200  1   0   1.419  4.60
Morton,Charlie      35   35  0 185.0  171  106  101  13   2  6  19  101  210   2   7  14  .333  0   0   1.470  4.91
Brazoban,Huascar    54    0  0  64.0   66   36   35   9   0  1   2   37   67   2   2   0 1.000  0   0   1.609  4.92
Estevez,Carlos      52    0  0  48.0   53   30   28   4   1  1   4   33   67   0   1  11  .083 27   0   1.792  5.25
Irvin,Jake          19   19  0  96.1   93   66   58  21   1  4   7   46   68   0   4   8  .333  0   0   1.443  5.42
Lugo,Seth           29   29  0 164.1  169  105  102  34   0  5   3   50  155   1   5  12  .294  0   0   1.333  5.59
Taillon,Jameson     34   34  0 175.2  188  114  111  37   0  3   9   44  168   0   5  14  .263  0   0   1.321  5.69
Mantiply,Joe*       22    0  0  23.2   29   15   15   7   1  0   0    5   20   0   2   4  .333  0   0   1.437  5.70
Hoeing,Bryan        16    4  0  44.2   51   37   32  11   1  3   3   17   31   0   0   2  .000  1   0   1.522  6.45
Avila,Pedro         18    0  0  47.1   54   34   34   5   0  1   7   35   48   2   2   1  .667  1   0   1.880  6.46
Shuster,Jared*       1    1  0   5.1    4    4    4   1   0  0   1    2    2   0   1   0 1.000  0   0   1.125  6.75
Sheehan,Emmet        8    6  0  34.2   33   29   28   7   1  1   1   21   40   0   3   3  .500  0   0   1.558  7.27
                   162  162  4  1430 1380  828  787 216   7 41  77  616 1441  17  66  96  .407 34   5   1.396  4.95

Skramalonians        G   PA   AB    H  2B  3B  HR   TB    R  RBI   BB    K  IB  SH SF  SB CS   Avg    OB   Slg    OPS
Trout,Mike          90  409  356  113  38   2  26  233   71   67   43  120   0   0  2   2  1  .317  .401  .654  1.055
Cronenworth,Jake     3    3    3    1   1   0   0    2    1    0    0    1   0   0  0   0  0  .333  .333  .667  1.000
Moreno,Gabriel      77  284  264   73  17   0  13  129   44   42   15   57   0   0  1   4  1  .277  .324  .489   .813
Schwarber,Kyle*    145  534  443   85  19   1  33  205   63   67   88  150   0   0  2   0  0  .192  .326  .463   .789
Riley,Austin       157  680  615  159  22   1  35  288   76  133   47  194   1   0  7   3  0  .259  .319  .468   .787
Walker,Christian   162  685  617  141  43   2  34  290   97   86   53  130   0   0  4   1  1  .229  .299  .470   .769
Contreras,Willia   162  718  656  185  45   0  15  275   87  112   52  147   1   0  3   9  3  .282  .340  .419   .759
McNeil,Jeff*       162  753  681  194  28   7  12  272  110   60   47   80   2   3  6   6  4  .285  .343  .399   .742
Lindor,Francisco   159  726  651  159  28   3  25  268   97   78   60  176   1   0 10  37  2  .244  .309  .412   .721
Wendle,Joey*         7    6    6    2   0   0   0    2    2    1    0    2   0   0  0   0  1  .333  .333  .333   .666
Pederson,Joc*      126  494  427   78   7   4  14  135   40   47   62  133   2   0  0   0  0  .183  .294  .316   .610
Garrett,Stone       87  298  270   58  20   0   3   87   32   22   25  106   1   0  1   4  1  .215  .285  .322   .607
McCarthy,Jake*     106  326  285   64   4   3   2   80   38   26   29   55   0   4  1  31  2  .225  .311  .281   .592
Edwards,Xavier#     23   58   51   12   1   0   0   13    4    3    6   16   0   0  0   2  0  .235  .328  .255   .583
Slater,Austin       70  256  231   52   8   0   1   63   20   14   23   78   0   0  0   1  0  .225  .301  .273   .574
Baty,Brett*         16   31   25    4   2   0   0    6    2    2    6    7   0   0  0   0  0  .160  .323  .240   .563
DeJong,Paul         11   18   15    2   1   0   0    3    1    1    2    4   0   0  1   0  0  .133  .222  .200   .422
Segura,Jean          2    1    1    0   0   0   0    0    0    0    0    0   0   0  0   0  0  .000  .000  .000   .000
                   162 6280 5597 1382 284  23 213 2351  785  761  558 1456   8   7 38 100 16  .247  .322  .420   .742

Skramalonians        G   GS CG    IP    H    R   ER  HR  SH SF  HP   BB    K  IB   W   L   Pct Sv SHO    WHIP   ERA
Helsley,Ryan         9    0  0   5.2    2    0    0   0   0  0   0    5    9   0   1   0 1.000  2   0   1.235  0.00
Alvarado,Jose*      19    0  0  18.1   20    5    5   3   0  0   0    8   27   1   1   2  .333  0   0   1.527  2.45
Fried,Max*          14   14  0  90.0   85   31   30   5   0  1   1   32   82   1   5   6  .455  0   0   1.300  3.00
Strzelecki,Peter    13    0  0  16.2   11    6    6   0   0  1   5   10   14   0   0   0  .000  0   0   1.260  3.24
Finnegan,Kyle       54    0  0  55.0   47   21   20  13   0  3   1   20   57   0   6   6  .500 20   0   1.218  3.27
Lawrence,Justin     48    0  0  64.2   54   27   24   7   2  1   8   35   61   4   7   4  .636  4   0   1.376  3.34
Miller,Bobby        25   25  0 144.1  126   59   58  19   1  4   8   38  136   0   9   7  .563  0   0   1.136  3.62
Jimenez,Joe         24    0  0  30.0   26   13   13   5   1  1   0    9   34   1   1   2  .333  0   0   1.167  3.90
Dominguez,Serant    55    0  0  60.0   51   32   30   3   0  2   8   24   66   2   2   1  .667  0   0   1.250  4.50
Hendricks,Kyle      29   29  1 174.0  202  100   90  25   2  7   5   37  106   0   9  11  .450  0   1   1.374  4.66
Walker,Ryan         19    4  0  26.0   20   15   14   3   0  1   0   10   32   1   1   0 1.000  0   0   1.154  4.85
Ginkel,Kevin        40    0  0  51.0   43   28   28   6   0  2   0   24   55   4   3   6  .333  0   0   1.314  4.94
McHugh,Collin       51    0  0  71.2   85   40   40   9   0  0   2   28   57   1   2   1  .667  1   0   1.577  5.02
Freeland,Kyle*      27   27  0 152.1  163   90   86  36   3  3   1   43   75   0   7  10  .412  0   0   1.352  5.08
Soriano,George      33    0  0  62.2   57   39   36  11   0  0   8   23   66   0   3   1  .750  1   0   1.277  5.17
Kelly,Merrill       23   23  0 121.1  113   76   73  20   0  2   0   50  143   0   6   9  .400  0   0   1.343  5.41
Anderson,Tyler*      8    6  0  34.2   36   21   21   5   1  2   2   22   36   0   0   3  .000  0   0   1.673  5.45
Soroka,Mike          4    0  0   7.1    9    5    5   4   0  0   1    6    4   0   0   0  .000  0   0   2.045  6.14
Stripling,Ross      38    4  0  95.1  118   76   70  28   0  0   4   34   85   8   6   4  .600  0   0   1.594  6.61
Megill,Tylor        30   30  0 148.2  211  131  123  37   1  2   9   72  130   2   7  13  .350  0   0   1.904  7.45
Gott,Trevor          9    0  0  11.2   16   15   15   2   0  0   2   13   11   0   0   0  .000  0   0   2.486 11.57
                   162  162  1  1441 1495  830  787 241  11 32  65  543 1286  25  76  86  .469 28   7   1.414  4.91

