NOTE: File contains minor inaccuarcies to individual statistics due to data corruption.

Avery Deemers        G   PA   AB    H  2B  3B  HR   TB    R  RBI   BB    K  IB  SH SF  SB CS   Avg    OB   Slg    OPS
O'Neill,Tyler       69  217  181   51  10   0  18  115   40   49   30   69   0   0  5   0  0  .282  .378  .635  1.013
Call,Alex           42  123  108   42  17   0   0   59   22   18   14   18   0   0  0   7  1  .389  .463  .546  1.009
Harper,Bryce*      161  695  611  164  55   0  30  309   90  113   78  161   9   0  5   8  1  .268  .350  .506   .856
Happ,Ian#          162  702  619  161  34   1  39  314  103  106   72  202   4   0  6  13  5  .260  .339  .507   .846
Bride,Jonah         81  237  211   57  10   0  12  103   33   32   21   41   0   0  1   0  0  .270  .346  .488   .834
Edwards,Xavier#    107  340  308   96  11   7   2  127   61   17   32   49   2   0  0  41  5  .312  .376  .412   .788
Wade Jr.,LaMonte    76  278  236   67  19   0   3   95   35   24   34   60   0   2  2   1  0  .284  .380  .403   .783
Merrill,Jackson*   160  680  628  165  26   6  19  260   93   83   42  122   4   3  6  20  4  .263  .307  .414   .721
Barnes,Austin       44  168  158   50   7   0   0   57   19   16    9   37   0   0  1   1  0  .316  .351  .361   .712
Hoerner,Nico       162  665  612  167  40   1   5  224   74   61   46   84   3   0  3  35  6  .273  .326  .366   .692
Bohm,Alec          159  656  601  151  47   1   8  224   58   83   40  116   2   0  6   5  4  .251  .305  .373   .678
O'Hoppe,Logan      121  435  402   96  22   0  11  151   42   43   25  136   0   0  3   0  3  .239  .290  .376   .666
Yastrzemski,Mike    88  302  274   49  11   3  14  108   29   41   23   84   2   0  3   2  2  .179  .245  .394   .639
Tovar,Ezequiel     160  606  572  115  24   4  18  201   70   59   26  204   0   4  2   5  2  .201  .238  .351   .589
Hays,Austin         13   29   27    4   1   0   1    8    4    3    1    7   0   0  0   0  0  .148  .207  .296   .503
Bethancourt,Chri    16   45   42    6   3   0   0    9    2    4    3    7   0   0  0   0  0  .143  .200  .214   .414
Wagaman,Eric         4   13   13    1   0   0   0    1    0    0    0    5   0   0  0   0  0  .077  .077  .077   .154
                   162 6191 5603 1442 337  23 180 2365  775  752  496 1402  26   9 43 138 33  .257  .320  .422   .742

Avery Deemers        G   GS CG    IP    H    R   ER  HR  SH SF  HP   BB    K  IB   W   L   Pct Sv SHO    WHIP   ERA
Hader,Josh*         55    0  0  56.2   27   10   10   9   0  0   0   18   85   0   3   1  .750 45   0    .794  1.59
Hoffman,Jeff        57    0  0  73.1   52   19   19   8   0  0   2   17   92   1   5   2  .714  8   0    .941  2.33
Miller,Erik*        68    1  0  74.0   47   20   20   7   1  0   0   31   79   1   5   2  .714  1   0   1.054  2.43
Thompson,Ryan       18    0  0  21.1   21    6    6   1   0  0   1    3   11   0   2   0 1.000  1   0   1.125  2.53
Kittredge,Andrew    76    0  0  78.1   57   27   24  10   1  5   0   17   71   0   5   3  .625  1   0    .945  2.76
Cease,Dylan         15   15  1  90.1   61   31   30   8   1  0   2   28  107   0   7   3  .700  0   1    .985  2.99
Brazoban,Huascar    45    0  0  53.2   31   18   18   3   1  0   2   31   57   4   6   4  .600  2   0   1.155  3.02
King,Michael        32   32  0 178.1  131   63   61  19   1  8   6   70  206   0  13   5  .722  0   0   1.127  3.08
Steele,Justin*      12   12  1  72.1   57   28   28   5   0  0   4   21   72   0   6   4  .600  0   1   1.078  3.48
Sanchez,Cristoph    31   31  2 187.2  203   86   77  17   2  5   1   52  149   0  11  11  .500  0   1   1.359  3.69
Flaherty,Jack       32   32  1 173.2  142   77   76  37   1  2   4   34  192   0  16   4  .800  0   0   1.013  3.94
Kelly,Merrill       14   14  0  77.1   64   37   36  11   2  3   2   19   71   0   5   5  .500  0   0   1.073  4.19
Sewald,Paul          9    0  0  10.0    5    5    5   3   0  0   0    7    5   0   0   1  .000  1   0   1.200  4.50
Morton,Charlie      21   21  0 114.0  108   58   57  16   1  3   7   48  112   0   7   6  .538  0   0   1.368  4.50
Rogers,Taylor*      66    0  0  66.2   61   34   34  11   0  1   2   17   67   1   5   4  .556  0   0   1.170  4.59
Gomber,Austin*       4    4  0  24.0   24   14   14   5   0  0   0    1   18   0   2   1  .667  0   0   1.042  5.25
Fernandez,Ryan      50    0  0  48.2   50   31   31   7   0  2   0   31   45   4   2   2  .500  1   0   1.664  5.73
Nunez,Dedniel        6    0  0   6.0    7    4    4   1   0  0   0    3    5   0   1   0 1.000  0   0   1.667  6.00
Honeywell,Brent     26    0  0  34.2   37   26   25   4   0  1   3   21   10   0   1   2  .333  0   0   1.673  6.49
Liberatore,Matth     5    0  0   5.1    8    6    6   2   0  2   0    1    1   0   0   0  .000  0   0   1.688 10.13
Minter,A.J.*         4    0  0   4.1    6    5    5   3   0  0   0    5    7   0   0   0  .000  0   0   2.538 10.38
                   162  162  5  1450 1199  605  586 187  11 32  36  475 1462  11 102  60  .630 60  19   1.154  3.64

B-Rads               G   PA   AB    H  2B  3B  HR   TB    R  RBI   BB    K  IB  SH SF  SB CS   Avg    OB   Slg    OPS
Toglia,Michael#     47   86   74   19   5   0   7   45   16   14   12   24   1   0  0   4  0  .257  .360  .608   .968
Trout,Mike          30  120  107   29   2   2   8   59   19   22   13   27   0   0  0   6  2  .271  .350  .551   .901
Grichuk,Randal      71  232  213   60  19   0   9  106   27   30   16   32   1   0  2   0  0  .282  .332  .498   .830
Hilliard,Sam*       31  103   99   24   5   0   9   56   15   19    0   45   0   3  1   4  0  .242  .240  .566   .806
Marte,Ketel#       162  748  654  158  22   2  41  307  100   77   89  148   3   0  0   9  2  .242  .335  .469   .804
Ozuna,Marcell       72  323  291   70  19   0  18  143   41   38   29   92   0   0  1   1  1  .241  .313  .491   .804
Adell,Jo            39  133  121   28   6   1   9   63   21   25    7   29   0   0  3   4  0  .231  .278  .521   .799
Amaya,Miguel        56  207  182   47  11   1   8   84   30   23   18   39   1   4  0   0  0  .258  .335  .462   .797
Contreras,Willso    34  136  119   30   9   0   4   51   15   14   13   33   0   0  1   2  1  .252  .338  .429   .767
Busch,Michael*      90  371  336   83  16   2  17  154   45   53   26  100   0   0  8   0  1  .247  .296  .458   .754
Hernandez,Teosca   162  695  636  163  36   4  23  276   82   82   48  205   4   0  2  14  4  .256  .316  .434   .750
Iglesias,Jose       87  303  279   80  22   0   4  114   50   31   14   45   3   0  2   3  4  .287  .337  .409   .746
Swanson,Dansby      84  348  323   84  27   1   9  140   41   44   21  100   0   0  3  12  4  .260  .303  .433   .736
Tatis Jr.,Fernan   115  457  428  106  20   1  20  188   58   54   19   96   0   0  1  14  3  .248  .293  .439   .732
Burger,Jake         60  200  182   39   4   0  11   76   21   26   16   59   0   0  0   0  0  .214  .285  .418   .703
Harris II,Michae    26   83   80   19   0   0   5   34   13   12    1   19   0   0  1   1  1  .238  .253  .425   .678
Betts,Mookie        76  309  282   61  15   0  10  106   32   26   26   32   1   0  0  12  1  .216  .285  .376   .661
Marsh,Brandon*     103  377  325   68   9   3   9  110   39   40   47  136   0   0  3  17  2  .209  .310  .338   .648
Myers,Dane           9   24   23    5   2   1   0    9    4    2    0    7   0   0  0   1  0  .217  .250  .391   .641
Ruiz,Keibert#       44  164  159   31   8   0   9   66   17   27    3   20   0   0  1   1  0  .195  .213  .415   .628
Crow-Armstrong,P    61  209  192   39   4   1   7   66   22   25    8   54   0   4  2  12  4  .203  .244  .344   .588
Torrens,Luis        32  117  107   17   6   0   5   38   13   18    8   31   0   0  1   0  0  .159  .222  .355   .577
Newman,Kevin        17   53   51   13   2   0   0   15    3    1    1    8   0   1  0   1  1  .255  .269  .294   .563
Muncy,Max*          80  314  265   40  13   0   7   74   26   24   46   84   1   0  2   1  0  .151  .277  .279   .556
Murphy,Sean          3   10    8    1   0   0   0    1    1    0    2    2   0   0  0   0  0  .125  .300  .125   .425
Norby,Connor         9   39   35    5   1   0   0    6    4    3    4   17   0   0  0   1  0  .143  .231  .171   .402
                   162 6157 5571 1319 283  19 249 2387  755  730  487 1484  15  12 34 120 31  .237  .303  .428   .731

B-Rads               G   GS CG    IP    H    R   ER  HR  SH SF  HP   BB    K  IB   W   L   Pct Sv SHO    WHIP   ERA
Roycroft,Chris       4    0  0   5.2    1    0    0   0   0  0   1    3    5   0   0   0  .000  0   0    .706  0.00
Hodge,Porter        42    0  0  38.2    7    8    6   2   0  0   2   19   44   0   5   2  .714 29   0    .672  1.40
Junis,Jakob         12    0  0  30.0   18    6    6   1   0  0   2    4   24   0   3   0 1.000  1   0    .733  1.80
Puk,A.J.*           23    0  0  31.0   18    7    7   2   0  0   1   10   38   0   0   1  .000  0   0    .903  2.03
Ferrer,Jose A.*     40    0  0  34.0   34    8    8   2   0  0   2    5   26   0   3   0 1.000  0   0   1.147  2.12
Miller,Tyson        52    0  0  73.0   40   20   18  10   0  2   8   14   59   2   7   1  .875  3   0    .740  2.22
Leahy,Kyle          20    0  0  35.2   25   11   10   2   0  2   0    8   21   0   4   1  .800  0   0    .925  2.52
Williams,Trevor     11   11  0  57.2   49   24   19   7   1  1   0   13   61   0   3   3  .500  0   0   1.075  2.97
Phillips,Evan       68    0  0  59.0   50   21   20   5   0  1   2   26   55   5   5   4  .556 11   0   1.288  3.05
Maton,Phil          37    0  0  41.1   32   15   15   3   0  1   7   17   40   0   2   1  .667  1   0   1.185  3.27
Tinoco,Jesus        47    0  0  43.1   28   18   16   4   0  0   2   21   45   2   4   3  .571  0   0   1.131  3.32
Lorenzen,Michael    26   24  0 123.2   87   49   47  19   1  1   6   65  108   0   4   7  .364  2   0   1.229  3.42
Feltner,Ryan        31   31  0 172.1  139   73   67  27   0  3   5   65  130   0  13  10  .565  0   0   1.184  3.50
Grove,Michael       11    0  0  15.1   16    6    6   3   0  0   1    1   17   0   0   0  .000  0   0   1.109  3.52
Suarez,Ranger*      15   15  0  89.0   87   36   36   7   0  0   4   19   93   0   6   2  .750  0   0   1.191  3.64
Manaea,Sean*        33   33  0 184.1  162   79   76  35   3  2  13   47  172   0  15   6  .714  0   0   1.134  3.71
Butto,Jose          35    1  0  77.1   44   32   32   6   0  1   9   47   88   4   1   7  .125  0   0   1.177  3.72
Nardi,Andrew*       27    0  0  30.1   23   14   13   4   0  0   0   20   30   2   2   1  .667  0   0   1.418  3.86
Glasnow,Tyler       15   15  1  88.1   69   39   38   8   0  1   0   37   94   0   3   7  .300  0   0   1.200  3.87
Gray,Sonny          29   29  0 172.2  144   78   75  29   0  2   3   37  198   0  15   5  .750  0   0   1.048  3.91
Treinen,Blake       52    0  0  52.1   39   23   23   9   0  1   1   18   71   5   1   3  .250  0   0   1.089  3.96
Birdsong,Hayden      5    3  0  21.0   22   16   16   6   0  0   0   15   24   0   1   1  .500  0   0   1.762  6.86
                   162  162  1  1476 1134  583  554 191   5 18  69  511 1443  20  97  65  .599 47  13   1.114  3.38

Co Operators         G   PA   AB    H  2B  3B  HR   TB    R  RBI   BB    K  IB  SH SF  SB CS   Avg    OB   Slg    OPS
Gorman,Nolan*        1    5    5    2   0   0   1    5    1    3    0    2   0   0  0   0  0  .400  .400 1.000  1.400
Suzuki,Seiya        71  307  265   94  19   1  10  145   41   47   36   83   2   0  2  10  4  .355  .436  .547   .983
Conforto,Michael    22   68   61   17   3   0   5   35   12   12    7   20   0   0  0   0  0  .279  .353  .574   .927
Pederson,Joc*      141  498  416  101  13   1  35  221   68   83   68  125   4   1  2   9  3  .243  .362  .531   .893
Neto,Zach          111  411  370  109  23   2  15  181   58   49   31  105   4   5  0  23  7  .295  .357  .489   .846
Rengifo,Luis#       70  212  198   61  22   1   4   97   31   25   12   39   0   1  1  18  5  .308  .346  .490   .836
Robles,Victor      109  321  284   93  20   0   3  122   52   27   17   69   1   1  1  33 10  .327  .400  .430   .830
Wood,James*         46  105   88   24   7   2   1   38    9   11   17   30   0   0  0   5  6  .273  .390  .432   .822
Chaparro,Andres     60  135  113   32  15   0   0   47   16   17   15   22   0   0  2   1  1  .283  .385  .416   .801
Olson,Matt*        162  675  603  147  34   4  34  291   83  109   56  184   5   0  8   0  0  .244  .313  .483   .796
Edman,Tommy#        14   44   43   13   1   0   2   20    8   10    0    3   0   0  1   1  0  .302  .295  .465   .760
Winn,Masyn          76  272  250   68  14   3   6  106   34   38   18   49   2   3  1   4  1  .272  .320  .424   .744
Stott,Bryson*      128  501  448  119  25   0  12  180   71   54   48   71   4   0  3  34  6  .266  .336  .402   .738
Herrera,Ivan        43  172  158   41   7   2   3   61   25   17   13   42   1   0  0   1  1  .259  .320  .386   .706
Carroll,Corbin*    132  502  430   87  12   8  15  160   60   56   61   96   6   1  2  32  6  .202  .311  .372   .683
Chapman,Matt       162  661  596  115  26   2  34  247   86   95   49  178   2   0  6  16  7  .193  .263  .414   .677
d'Arnaud,Travis     21   77   64   11   3   0   3   23   10   10   10   16   1   0  1   0  0  .172  .299  .359   .658
Doyle,Brenton      158  590  540  120  21   6  13  192   75   62   41  147   2   3  4  33  4  .222  .278  .356   .634
Stubbs,Garrett*     42  155  139   29   6   2   1   42   16   13   15   49   0   0  1   0  0  .209  .284  .302   .586
Kavadas,Niko*        4   19   18    3   0   0   1    6    4    1    0   10   0   0  0   0  0  .167  .211  .333   .544
Alvarez,Francisc    70  254  228   42   5   0   4   59   24   21   21   71   1   0  2   1  0  .184  .260  .259   .519
Duvall,Adam         45   99   91   10   1   0   2   17    8    8    6   31   0   0  1   0  0  .110  .172  .187   .359
                   162 6082 5408 1338 277  34 204 2295  792  768  541 1442  35  15 38 221 61  .247  .323  .424   .747

Co Operators         G   GS CG    IP    H    R   ER  HR  SH SF  HP   BB    K  IB   W   L   Pct Sv SHO    WHIP   ERA
Adam,Jason          68    0  0  80.1   37   10   10   5   0  1   6   29   94   1   3   1  .750  2   0    .822  1.12
Helsley,Ryan        24    0  0  22.0   15    3    3   1   0  0   0    6   24   0   2   1  .667 16   0    .955  1.23
Snell,Blake*        21   21  0 113.2   70   23   22   8   1  0   0   40  154   0   7   2  .778  0   0    .968  1.74
Strahm,Matt*        28    0  0  27.2   14    7    6   1   1  0   2    3   32   0   3   0 1.000  0   0    .614  1.95
Hoeing,Bryan        36    0  0  55.0   46   14   13   4   0  0   0   19   53   1   4   1  .800  0   0   1.182  2.13
Scott,Tanner*       66    0  0  79.0   45   19   19   6   0  1   2   37   80   1   5   5  .500 29   0   1.038  2.16
Thompson,Keegan     25    0  0  27.0   21   12    8   5   0  1   1   17   33   1   3   1  .750  0   0   1.407  2.67
Joyce,Ben           31    0  0  32.0   18   10   10   1   1  2   1   19   26   1   2   1  .667  0   0   1.156  2.81
Peterson,David*     24   24  0 139.1  122   48   46   8   0  3  11   44  115   0  15   4  .789  0   0   1.191  2.97
Sale,Chris*         14   14  0  89.2   75   34   30   6   0  4   3   14  107   0   9   3  .750  0   0    .993  3.01
Estrada,Jeremiah    54    0  0  61.2   34   21   21   7   0  1   1   23   91   0   4   2  .667  1   0    .924  3.06
Stone,Gavin         27   27  0 157.1  114   61   54  20   1  4   1   49  131   1  15   5  .750  0   0   1.036  3.09
Vodnik,Victor       67    0  0  83.1   63   32   30   7   0  1   0   40   71   1   6   1  .857  4   0   1.236  3.24
Quantrill,Cal        7    7  0  36.0   35   15   15   6   0  0   0   15   25   0   4   2  .667  0   0   1.389  3.75
Turnbull,Spencer    10   10  0  49.1   34   23   21   7   0  1   1   13   48   0   5   3  .625  0   0    .953  3.83
Martinez,Justin     56    0  0  70.1   78   30   30   5   0  2   1   37   95   6   4   5  .444  1   0   1.635  3.84
Quintana,Jose*      32   32  0 174.1  174   85   81  21   3  6   8   60  140   0  11   7  .611  0   0   1.342  4.18
Waldron,Matt        24   24  0 130.0  109   65   64  18   1  3  13   45  116   0   8   5  .615  0   0   1.185  4.43
Doval,Camilo         8    0  0   5.2    7    3    3   1   0  0   1    5   10   0   0   1  .000  0   0   2.118  4.76
Harrison,Kyle*       3    3  0  13.0   18   15   15   4   0  1   0    5   10   0   1   1  .500  0   0   1.769 10.38
                   162  162  0  1446 1129  530  501 141   8 31  52  520 1455  13 111  51  .685 53  18   1.140  3.12

Coop d'etat          G   PA   AB    H  2B  3B  HR   TB    R  RBI   BB    K  IB  SH SF  SB CS   Avg    OB   Slg    OPS
Biggio,Cavan*        5   16   14    4   1   0   1    8    3    3    1    6   0   0  0   0  1  .286  .375  .571   .946
Clemens,Kody*       36   97   92   28   8   0   1   39    4    6    5   24   0   0  0   0  0  .304  .340  .424   .764
Burger,Jake         91  403  374   90  10   1  25  177   44   57   20  108   1   0  2   1  3  .241  .290  .473   .763
McNeil,Jeff*       145  537  479  127  39   0  12  202   58   58   42   76   2   0  6   6  3  .265  .333  .422   .755
Betts,Mookie        78  349  318   86  17   1  10  135   38   26   28   43   0   0  2  13  1  .270  .330  .425   .755
Swanson,Dansby      79  301  279   70  16   0  11  119   35   35   21   96   1   0  1  13  2  .251  .302  .427   .729
Ward,Taylor        163  653  590  142  28   3  21  239   67   75   52  176   1   0  6   7  9  .241  .305  .405   .710
Amaya,Miguel        61  215  201   51   3   0   9   81   13   23    7   39   0   4  1   0  0  .254  .284  .403   .687
Contreras,Willso    56  241  205   44   7   0   7   72   23   20   23   78   2   0  1   2  0  .215  .328  .351   .679
Harris II,Michae    82  315  295   72   7   1   9  108   32   39   12   76   0   0  5   7  3  .244  .276  .366   .642
Trout,Mike          18   10    9    2   1   0   0    3    4    0    1    2   0   0  0   0  1  .222  .300  .333   .633
Beck,Jordan         45   31   30    6   3   0   1   12   11    2    1   12   0   0  0   1  1  .200  .226  .400   .626
Soler,Jorge        163  672  594  113  28   1  21  206   58   56   67  182   3   0  4   1  0  .190  .277  .347   .624
Taylor,Tyrone       76  260  246   54  18   4   3   89   31   17    8   65   1   0  1   9  0  .220  .258  .362   .620
Crow-Armstrong,P    73  282  261   58   7   7   5   94   26   24    9   83   1   7  2  19  3  .222  .255  .360   .615
Bell,Josh#         163  666  616  127  35   3  15  213   59   56   46  141   0   0  2   0  2  .206  .263  .346   .609
Vargas,Ildemaro#   109  333  306   75  23   0   0   98   34   29   17   42   1   5  3  11  1  .245  .287  .320   .607
Adell,Jo            71  271  249   43  13   0  12   92   27   21   17   87   0   0  1   8  9  .173  .233  .369   .602
Lopez,Jack          19   63   63   13   1   0   2   20    4    6    0   21   0   0  0   0  1  .206  .206  .317   .523
Lee,Jung Hoo*       61  106   92   15   1   0   2   22   10    7   13   11   0   0  0   1  4  .163  .274  .239   .513
Campusano,Luis      33   88   84   18   5   0   0   23    4    7    3    8   0   0  1   0  0  .214  .239  .274   .513
Murphy,Sean         28  103   90   12   3   0   3   24    9   11    9   36   0   0  2   0  0  .133  .223  .267   .490
Gomes,Yan            3   10   10    1   0   0   0    1    0    0    0    4   0   0  0   0  0  .100  .100  .100   .200
Conine,Griffin*      2    1    1    0   0   0   0    0    0    0    0    0   0   0  0   0  0  .000  .000  .000   .000
                   163 6021 5498 1251 274  21 170 2077  594  578  402 1416  13  16 40  99 44  .228  .286  .378   .664

Coop d'etat          G   GS CG    IP    H    R   ER  HR  SH SF  HP   BB    K  IB   W   L   Pct Sv SHO    WHIP   ERA
Grove,Michael        1    1  0   1.0    0    0    0   0   0  0   0    0    0   0   0   0  .000  0   0    .000  0.00
Chargois,JT         33    0  0  37.0   25   10   10   6   0  0   1   11   31   2   0   0  .000  2   0    .973  2.43
Megill,Tylor        17   13  0  80.0   69   34   33   5   1  4   7   34   96   0   5   7  .417  0   0   1.288  3.71
Lee,Dylan*          47    0  0  61.0   51   29   27   9   2  0   0   21   66   3   3   4  .429  0   0   1.180  3.98
Lopez,Pablo         34   34  1 196.2  192   96   89  35   1  1   7   49  233   0   6  14  .300  0   0   1.225  4.07
Puk,A.J.*           39    2  0  55.0   39   27   25   4   0  3   3   28   60   3   3   4  .429  5   0   1.218  4.09
Steele,Justin*      15   15  0  84.1   88   44   40   6   0  0   6   13  103   0   3   8  .273  0   0   1.198  4.27
Kerkering,Orion     66    2  0  78.1   86   41   39   9   1  2   7   33   91   5   2   5  .286  3   0   1.519  4.48
Wesneski,Hayden     21   16  0  90.1   83   54   47  17   0  4   4   28   85   1   3   8  .273  0   0   1.229  4.68
Alexander,Scott*    50    0  0  47.2   46   25   25   5   0  0   2   17   44   2   1   2  .333  4   0   1.322  4.72
Liberatore,Matth    31    1  0  39.1   42   23   21   7   0  1   2   16   33   2   2   2  .500  4   0   1.475  4.81
Birdsong,Hayden     16   15  0  74.0   57   44   42  13   1  0   6   56   90   0   4   7  .364  0   0   1.527  5.11
Glasnow,Tyler        1    1  0   5.0    4    3    3   1   0  0   0    1    8   0   0   1  .000  0   0   1.000  5.40
Suarez,Ranger*      17   17  0  97.0  115   62   59  12   1  3   8   28   89   2   3  10  .231  0   0   1.474  5.47
Sanchez,Sixto       20    0  0  40.2   50   27   26   4   0  1   4   11   17   0   2   1  .667  2   0   1.500  5.75
Cronin,Declan       63    0  0  81.1   96   59   53   8   0  4   8   35   89   2   5   8  .385  1   0   1.611  5.86
Lynn,Lance          26   26  0 136.0  172   91   90  26   2  6   5   55  117   1   3  12  .200  0   0   1.669  5.96
Leahy,Kyle          17    0  0  25.0   29   17   17   2   1  0   3    4   21   1   2   1  .667  1   0   1.320  6.12
Houser,Adrian       28    1  0  59.0   68   45   43   8   0  3   2   29   36   2   1   4  .200  7   0   1.644  6.56
Suarez,Jose*        24    2  0  61.1   67   48   47  10   0  2   1   31   65   2   0   1  .000  2   0   1.598  6.90
Montgomery,Jorda    30   17  0  96.0  165  112  106  15   0 11   3   45   87   2   2  14  .125  2   0   2.188  9.94
                   163  163  1  1446 1544  891  842 202  10 45  79  545 1461  30  50 113  .307 33   3   1.445  5.24

Dou's Crew           G   PA   AB    H  2B  3B  HR   TB    R  RBI   BB    K  IB  SH SF  SB CS   Avg    OB   Slg    OPS
Turner,Trea        159  697  659  185  35   2  28  308   81   84   32  146   0   0  1  28  2  .281  .319  .467   .786
Freeman,Freddie*   146  624  536  127  45   6  15  229   70   65   71  100   5   0  5   8  2  .237  .337  .427   .764
Suarez,Eugenio     156  647  582  120  29   0  36  257   76   91   54  191   4   0  3   2  2  .206  .281  .442   .723
Alonso,Pete        162  664  595  135  41   0  24  248   77   83   58  161   4   0  2   3  1  .227  .304  .417   .721
Wisely,Brett*       51  184  172   42  10   0   7   73   17   17   10   51   0   2  0   0  3  .244  .286  .424   .710
Profar,Jurickson   162  725  621  145  35   0  17  231   94   58   77  111   1   6  8  12  3  .233  .327  .372   .699
Nimmo,Brandon*     162  639  549  115  16   6  20  203   75   58   79  166   2   0  3   6  4  .209  .316  .370   .686
Adams,Riley         11   40   37    9   2   0   1   14    5    7    3    7   1   0  0   0  0  .243  .300  .378   .678
Ramos,Heliot        26   94   83   20   3   1   1   28    8    8   10   22   0   0  0   1  0  .241  .330  .337   .667
Garcia Jr.,Luis*   137  453  429  101  14   0  18  169   46   56   22   79   1   0  2  22  5  .235  .272  .394   .666
Pages,Pedro         62  209  194   45   3   1   7   71   22   23   14   51   0   0  0   0  0  .232  .287  .366   .653
Diaz,Elias         102  353  327   76  15   0   9  118   32   33   22   74   1   0  1   0  0  .232  .286  .361   .647
Castellanos,Nick    27   56   51   10   3   0   2   19    6   10    5   16   0   0  0   0  0  .196  .268  .373   .641
Laureano,Ramon      67  134  125   26   3   1   5   46   11   10    6   39   0   0  0   2  1  .208  .261  .368   .629
Gurriel Jr.,Lour   124  455  428   80  20   0  10  130   40   38   22   79   2   0  2   6  3  .187  .231  .304   .535
Arcia,Orlando        6   15   15    1   1   0   0    2    2    1    0    3   0   0  0   0  0  .067  .067  .133   .200
Merrifield,Whit      6    8    7    0   0   0   0    0    0    0    1    1   0   0  0   0  0  .000  .125  .000   .125
                   162 5997 5410 1237 275  17 200 2146  662  642  486 1297  21   8 27  90 26  .229  .299  .397   .695

Dou's Crew           G   GS CG    IP    H    R   ER  HR  SH SF  HP   BB    K  IB   W   L   Pct Sv SHO    WHIP   ERA
Yates,Kirby         42    0  0  44.1   20    7    7   5   0  0   0   20   70   0   4   4  .500 21   0    .902  1.42
Iglesias,Raisel     52    0  0  76.0   33   13   12   5   3  1   5   16   65   0   7   3  .700 12   0    .645  1.42
Roupp,Landen        24    0  0  55.2   38   13   12   1   0  3   2   24   53   0   5   0 1.000  1   0   1.114  1.94
Vesia,Alex*         62    0  0  69.1   26   17   16   5   0  2   2   31   85   5   2   4  .333  2   0    .822  2.08
Hudson,Daniel       46    0  0  61.2   37   15   15   7   0  0   1   10   49   0   4   4  .500  8   0    .762  2.19
Pepiot,Ryan         30   30  0 150.2  103   50   43  12   2  0   4   48  172   1   7   6  .538  0   0   1.002  2.57
King,John*          57    0  0  65.0   60   20   19   6   1  2   1   15   40   1   8   3  .727  0   0   1.154  2.63
Gallen,Zac          32   32  0 167.1  136   74   64  15   0  4   5   49  191   0  13   6  .684  0   0   1.106  3.44
Bender,Anthony      56    0  0  54.2   54   21   21   3   0  2   6   24   65   2   1   1  .500  0   0   1.427  3.46
Severino,Luis       33   33  2 199.0  182   87   80  24   1  4  19   64  176   0  12  11  .522  0   0   1.236  3.62
Yamamoto,Yoshino    19   19  0  96.2   86   43   41  12   0  3   0   18  135   0   5   8  .385  0   0   1.076  3.82
Parker,Mitchell*    14   14  0  76.0   70   35   34  10   0  4   0   21   60   0   4   6  .400  0   0   1.197  4.03
Taillon,Jameson     30   30  1 174.0  158   82   80  31   1  6   3   40  119   0  12   7  .632  0   1   1.138  4.14
Garrett,Reed        53    0  0  58.1   53   32   30   9   0  1   3   23   91   1   2   4  .333  0   0   1.303  4.63
Knack,Landon        16    4  0  52.0   49   31   31  15   0  1   3   11   42   0   3   3  .500  0   0   1.154  5.37
Banda,Anthony*      41    0  0  47.2   49   29   29   9   0  1   3   21   59   0   2   1  .667  0   0   1.469  5.48
                   162  162  3  1448 1154  569  534 169   8 34  57  435 1472  10  91  71  .562 44  14   1.097  3.32

Fentonators          G   PA   AB    H  2B  3B  HR   TB    R  RBI   BB    K  IB  SH SF  SB CS   Avg    OB   Slg    OPS
Edman,Tommy#        21   39   37   13   3   1   3   27    8    9    2    7   0   0  0   1  1  .351  .385  .730  1.115
Herrera,Jose#        4    3    3    1   1   0   0    2    0    2    0    0   0   0  0   0  0  .333  .333  .667  1.000
Suzuki,Seiya        91  422  381  119  33   2  12  192   60   44   35  132   0   0  2  14  5  .312  .374  .504   .878
Wood,James*         69  235  202   50  11   4   9   96   24   25   31   80   0   0  0  11  5  .248  .353  .475   .828
Myers,Dane          27   84   79   23  10   1   1   38    6   13    4   30   0   0  0   2  1  .291  .333  .481   .814
Ozuna,Marcell       91  403  356   86  13   0  25  174   42   67   44  117   1   0  2   1  0  .242  .325  .489   .814
Murphy,Sean         63  192  173   38   7   0  12   81   22   32   16   46   0   0  2   0  0  .220  .286  .468   .754
Pages,Andy         126  439  406  104  37   1  10  173   48   31   26  118   0   0  1   1  0  .256  .310  .426   .736
Winn,Masyn          71  286  268   66  16   1   9  111   28   28   15   44   0   2  1   3  3  .246  .285  .414   .699
Moniak,Mickey*     102  306  290   72  13   2   9  116   32   28   10   83   1   0  1   7  6  .248  .284  .400   .684
Fitzgerald,Tyler   102  385  355   81  18   0  14  141   37   37   27  128   1   0  1  20  4  .228  .286  .397   .683
Acuna Jr.,Ronald    53  177  166   41   7   3   2   60   17   11   10   55   0   0  1  12  2  .247  .288  .361   .649
Alexander,Blaze     50  123  108   27   5   1   0   34   13   12   13   27   0   0  1   1  0  .250  .333  .315   .648
Albies,Ozzie#      142  503  470  107  34   0  11  174   46   53   28   99   1   0  2  10  2  .228  .274  .370   .644
Busch,Michael*      71  288  251   55   6   0   7   82   29   28   33   86   3   0  2   1  0  .219  .313  .327   .640
Ramos,Heliot       110  467  433   91  14   0  16  153   46   34   33  140   1   0  0   5  0  .210  .268  .353   .621
Norby,Connor        48  181  163   31  13   0   4   56   15   14   17   69   0   0  1   1  2  .190  .265  .344   .609
Bryant,Kris         63  213  193   45  12   0   1   60   20   19   11   66   0   0  2   0  0  .233  .296  .311   .607
Toglia,Michael#     86  346  303   45   8   1  11   88   26   28   43  131   0   0  0   6  2  .149  .254  .290   .544
Ruiz,Keibert#       91  342  326   61  15   0  10  106   33   33   12   36   0   0  2   1  1  .187  .219  .325   .544
McMahon,Ryan*      151  586  514   84  19   0  12  139   51   40   66  197   0   0  5   0  3  .163  .258  .270   .528
Goodman,Hunter      30   78   73    9   4   0   3   22    6    9    1   25   0   0  1   0  0  .123  .167  .301   .468
Slater,Austin        8   24   23    2   0   0   0    2    2    1    1   12   0   0  0   1  0  .087  .125  .087   .212
                   162 6042 5498 1230 294  17 179 2095  601  588  474 1702   8   2 27  95 37  .224  .289  .381   .670

Fentonators          G   GS CG    IP    H    R   ER  HR  SH SF  HP   BB    K  IB   W   L   Pct Sv SHO    WHIP   ERA
Strahm,Matt*        37    0  0  37.1   11    2    2   0   0  0   5    8   44   0   0   0  .000  3   0    .509  0.48
Weathers,Ryan*      18   18  0  95.2   86   26   22  10   0  3   9   21   90   0   8   4  .667  0   0   1.118  2.07
Cease,Dylan         16   16  0  92.2   65   28   25   5   1  3   1   30  103   0   5   4  .556  0   0   1.025  2.43
Nunez,Dedniel       25    0  0  30.0   21    9    9   2   0  0   0    7   39   2   4   2  .667  3   0    .933  2.70
Thompson,Ryan       40    0  0  51.2   52   17   16   3   0  1   0    6   34   0   4   4  .500  4   0   1.123  2.79
Junis,Jakob         21    0  0  48.1   43   17   16   7   1  3   4    3   35   0   1   4  .200  4   0    .952  2.98
Minter,A.J.*        29    0  0  37.2   27   15   13   3   1  1   0   15   36   1   2   0 1.000  2   0   1.115  3.11
Williams,Trevor      4    4  0  16.2   16    6    6   0   0  0   1    4   14   0   0   1  .000  0   0   1.200  3.24
Morejon,Adrian*     53    0  0  64.0   64   25   24   5   2  2   4   28   65   4   4   0 1.000  1   0   1.438  3.38
Kelly,Merrill        2    2  0  12.0   12    6    5   2   0  0   1    0   14   0   1   0 1.000  0   0   1.000  3.75
Gomber,Austin*      17   17  0  94.2   90   45   44  17   0  3   0   22   68   0   5   7  .417  0   0   1.183  4.18
Faucher,Calvin      43    0  0  61.1   59   30   29   2   1  2   5   36   70   2   2   1  .667  3   0   1.549  4.26
Sale,Chris*         20   20  0 118.0  105   56   56  12   1  5   9   35  144   1   3   8  .273  0   0   1.186  4.27
Contreras,Roansy    57    0  0  84.1   77   48   46  14   0  1   6   40   68   5   3   3  .500  0   0   1.387  4.91
Smyly,Drew*         29    0  0  35.2   45   21   20   5   0  2   3   17   25   3   2   1  .667  0   0   1.738  5.05
Matsui,Yuki*        55    0  0  65.1   62   43   38   4   0  1   1   33   86   4   1   8  .111  0   0   1.454  5.23
Cabrera,Edward      24   24  0 116.1  108   81   75  18   4  2   5   79  112   0   4  14  .222  0   0   1.607  5.80
Nardi,Andrew*       25    0  0  27.2   29   18   18   4   0  2   1    6   33   0   0   0  .000  2   0   1.265  5.86
Maton,Phil          29    0  0  35.2   26   24   24   5   1  1   6   26   29   4   2   2  .500  2   0   1.458  6.06
Luzardo,Jesus*       5    5  0  25.2   32   20   19   3   0  1   1    8   26   0   0   3  .000  0   0   1.558  6.66
Buehler,Walker      12   12  0  55.1   73   42   42  16   1  4   0   15   47   0   1   9  .100  0   0   1.590  6.83
Gore,MacKenzie*     33   33  0 165.2  216  143  131  21   0  9   8   77  183   0   7  17  .292  0   0   1.769  7.12
Harrison,Kyle*      11   11  0  52.1   70   46   44  11   1  0   4   13   56   0   2   7  .222  0   0   1.586  7.57
Rainey,Tanner       25    0  0  25.1   24   24   22   5   0  1   3   23   20   0   1   1  .500  2   0   1.855  7.82
Sandoval,Patrick    10    0  0  22.0   33   24   24   2   0  0   1   15   17   0   0   0  .000  0   0   2.182  9.82
                   162  162  0  1452 1426  806  760 174  14 46  77  560 1436  26  62 100  .383 26   9   1.368  4.71

Incarnations         G   PA   AB    H  2B  3B  HR   TB    R  RBI   BB    K  IB  SH SF  SB CS   Avg    OB   Slg    OPS
d'Arnaud,Travis     44  128  113   25   1   0  14   68   18   28   11   28   0   0  1   0  0  .221  .305  .602   .907
Sosa,Edmundo        67  214  193   43   9   6   8   88   21   25   13   46   0   1  0   6  0  .223  .296  .456   .752
Peralta,David*      77  263  243   60  12   0   9   99   21   29   16   44   0   0  4   3  1  .247  .289  .407   .696
Rojas,Miguel       100  349  324   81  25   0   6  124   40   29   18   34   0   1  2   9  2  .250  .296  .383   .679
Conforto,Michael    47  124  108   20   5   1   4   39   10   13   14   42   0   0  1   0  0  .185  .282  .361   .643
Arraez,Luis*       135  538  512  136  23   2   0  163   35   53   20   23   3   0  3   8  7  .266  .296  .318   .614
Perdomo,Geraldo#   111  400  351   82  16   0   2  104   35   19   37   68   1   8  0  11  1  .234  .314  .296   .610
Herrera,Ivan        13   46   44   11   0   0   1   14    3    3    2   16   0   0  0   0  0  .250  .283  .318   .601
Calhoun,Willie*     17   59   54   10   3   0   2   19    2    6    4    9   0   0  1   0  0  .185  .237  .352   .589
Goldschmidt,Paul   157  572  527   95  16   2  22  181   60   45   41  168   1   0  2   5  1  .180  .240  .343   .583
Rojas,Johan         98  299  289   71   7   2   3   91   29   13    6   63   0   2  0  25  4  .246  .266  .315   .581
Tauchman,Mike*     116  374  324   65  10   1   4   89   27   18   45   99   0   0  1   7  5  .201  .305  .275   .580
Smith,Will         152  602  554  109  20   2  14  175   37   51   38  134   1   0  3   0  1  .197  .256  .316   .572
Arenado,Nolan      162  622  575  117  10   0  16  175   44   52   38   95   2   0  4   2  1  .203  .257  .304   .561
Blackmon,Charlie    59  183  167   29   8   4   3   54   12   17   12   33   0   0  2   1  1  .174  .235  .323   .558
Winker,Jesse*      149  522  447   79  19   0   6  116   49   31   69  120   1   1  1  17  4  .177  .292  .260   .552
Duvall,Adam         33   62   53    9   2   0   0   11    3    2    7   12   0   0  0   0  0  .170  .290  .208   .498
Canha,Mark         151  457  408   71  18   0   1   92   29   18   37  126   0   0  2   3  0  .174  .258  .225   .483
Martinez,J.D.       32   80   69    8   1   0   1   12    2    7    9   25   0   0  1   0  0  .116  .225  .174   .399
Taylor,Chris         1    1    1    0   0   0   0    0    0    0    0    0   0   0  0   0  0  .000  .000  .000   .000
                   162 5894 5356 1121 205  20 116 1714  477  459  437 1185   9  13 28  97 28  .209  .275  .320   .595

Incarnations         G   GS CG    IP    H    R   ER  HR  SH SF  HP   BB    K  IB   W   L   Pct Sv SHO    WHIP   ERA
Peralta,Wandy*      34    0  0  35.1   28    6    6   2   0  2   3    5   12   0   2   1  .667  0   0    .934  1.53
Doval,Camilo        32    0  0  27.1   17    6    6   1   0  0   3   14   42   0   2   2  .500 19   0   1.134  1.98
Fedde,Erick         33   33  1 188.2  133   63   60  19   4  2   9   50  169   0  11  12  .478  0   1    .970  2.86
Nola,Aaron          33   33  2 202.0  163   73   66  18   0  4   4   57  221   0  11  11  .500  0   1   1.089  2.94
Wacha,Michael       33   33  1 191.2  157   64   64  23   1  1   6   46  168   0   9  13  .409  0   0   1.059  3.01
Robertson,David     72    0  0  78.2   56   31   28  10   2  1   4   26  116   3   2   4  .333  3   0   1.042  3.20
Musgrove,Joe        19   19  0 106.0   82   39   38  13   1  3   7   23  106   0   3   7  .300  0   0    .991  3.23
Rogers,Tyler        73    0  0  70.0   58   27   26   9   0  0   4    3   56   3   2   4  .333  1   0    .871  3.34
Darvish,Yu          14   14  0  70.1   58   28   28  11   1  2   2   24   82   0   2   5  .286  0   0   1.166  3.58
Jarvis,Bryce        51    0  0  69.0   59   35   32   5   1  3   6   42   42   2   5   3  .625  0   0   1.464  4.17
Holmes,Grant        36    1  0  75.2   78   36   36   9   0  2   3   28   72   3   4   5  .444  1   0   1.401  4.28
Johnson,Pierce      59    0  0  60.1   48   31   29  12   1  0   3   36   70   3   1   3  .250  0   0   1.392  4.33
Stanek,Ryne         64    0  0  58.0   45   32   30   9   0  3   5   31   51   5   1   2  .333  0   0   1.310  4.66
Helsley,Ryan        33    0  0  28.1   30   15   15   5   1  0   1    9   30   0   2   6  .250 16   0   1.376  4.76
Nelson,Ryne         30   29  0 147.2  160   86   81  17   1  8   6   36  102   0   4  15  .211  0   0   1.327  4.94
Bummer,Aaron*       27    0  0  32.0   38   21   21   1   1  0   2   12   30   4   3   5  .375  0   0   1.563  5.91
Young,Danny*         9    0  0   8.0   11    7    6   3   0  0   1    2   12   0   0   0  .000  0   0   1.625  6.75
                   162  162  4  1449 1221  600  572 167  14 31  69  444 1381  23  64  98  .395 40  12   1.149  3.55

Morgen Grinders      G   PA   AB    H  2B  3B  HR   TB    R  RBI   BB    K  IB  SH SF  SB CS   Avg    OB   Slg    OPS
Ohtani,Shohei*     162  778  697  214  43   6  45  404  123  122   71  201   5   0  5  62  6  .307  .373  .580   .953
Soto,Juan*          78  386  317   77  15   3  27  179   65   67   60   71   1   0  3   5  3  .243  .370  .565   .935
Schmitt,Casey       48  134  126   33   4   1   9   66   23   22    4   39   1   0  0   0  0  .262  .306  .524   .830
Burleson,Alec*     153  518  471  129  19   1  27  231   58   79   38   84   1   0  1   9  3  .274  .338  .490   .828
Stallings,Jacob     82  279  238   58  27   1   8  111   32   39   32   65   0   1  1   0  0  .244  .349  .466   .815
Carpenter,Matt*     36   99   93   34   2   0   0   36   15    3    4   30   0   0  0   0  0  .366  .404  .387   .791
Casali,Curt          3   12   11    4   0   0   0    4    1    1    0    1   0   0  0   0  0  .364  .417  .364   .781
Walker,Jordan        5    9    6    1   1   0   0    2    1    0    3    0   0   0  0   0  0  .167  .444  .333   .777
Donovan,Brendan*   160  718  654  167  37   3  26  288   87   88   47   98   0   0  3   6  4  .255  .318  .440   .758
Riley,Austin       140  513  470  116  31   2  19  208   52   60   35  136   0   0  4   0  0  .247  .302  .443   .745
Lux,Gavin*          44  123  109   26   7   2   3   46   12   10   12   33   0   0  2   0  1  .239  .309  .422   .731
Kim,Ha-seong       141  515  439  107  14   2  11  158   66   36   61   99   2   5  3  27  7  .244  .343  .360   .703
Nootbaar,Lars*     113  480  412   92  19   3  11  150   58   61   56  114   2   1  7  10  9  .223  .317  .364   .681
Vierling,Matt      162  701  658  158  30   7  13  241   57   75   37  167   1   0  1   8  4  .240  .285  .366   .651
Gallo,Joey*         72  145  123   19   5   0   7   45   23   15   21   57   0   0  0   2  1  .154  .283  .366   .649
Paredes,Isaac       84  357  300   64  17   1   4   95   37   31   43   64   1   0  4   1  0  .213  .328  .317   .645
Ahmed,Nick          36  105   95   27   0   0   0   27   15    4    9   32   0   0  0   1  0  .284  .346  .284   .630
Bailey,Patrick#    134  405  366   78  10   1   9  117   37   42   32   91   0   2  5   3  4  .213  .273  .320   .593
Hill,Derek          74  206  189   33   3   4   6   62   21   17   12   67   0   0  2   7  3  .175  .233  .328   .561
Nunez,Nasim#        13   39   25    3   0   0   0    3    7    2    9    1   0   4  1   2  2  .120  .343  .120   .463
                   162 6278 5584 1389 272  37 217 2386  761  745  565 1398  14  12 42 138 47  .249  .324  .427   .751

Morgen Grinders      G   GS CG    IP    H    R   ER  HR  SH SF  HP   BB    K  IB   W   L   Pct Sv SHO    WHIP   ERA
Rodriguez,Randy     18    0  0  33.0   15    7    7   1   0  0   2   15   28   2   2   1  .667  0   0    .909  1.91
Estevez,Carlos      27    0  0  24.2   18    7    7   5   0  0   0    2   18   0   3   3  .500 14   0    .811  2.55
Garcia,Robert*      65    0  0  64.2   54   21   20   2   0  2   1   18   91   1   0   2  .000  0   0   1.113  2.78
Wheeler,Zack        34   34  1 220.2  150   72   72  37   2  4   8   49  232   0  16   8  .667  0   1    .902  2.94
Romero,JoJo*        49    0  0  64.0   50   24   21  10   0  4  11   22   51   1   2   2  .500  1   0   1.125  2.95
Ruiz,Jose            2    0  0   3.0    4    1    1   1   0  0   0    0    1   0   0   0  .000  0   0   1.333  3.00
Rodriguez,Eduard     4    4  0  19.2   18    7    7   3   1  0   1    7   16   0   1   1  .500  0   0   1.271  3.20
Hjelle,Sean         48    0  0  92.1   89   34   34  15   0  0   4   15   91   0   5   1  .833  0   0   1.126  3.31
Pallante,Andre      26   26  0 123.2  114   54   47  14   1  4   3   46   89   0   5   7  .417  0   0   1.294  3.42
Ginkel,Kevin        57    0  0  72.2   67   31   29   8   0  2   6   19   91   0   5   4  .556  2   0   1.183  3.59
Webb,Jacob          63    0  0  59.2   49   25   24   4   0  1   0   22   55   0   5   3  .625  1   0   1.190  3.62
Martinez,Nick       24    6  1  63.1   66   26   26   5   1  2   4   11   57   2   4   2  .667  0   0   1.216  3.69
Webb,Logan          34   34  0 213.2  234  101   95  20   2  6   3   69  175   1  13   9  .591  0   0   1.418  4.00
Pfaadt,Brandon      28   28  0 163.0  178   93   81  29   2  3   6   35  169   0  12   8  .600  0   0   1.307  4.47
Kopech,Michael      65    0  0  72.0   51   39   37  17   0  1   7   39   93   0   7   3  .700  2   0   1.250  4.63
Bellozo,Valente      5    5  0  27.0   25   14   14   9   1  0   0    8   13   0   0   3  .000  0   0   1.222  4.67
Bivens,Spencer      20    0  0  37.0   42   21   21   6   0  3   4    7   37   1   2   0 1.000  1   0   1.324  5.11
Diaz,Edwin          36    0  0  33.2   24   20   20   8   0  0   9   13   50   0   0   5  .000 23   0   1.099  5.35
Soriano,Jose        25   25  0 135.2  150   97   94  12   6  6  11   56  130   0   6  12  .333  0   0   1.518  6.24
                   162  162  2  1467 1337  648  611 195  15 34  74  425 1434   7  88  74  .543 44  12   1.201  3.75

Rivercrypts          G   PA   AB    H  2B  3B  HR   TB    R  RBI   BB    K  IB  SH SF  SB CS   Avg    OB   Slg    OPS
Crews,Dylan         23   13   11    4   0   0   1    7    6    4    2    2   0   0  0   1  0  .364  .462  .636  1.098
Soto,Juan*          84  384  314   75  14   4  27  178   63   57   64   70   7   0  2   5  1  .239  .372  .567   .939
Hernandez,Enriqu    46   53   49   16   5   0   2   27    5   12    4   10   1   0  0   0  0  .327  .377  .551   .928
Paredes,Isaac       38   74   60   14   1   0   6   33   10   11   11   10   2   0  1   0  0  .233  .365  .550   .915
Brujan,Vidal#        6   24   21    7   2   0   0    9    3    4    3    3   0   0  0   0  0  .333  .417  .429   .846
Machado,Manny      155  679  618  168  34   0  23  271   80   66   56  140   4   0  4  13  1  .272  .331  .439   .770
Schanuel,Nolan*    162  637  564  149  22   0  20  231   63   81   53  123   0   4  3  11  1  .264  .340  .410   .750
Thomas,Lane        112  216  187   50  16   1   1   71   29   19   25   49   0   0  0  14  8  .267  .366  .380   .746
Chisholm Jr.,Jaz   161  658  593  140  18  10  25  253   81   84   56  165   0   0  4  46  7  .236  .305  .427   .732
Bogaerts,Xander    143  534  491  138  16   5   9  191   51   49   40  104   3   0  2  16  6  .281  .335  .389   .724
Abrams,CJ*         162  732  652  145  30  12  24  271   90   83   53  177   1   0  4  39 22  .222  .302  .416   .718
Young,Jacob        161  516  462  115  25   1   3  151   59   43   34  120   1   9  2  37  9  .249  .312  .327   .639
Sanchez,Jesus*     149  468  427   85  23   2  15  157   52   55   35  149   2   1  1  14  5  .199  .266  .368   .634
Lopez,Otto          72  126  120   29   8   0   2   43   11   12    4   24   0   1  0   3  1  .242  .272  .358   .630
Moreno,Gabriel      35  148  133   30   9   1   1   44   13   16   14   28   0   0  1   0  0  .226  .297  .331   .628
Fortes,Nick         72  267  243   58  10   0   0   68   16   18    9   46   0   9  2   0  0  .239  .275  .280   .555
Jones,Nolan*        90  330  278   44  13   1   4   71   31   27   50  116   0   0  2   2  5  .158  .285  .255   .540
Higashioka,Kyle     62  224  206   33   9   1   7   65   20   15   16   64   0   0  2   1  0  .160  .219  .316   .535
Lux,Gavin*          33   35   32    6   2   0   0    8    5    1    3   11   0   0  0   0  0  .188  .257  .250   .507
                   162 6118 5461 1306 257  38 170 2149  688  657  532 1411  21  24 30 202 66  .239  .313  .394   .707

Rivercrypts          G   GS CG    IP    H    R   ER  HR  SH SF  HP   BB    K  IB   W   L   Pct Sv SHO    WHIP   ERA
Fulmer,Carson       10    3  0  30.0   20    8    8   3   0  1   2   15   22   0   2   1  .667  0   0   1.167  2.40
Estevez,Carlos      22    0  0  27.1   25   12   11   6   0  0   0    4   21   0   3   3  .500  4   0   1.061  3.62
Imanaga,Shota*      34   34  0 202.0  185   88   84  36   4  8   2   33  203   0   9  13  .409  0   0   1.079  3.74
Strickland,Hunte    71    0  0  89.2   71   39   38  10   1  1   3   40   67   6   4   4  .500  0   0   1.238  3.81
Suarez,Robert       59    0  0  65.1   71   29   28   7   0  3   0   16   58   2   4   8  .333 19   0   1.332  3.86
Martinez,Nick       19   15  0  95.0  109   50   45  14   1  5   3   16   78   1   7   3  .700  0   0   1.316  4.26
Alvarado,Jose*      72    0  0  71.0   62   34   34   5   0  2   2   31   78   2   7   3  .700  0   0   1.310  4.31
Diaz,Edwin          25    0  0  15.2   17   10    8   3   0  0   0    9   28   1   0   3  .000  5   0   1.660  4.60
Schwellenbach,Sp    25   25  0 140.1  140   78   78  28   2  5   9   34  132   1   6   8  .429  0   0   1.240  5.00
Lopez,Jorge         47    0  0  61.0   72   40   37   8   1  3   4   21   60   1   1   4  .200  0   0   1.525  5.46
Banks,Tanner*       22    0  0  28.2   27   18   18   4   1  2   4   14   27   0   3   1  .750  0   0   1.430  5.65
Perez,Martin*        4    4  0  21.2   30   14   14   4   0  0   0   13   17   0   0   3  .000  0   0   1.985  5.82
Gibson,Kyle         34   34  0 191.0  203  128  124  44   0  6   2   84  161   0   6  18  .250  0   0   1.503  5.84
Irvin,Jake          34   34  0 185.1  216  125  123  40   4  6   2   50  157   0   6  15  .286  0   0   1.435  5.97
Hicks,Jordan        39    9  0 121.0  140   94   87  21   2  2   7   74  106   0   1   5  .167  0   0   1.769  6.47
Floro,Dylan         20    0  0  25.2   31   20   19   6   0  0   1    9   20   1   0   3  .000  0   0   1.558  6.66
Pearson,Nate        55    4  0  73.2  101   71   69  17   0  2   5   35  105   2   4   4  .500  0   0   1.846  8.43
                   162  162  0  1444 1520  858  825 256  16 46  46  498 1340  17  63  99  .389 28   7   1.398  5.14

Skramalonians        G   PA   AB    H  2B  3B  HR   TB    R  RBI   BB    K  IB  SH SF  SB CS   Avg    OB   Slg    OPS
Smith,Pavin*        43   98   87   22   8   0   5   45   11   13    9   20   1   0  2   0  0  .253  .316  .517   .833
Del Castillo,Adr    30   90   85   25   4   0   3   38    9   11    5   27   0   0  0   0  0  .294  .333  .447   .780
Pillar,Kevin        79  187  171   47  16   0   4   75   29   22    9   46   0   0  0   8  5  .275  .337  .439   .776
Lindor,Francisco   162  740  668  169  27   0  32  292   84   81   57  153   0   0  4  33  8  .253  .320  .437   .757
Realmuto,J.T.      117  447  417  113  27   0  13  179   44   62   25  113   0   0  1   1  5  .271  .318  .429   .747
Bellinger,Cody*    158  650  587  146  24  10  17  241   76   83   54  113   2   0  7  10  2  .249  .311  .411   .722
Solano,Donovan      63  193  176   44   9   0   4   65   18   19   16   39   0   0  0   2  0  .250  .316  .369   .685
Cronenworth,Jake   110  412  366   82  20   8   6  136   37   33   40   73   0   0  5   0  2  .224  .299  .372   .671
Walker,Christian   162  690  630  135  28   1  25  240   68   61   49  193   1   0  4   0  3  .214  .277  .381   .658
Marte,Starling      69  236  215   58   4   2   0   66   19   13   17   61   1   0  0  10  6  .270  .335  .307   .642
Vientos,Mark       133  479  434   83  17   0  21  163   47   58   39  156   2   0  2   0  0  .191  .263  .376   .639
Schwarber,Kyle*    162  716  614  116  22   0  23  207   77   63   91  210   3   0  4   5  2  .189  .299  .337   .636
Rodgers,Brendan     68  259  245   60  11   0   4   83   22   24   13   60   0   0  0   1  1  .245  .286  .339   .625
McCarthy,Jake*     120  405  358   76   4   3   9  113   40   29   28   68   0   4  2  21  1  .212  .292  .316   .608
Thaiss,Matt*        22   80   69   13   3   0   0   16    8    2   11   29   0   0  0   0  0  .188  .300  .232   .532
Kelenic,Jarred*    128  417  376   64  11   2   7  100   34   31   36  136   1   0  3   5  3  .170  .245  .266   .511
DeJong,Paul          8    7    6    0   0   0   0    0    0    0    1    4   0   0  0   0  0  .000  .143  .000   .143
                   162 6106 5504 1253 235  26 173 2059  623  605  500 1501  11   4 34  96 38  .228  .298  .374   .672

Skramalonians        G   GS CG    IP    H    R   ER  HR  SH SF  HP   BB    K  IB   W   L   Pct Sv SHO    WHIP   ERA
Walker,Ryan         74    0  0  96.0   36   10   10   2   1  2   8   25  117   5   9   2  .818 12   0    .635  0.94
Herz,DJ*            14   14  0  72.2   48   21   20   6   2  0   9   30   90   0   6   2  .750  0   0   1.073  2.48
Jimenez,Joe         62    0  0  82.1   50   25   23   4   1  3   4   21   90   1   6   1  .857  0   0    .862  2.51
Barnes,Jacob        26    0  0  31.2   25   11    9   3   0  0   1   17   18   0   2   1  .667  0   0   1.326  2.56
Lopez,Reynaldo      28   27  0 157.0  104   46   45  13   1  0   4   39  165   0  16   4  .800  0   0    .911  2.58
Brown,Ben           20    5  0  70.0   50   26   23   5   0  1   1   27   78   2   3   5  .375  0   0   1.100  2.96
Law,Derek           80    0  0 101.1  105   38   36  10   0  2   0   43   96   5   4   4  .500  1   0   1.461  3.20
Chavez,Jesse        45    0  0  72.0   57   34   31   9   0  4   2   32   68   3   2   2  .500  0   0   1.236  3.88
Fried,Max*          31   31  1 181.1  169   88   83  28   2  4   5   59  176   0   7  10  .412  0   1   1.257  4.12
Finnegan,Kyle       64    0  0  65.2   56   33   32  11   1  1   0   18   59   0   7  11  .389 27   0   1.127  4.39
Kochanowicz,Jack    14   14  0  75.1   76   37   37   8   0  1   7   10   40   0   3   7  .300  0   0   1.142  4.42
Mantiply,Joe*       55    0  0  58.2   60   29   29   4   0  3   0   18   50   1   1   3  .250  1   0   1.330  4.45
Hendricks,Kyle      15    9  0  68.0   70   41   34  14   0  1   1   19   41   1   4   4  .500  0   0   1.309  4.50
Anderson,Tyler*     32   32  0 178.1  171   98   94  23   4  5   9   79  120   0   7  11  .389  0   0   1.402  4.74
Assad,Javier        30   30  1 154.0  152  104   99  36   2  0   4   73  139   0   5  13  .278  0   0   1.461  5.79
                   162  162  2  1464 1229  641  605 176  14 27  55  510 1347  18  82  80  .506 41  12   1.188  3.72

