Avery Deemers        G   PA   AB    H  2B  3B  HR   TB    R  RBI   BB    K  IB  SH SF  SB CS   Avg    OB   Slg    OPS
Tena,Jose*          21   60   53   22  12   1   0   36    7    8    7    6   0   0  0   0  0  .415  .483  .679  1.162
Lile,Daylen*        52  179  169   60   9   5   5   94   22   24    9   29   0   0  1   3  5  .355  .385  .556   .941
Devers,Rafael*      46  164  131   39   8   0   5   62   23   21   32   49   1   0  0   0  0  .298  .439  .473   .912
Paris,Kyren          8   34   31    7   3   0   3   19    5    7    2   15   0   0  0   0  0  .226  .294  .613   .907
Schwarber,Kyle*     53  246  209   56   9   3  12  107   35   38   32   77   0   0  0   4  0  .268  .378  .512   .890
Merrill,Jackson*   125  433  389  122  24   5  14  198   59   63   34   92   0   1  4   1  1  .314  .373  .509   .882
Hays,Austin        109  312  289   89  23   4   9  147   38   39   22   77   0   0  0   1  2  .308  .359  .509   .868
Tatis Jr.,Fernan   155  686  586  163  17   0  28  264  102   89   87  123   3   0  4  35 12  .278  .377  .451   .828
Lowe,Nathaniel*     25   78   72   19   5   0   4   36   13   15    6   20   0   0  0   0  0  .264  .321  .500   .821
Arraez,Luis*        90  328  295   98  13   1   5  128   41   37   22    8   0   6  4   6  3  .332  .376  .434   .810
Paredes,Isaac      121  434  376  100  14   0  18  168   55   61   44   90   0   0  7   0  0  .266  .348  .447   .795
Kim,Hyeseong*       39   92   88   25   3   0   5   43   14   15    2   37   1   0  1   4  2  .284  .304  .489   .793
Suzuki,Seiya       109  454  402  100  18   3  19  181   57   53   49  120   3   0  2   3  0  .249  .330  .450   .780
Realmuto,J.T.       30  127  115   35   5   1   2   48   14   15    9   28   0   0  1   2  1  .304  .362  .417   .779
Contreras,Willso   109  462  402   99  19   3  14  166   50   60   37  125   0   0  4   5  1  .246  .335  .413   .748
Norby,Connor        25   78   75   23   5   0   1   31    6    9    3   17   0   0  0   2  1  .307  .333  .413   .746
Bogaerts,Xander    134  537  495  135  23   1   6  178   61   54   36   95   0   0  0  21  3  .273  .328  .360   .688
Kelly,Carson       108  413  364   83  11   1  10  126   43   46   41   80   1   0  6   2  0  .228  .305  .346   .651
Edwards,Xavier#    132  482  434  110  10   6   3  141   69   39   42   74   1   3  2  24  7  .253  .319  .325   .644
Pozo,Yohel           8   25   24    6   2   0   0    8    2    1    1    3   0   0  0   0  0  .250  .280  .333   .613
Del Castillo,Adr    26   95   86   17   4   0   2   27    8    9    9   32   0   0  0   0  0  .198  .274  .314   .588
Goldschmidt,Paul    38   90   84   19   2   0   1   24    6    8    4   18   0   0  2   1  0  .226  .256  .286   .542
Myers,Dane          46  162  150   31   4   0   2   41   18    9   11   41   0   0  0   7  1  .207  .265  .273   .538
Fitzgerald,Tyler    64  167  152   27   6   2   2   43   13   16   11   56   0   4  0   5  1  .178  .233  .283   .516
Farmer,Kyle         54  185  167   26   5   0   5   46   15   13   12   48   0   0  0   0  0  .156  .234  .275   .509
                   162 6282 5605 1501 252  36 174 2347  774  747  559 1343  10  14 38 126 40  .268  .339  .419   .758

Avery Deemers        G   GS CG    IP    H    R   ER  HR  SH SF  HP   BB    K  IB   W   L   Pct Sv SHO    WHIP   ERA
Flexen,Chris        30    0  0  45.1   41   14   13   8   1  1   0   10   17   0   0   1  .000  0   0   1.125  2.58
Dodd,Dylan*         26    0  0  23.0   17    7    7   4   0  0   0    2   24   0   3   1  .750  0   0    .826  2.74
Banda,Anthony*      71    0  0  71.1   36   23   23  10   0  3   2   36   65   1   4   4  .500  1   0   1.009  2.90
Thielbar,Caleb*     26    0  0  27.2   19    9    9   3   0  2   0    4   29   1   0   2  .000  0   0    .831  2.93
Adam,Jason          68    0  0  65.1   57   24   22   5   1  0   3   30   66   6   4   2  .667  0   0   1.332  3.03
Jansen,Kenley       58    0  0  60.0   39   22   21  12   2  1   1   25   51   0   6   6  .500 35   0   1.067  3.15
Keller,Brad         28    0  0  25.2   22    9    9   2   0  0   3   11   25   0   2   1  .667  1   0   1.286  3.16
Lucchesi,Joey*      41    0  0  43.0   31   17   16   2   0  2   4   12   31   2   5   3  .625  1   0   1.000  3.35
Junk,Janson         11   11  0  61.2   69   26   24   2   2  1   2   10   57   0   3   1  .750  0   0   1.281  3.50
Sanchez,Cristoph    33   33  0 193.0  189   81   75  11   3  7  11   58  210   2  13  10  .565  0   0   1.280  3.50
Holmes,Clay         33   33  0 164.2  150   76   66  10   2  8  10   78  123   0  10   8  .556  0   0   1.385  3.61
Perez,Martin*       13   12  0  65.1   47   29   27   9   0  3   4   21   49   0   6   5  .545  0   0   1.041  3.72
Urena,Jose           2    2  0  12.0    6    5    5   2   0  1   0    6   11   0   0   2  .000  0   0   1.000  3.75
Lord,Brad           46    2  0 120.0  105   57   54  23   0  1   2   63   97   2   6   3  .667  3   0   1.400  4.05
Gray,Sonny          19   19  1  99.0  109   58   45  13   2  2   5   26  113   0   6   6  .500  0   0   1.364  4.09
Webb,Logan          12   12  0  75.2   78   36   35   6   3  4   1   22   75   2   2   2  .500  0   0   1.322  4.16
Detmers,Reid*       38    0  0  39.2   45   27   20   6   0  0   3   11   53   2   4   2  .667  0   0   1.412  4.54
Gallen,Zac          21   21  1 119.0  104   63   62  24   0  2   4   40  109   0   7   7  .500  0   1   1.210  4.69
Kittredge,Andrew    48    0  0  53.1   58   29   28  12   2  1   0   13   63   0   3   4  .429  4   0   1.331  4.73
Estevez,Carlos       4    0  0   4.1    2    3    3   2   0  0   0    4    6   0   0   1  .000  0   0   1.385  6.23
Perez,Eury          17   17  0  76.2   75   55   54  20   1  4   4   20   85   0   3   3  .500  0   0   1.239  6.34
Lazar,Max            3    0  0   2.1    1    2    2   0   0  1   0    1    1   0   1   0 1.000  0   0    .857  7.71
                   162  162  1  1439 1290  666  614 184  18 43  59  500 1354  18  88  74  .543 45  11   1.244  3.84

B-Rads               G   PA   AB    H  2B  3B  HR   TB    R  RBI   BB    K  IB  SH SF  SB CS   Avg    OB   Slg    OPS
Garcia Jr.,Luis*    26   47   38   15   2   0   2   23   11    7    7    6   0   0  1   1  0  .395  .489  .605  1.094
Marchan,Rafael#     17   54   49   18   4   0   1   25    4    4    5    4   0   0  0   0  0  .367  .426  .510   .936
Lile,Daylen*        59  184  169   53  10   7   6   95   28   31   12   31   0   0  1   2  4  .314  .364  .562   .926
Tucker,Kyle*        96  433  348  101  18   4  14  169   69   45   77   60   3   1  4  17  2  .290  .419  .486   .905
Arraez,Luis*        59  281  258   91  15   2   2  116   36   26   14    6   0   5  2   5  0  .353  .388  .450   .838
Baldwin,Drake*     115  516  472  133  20   6  18  219   61   88   35   81   0   0  3   0  0  .282  .337  .464   .801
Schmitt,Casey       45  191  173   47  11   0   6   76   23   23   11   39   0   2  2   0  0  .272  .323  .439   .762
Kim,Hyeseong*       45   98   91   25   0   0   4   37   15   10    7   31   0   0  0   5  0  .275  .327  .407   .734
McMahon,Ryan*       74  282  235   55  12   1   5   84   30   39   41   87   1   0  5   2  2  .234  .344  .357   .701
Adames,Willy       161  677  610  132  20   0  34  254   77   77   56  193   2   0  7  13  9  .216  .284  .416   .700
Happ,Ian#          151  669  560  119  29   1  18  204   73   64  101  165   2   0  4   4  5  .213  .335  .364   .699
Maldonado,Martin    46  161  144   40   4   0   3   53   11   18   10   49   0   6  0   0  0  .278  .329  .368   .697
Goldschmidt,Paul    89  302  280   74  21   0   5  110   31   35   15   59   3   0  5   3  0  .264  .301  .393   .694
Hoerner,Nico       101  396  369  103  14   3   1  126   43   20   23   30   2   0  1  19  2  .279  .326  .341   .667
Smith,Pavin*        87  257  224   46  12   0   7   79   22   17   32   94   0   0  1   2  0  .205  .304  .353   .657
Contreras,Willso    53  271  247   56  13   0   7   90   30   19   17   79   2   0  1   1  0  .227  .292  .364   .656
Trout,Mike         118  482  420   85  10   0  16  143   51   52   54  167   5   0  1   1  6  .202  .303  .340   .643
Lopez,Otto          52  195  181   44   6   0   4   62   23   25   11   29   0   0  2   5  1  .243  .287  .343   .630
Hernandez,Enriqu    45  106   99   19   2   0   5   36    8   15    5   33   0   0  2   0  0  .192  .226  .364   .590
Harris II,Michae   161  626  595  125  18   6  17  206   59   74   18  143   0   3  6  18  4  .210  .236  .346   .582
Taylor,Tyrone       11    9    9    2   1   0   0    3    1    1    0    2   0   0  0   0  0  .222  .222  .333   .555
Pauley,Graham*      61  181  163   27  10   0   2   43   14   13   16   25   0   2  0   3  0  .166  .240  .264   .504
                   162 6304 5629 1380 249  27 177 2214  708  691  558 1392  20  19 48 101 29  .245  .316  .393   .710

B-Rads               G   GS CG    IP    H    R   ER  HR  SH SF  HP   BB    K  IB   W   L   Pct Sv SHO    WHIP   ERA
Thielbar,Caleb*     43    0  0  40.0   23   11   10   3   0  1   0   14   47   0   1   0 1.000  0   0    .925  2.25
Lee,Dylan*          81    0  0  81.0   54   23   23  12   0  1   0   21   96   3   5   2  .714  1   0    .926  2.56
Dodd,Dylan*         17    0  0  22.2   18    7    7   2   0  0   1    3   20   1   0   0  .000  1   0    .926  2.78
Maton,Phil          31    0  0  37.1   34   13   12   1   0  0   4   17   50   1   0   3  .000  4   0   1.366  2.89
Horton,Cade         13    9  0  65.1   64   26   23   9   0  4   2   21   50   0   5   2  .714  0   0   1.301  3.17
Cease,Dylan         33   33  0 175.0  155   80   69  21   2  6   1   78  227   1  12   9  .571  0   0   1.331  3.55
Matsui,Yuki*        71    0  0  75.2   69   31   31   8   0  4   2   33   63   5   1   2  .333  0   0   1.348  3.69
Sasaki,Roki         14    0  0  38.2   31   18   17   6   0  0   6   21   32   0   1   1  .500  0   0   1.345  3.96
Severino,Luis       21   21  0 118.2  102   55   53  12   2  6   7   49   97   2   8   6  .571  0   0   1.272  4.02
Henry,Cole          60    0  0  60.1   42   30   28  12   1  1  12   37   68   0   2   3  .400  0   0   1.309  4.18
Imanaga,Shota*      27   27  0 174.2  156   87   83  34   0  3   2   48  163   1   9   8  .529  0   0   1.168  4.28
McGreevy,Michael    11   10  0  58.0   63   34   30  12   0  1   1   17   41   0   5   5  .500  0   0   1.379  4.66
Walker,Ryan         59    0  0  71.0   79   41   40  11   0  1  13   12   65   0   6   7  .462 30   0   1.282  5.07
Soroka,Michael      23   19  0  96.2   80   59   55  17   1  2  14   45   96   0   4   6  .400  0   0   1.293  5.12
Thompson,Ryan       50    0  0  50.0   62   35   31   6   1  0   4   26   36   0   2   2  .500  1   0   1.760  5.58
Bird,Jake           40    0  0  48.1   67   34   32   9   0  2   5   20   69   1   2   2  .500  1   0   1.800  5.96
Alcantara,Sandy     31   31  0 162.2  174  115  111  34   2  3  11   78  130   3   6  18  .250  0   0   1.549  6.14
Pallante,Andre      12   12  0  61.0   79   49   43  12   0  2   2   25   43   0   3   6  .333  0   0   1.705  6.34
Blewett,Scott       22    0  0  35.1   35   26   25  12   1  0   1   24   28   2   4   3  .571  0   0   1.670  6.37
Bender,Anthony      20    0  0  22.1   19   16   16   1   0  0   1   23   19   3   1   0 1.000  0   0   1.881  6.45
                   162  162  0  1467 1376  760  715 228  10 37  89  606 1419  23  77  85  .475 38   5   1.351  4.38

Co Operators         G   PA   AB    H  2B  3B  HR   TB    R  RBI   BB    K  IB  SH SF  SB CS   Avg    OB   Slg    OPS
Lawlar,Jordan        3    3    3    1   1   0   0    2    0    1    0    1   0   0  0   0  0  .333  .333  .667  1.000
Lugo,Matthew        37   85   84   24   4   0   7   49   16   17    1   24   0   0  0   0  0  .286  .294  .583   .877
Gorman,Nolan*       22   73   64   17   1   0   5   33   10   10    9   23   0   0  0   0  0  .266  .356  .516   .872
Carroll,Corbin*     91  421  381  100  10  10  26  208   65   75   30   99   0   1  4  26  3  .262  .321  .546   .867
Neto,Zach          109  466  431  118  26   4  27  233   65   75   20  144   1   4  2  21 12  .274  .318  .541   .859
Alvarez,Francisc   102  276  243   60  25   3   9  118   32   36   33   73   1   0  0   0  0  .247  .337  .486   .823
Moreno,Gabriel     108  372  333   91   9   1  16  150   45   58   34   81   0   0  2   0  0  .273  .344  .450   .794
Vargas,Ildemaro#    66  141  132   39   2   3   5   62   15   16    2   15   0   1  2   0  0  .295  .321  .470   .791
Stowers,Kyle*       77  288  254   72  12   1   7  107   27   33   29   79   1   0  2   0  0  .283  .361  .421   .782
Abrams,CJ*          52  216  191   51  15   2   4   82   20   15   18   46   0   0  0  13  0  .267  .352  .429   .781
Crow-Armstrong,P    53  215  190   46  10   1   8   82   25   35   16   55   0   0  3  13  5  .242  .316  .432   .748
Paris,Kyren         51  122  113   24   3   1   8   53   21   12    6   52   0   0  0   4  1  .212  .270  .469   .739
Olson,Matt*        161  710  614  139  32   3  24  249   79   70   88  199   2   0  6   0  1  .226  .323  .406   .729
Ozuna,Marcell      132  499  419   92  16   0  14  150   52   38   73  127   5   0  4   0  0  .220  .337  .358   .695
Muncy,Max*          44  174  135   29   2   0   3   40   21    9   31   42   0   0  2   1  0  .215  .379  .296   .675
Chapman,Matt        92  360  320   68  17   2  10  119   37   36   33   91   1   0  1   6  1  .213  .297  .372   .669
Stott,Bryson*      153  512  456  111  12   3   8  153   53   51   55   81   1   0  0  27  2  .243  .326  .336   .662
Edman,Tommy#        28   67   64   16   1   0   2   23    6    5    2   19   0   0  0   0  0  .250  .284  .359   .643
Kemp,Otto           61  208  187   39   9   0   6   66   18   13   11   73   0   0  0   0  1  .209  .288  .353   .641
Scott II,Victor*    87  261  220   47   7   2   4   70   36   19   25   49   0  11  0  17  1  .214  .308  .318   .626
Hernandez,Heribe    52  221  195   44   5   0   4   61   14   25   21   53   1   0  1   0  0  .226  .312  .313   .625
Doyle,Brenton      139  508  480  110  14   2  11  161   55   50   27  126   1   0  1  16  3  .229  .270  .335   .605
Adams,Riley         34   62   60    8   2   0   0   10    3    1    2   29   0   0  0   0  0  .133  .161  .167   .328
Crews,Dylan         19   32   31    4   0   0   0    4    2    0    1   12   0   0  0   3  0  .129  .156  .129   .285
                   162 6292 5600 1350 235  38 208 2285  717  700  567 1593  14  17 30 147 30  .241  .318  .408   .726

Co Operators         G   GS CG    IP    H    R   ER  HR  SH SF  HP   BB    K  IB   W   L   Pct Sv SHO    WHIP   ERA
Gibson,Cade*        43    0  0  60.1   38   13   12   2   0  0   8   16   50   0   2   2  .500  0   0    .895  1.79
Duran,Jhoan         36    0  0  37.2   35   10   10   1   1  2   0   12   47   0   4   4  .500 15   0   1.248  2.39
Chafin,Andrew*      15    0  0  15.0   11    4    4   2   0  0   0    7   23   0   1   1  .500  0   0   1.200  2.40
Miller,Erik*        39    0  0  37.1   28   13   10   1   0  0   2   29   32   0   0   0  .000  0   0   1.527  2.41
Peterson,David*     23   23  0 132.0  123   43   41   6   1  3   9   45  127   0  11   5  .688  0   0   1.273  2.80
Leahy,Kyle          22    0  0  32.0   27   10   10   4   0  1   0   12   26   1   2   0 1.000  0   0   1.219  2.81
Strahm,Matt*        46    0  0  52.2   44   18   17   3   0  1   1   24   64   2   2   3  .400  4   0   1.291  2.91
Burnes,Corbin        4    4  0  22.2   17    8    8   2   0  2   0    6   22   0   1   1  .500  0   0   1.015  3.18
Gage,Matt*          20    0  0  22.1   26   10    8   0   0  0   1    8   20   1   0   0  .000  0   0   1.522  3.22
Palencia,Daniel     15    0  0  16.0   15    6    6   3   0  1   1    9   22   0   1   2  .333  7   0   1.500  3.38
Scott,Tanner*       38    0  0  36.0   35   17   15   8   0  2   4   10   34   1   1   2  .333  0   0   1.250  3.75
King,Michael        11   11  0  62.0   57   34   31  15   0  3   4   28   61   0   4   4  .500  0   0   1.371  4.50
Herget,Jimmy        46    0  0  62.2   63   33   33   7   0  4   8   34   54   5   5   2  .714  1   0   1.548  4.74
Quintana,Jose*      28   28  0 154.1  158   93   84  27   3  6   4   65  120   0   4  14  .222  0   0   1.445  4.90
Trivino,Lou         41    0  0  51.1   45   33   32  12   0  0  13   26   42   0   2   1  .667  1   0   1.383  5.61
Vodnik,Victor       42    0  0  56.1   58   37   36   6   0  2   1   37   55   1   4   3  .571  3   0   1.686  5.75
Elder,Bryce         30   30  0 169.0  201  115  111  28   3  9   8   52  150   1   7  10  .412  0   0   1.497  5.91
Mikolas,Miles       30   30  0 154.1  151  112  106  41   1  6   3   53   95   2   8  13  .381  0   0   1.322  6.18
Strider,Spencer     26   26  0 138.1  157  120  112  39   3  5   6   72  139   0   4  18  .182  0   0   1.655  7.29
Walker,Taijuan      40    2  0  86.0  116   74   73  23   1  5   6   36   54   2   2   7  .222  2   0   1.767  7.64
Gusto,Ryan           5    2  0  10.1   15   12    9   4   0  1   1    6    9   0   0   1  .000  0   0   2.032  7.84
Nola,Aaron           7    6  0  29.2   40   31   28  12   0  1   1   14   24   1   0   3  .000  0   0   1.820  8.49
Brown,Ben            7    0  0  12.1   21   15   14   2   0  0   1    3   18   0   1   0 1.000  0   0   1.946 10.22
                   162  162  0  1450 1481  861  810 248  13 54  82  604 1288  17  66  96  .407 33   3   1.438  5.03

Coop d'etat          G   PA   AB    H  2B  3B  HR   TB    R  RBI   BB    K  IB  SH SF  SB CS   Avg    OB   Slg    OPS
Amaya,Miguel        23   88   82   27   9   0   3   45    6   11    3   15   0   0  0   0  0  .329  .375  .549   .924
Muncy,Max*          75  276  214   57   6   5   9  100   53   27   61   43   2   0  1   3  1  .266  .428  .467   .895
Carroll,Corbin*     53  245  218   63  10   5   9  110   32   28   26   70   0   0  0  14  3  .289  .367  .505   .872
Soto,Juan*         160  759  601  140  17   0  41  280  144   76  156  153  14   0  0  43  5  .233  .392  .466   .858
Crow-Armstrong,P   107  452  417  111  27   1  26  218   61   77   21  123   0   4  6  26  3  .266  .304  .523   .827
Ward,Taylor        157  689  607  151  36   1  36  297   84  106   76  200   1   0  6   4  1  .249  .329  .489   .818
Chapman,Matt        53  233  195   47  11   2   9   89   32   35   30   49   4   0  2   4  3  .241  .356  .456   .812
McNeil,Jeff*       116  446  399  106   9  10  10  165   48   63   27   49   0   3  7   3  2  .266  .323  .414   .737
Bell,Josh#         131  491  422   97  11   1  21  173   56   72   54   79   2   0  8   0  0  .230  .322  .410   .732
Murphy,Sean         70  282  240   47  13   0  13   99   35   34   31   89   0   0  0   0  0  .196  .316  .413   .729
Swanson,Dansby     162  651  594  151  24   3  21  244   85   68   46  174   1   3  3  19  0  .254  .312  .411   .723
Gorman,Nolan*       70  236  208   44   7   0  10   81   26   32   25   86   0   0  3   0  1  .212  .292  .389   .681
Bailey,Patrick#     79  304  276   67   8   2   8  103   24   23   23   99   0   2  2   1  0  .243  .301  .373   .674
Alexander,Blaze     78  246  208   45  14   1   4   73   21   19   23   79   0   3  2   3  1  .216  .321  .351   .672
Adell,Jo           150  639  598  124  18   1  34  246   62   96   32  189   0   0  2   6  2  .207  .254  .411   .665
Vientos,Mark        86  248  237   53  11   2   7   89   19   26    8   69   0   0  1   1  0  .224  .254  .376   .630
Acuna,Luisangel     61   67   61   12   3   0   0   15   17    2    5   18   0   1  0   7  1  .197  .258  .246   .504
Saggese,Thomas       6    8    6    1   0   0   0    1    0    1    1    2   0   0  1   0  0  .167  .250  .167   .417
Scott II,Victor*    19    3    2    0   0   0   0    0    3    0    1    1   0   0  0   0  0  .000  .333  .000   .333
                   162 6361 5585 1343 234  34 261 2428  808  796  649 1587  24  16 44 134 23  .240  .325  .435   .759

Coop d'etat          G   GS CG    IP    H    R   ER  HR  SH SF  HP   BB    K  IB   W   L   Pct Sv SHO    WHIP   ERA
Suarez,Ranger*      34   34  0 216.1  183   61   51  12   5  3   9   46  232   0  20   3  .870  0   0   1.059  2.12
Strahm,Matt*        20    0  0  21.0    9    5    5   2   0  0   2    6   24   1   0   1  .000  1   0    .714  2.14
Waldrep,Hurston     13   12  0  70.1   47   20   18   1   2  2   4   35   74   0   4   2  .667  0   0   1.166  2.30
Leahy,Kyle          52    0  0  74.0   71   26   21   4   0  0   1   18   65   3   3   3  .500  1   0   1.203  2.55
Kerkering,Orion     74    0  0  64.2   62   21   20   3   1  3   4   28   77   2   2   4  .333  0   0   1.392  2.78
Mejia,Juan          65    0  0  71.0   54   23   22   2   0  1   1   35   84   2   3   3  .500  1   0   1.254  2.79
Liberatore,Matth    29   29  0 155.2  137   63   54  18   5  4   2   52  115   0  10  10  .500  0   0   1.214  3.12
Garrett,Reed        64    0  0  63.1   43   25   25   9   0  2   4   38   68   1   3   0 1.000  1   0   1.279  3.55
Sale,Chris*         23   22  0 132.1  112   54   54  14   3  1   6   34  163   0   8   5  .615  0   0   1.103  3.67
Herget,Jimmy        30    0  0  34.0   33   14   14   0   0  0   6    9   24   0   2   1  .667  0   0   1.235  3.71
Phillips,Tyler      60    1  0  84.2   72   40   37  16   1  8   4   42   56   2   6   6  .500  3   0   1.346  3.93
Palencia,Daniel     42    0  0  47.1   51   22   22   5   3  1   1   20   52   0   6   3  .667 18   0   1.500  4.18
Senga,Kodai         22   22  0 113.0   98   63   53   9   1 11   2   56  119   1   4   6  .400  0   0   1.363  4.22
Freeland,Kyle*      22   22  0 118.0  120   59   56  21   4  1   5   19   92   0   8   6  .571  0   0   1.178  4.27
Chafin,Andrew*      29    0  0  26.1   28   14   13   3   0  0   1   21   33   3   0   5  .000  1   0   1.861  4.44
Burnes,Corbin        9    9  0  53.0   41   27   27   4   0  2   2   27   51   0   6   1  .857  0   0   1.283  4.58
Duran,Jhoan         28    0  0  27.0   31   15   14   2   1  1   3   10   32   0   1   4  .200 13   0   1.519  4.67
King,John*          63    0  0  54.2   85   42   39  11   1  1   0   22   31   2   2   4  .333  0   0   1.957  6.42
Buehler,Walker       9    9  0  40.2   64   48   47  12   1  2   3   25   33   0   1   5  .167  0   0   2.189 10.40
Gusto,Ryan           2    1  0   6.2    8    9    9   3   0  0   2    6    7   0   0   1  .000  0   0   2.100 12.15
Brown,Ben            2    1  0   4.0    8    7    7   2   0  0   0    2    4   0   0   0  .000  0   0   2.500 15.75
                   162  162  0  1478 1357  658  608 153  28 43  62  551 1436  17  89  73  .549 39  10   1.291  3.70

Dou's Crew           G   PA   AB    H  2B  3B  HR   TB    R  RBI   BB    K  IB  SH SF  SB CS   Avg    OB   Slg    OPS
Tucker,Kyle*        53  240  195   54  13   1   7   90   50   25   38   33   0   1  3  11  0  .277  .397  .462   .859
Freeman,Freddie*   146  650  595  181  39   3  25  301   84  113   43  163   0   0  8   7  0  .304  .351  .506   .857
Hoerner,Nico        53  230  212   73  12   0   5  100   35   28   15   19   0   0  3  11  5  .344  .383  .472   .855
Turner,Trea        144  660  619  191  24   9  23  302  101   72   37  115   2   0  0  40  8  .309  .352  .488   .840
Nunez,Nasim#        54   71   60   18   2   0   2   26   26   11    9    8   0   1  1   8  1  .300  .386  .433   .819
Nimmo,Brandon*     153  650  589  159  31   0  23  259   72   87   48  154   1   1  4  14  3  .270  .331  .440   .771
Suarez,Eugenio     154  628  562  118  27   0  36  253   69   93   51  200   4   0  5   4  4  .210  .285  .450   .735
Sanoja,Javier       81  229  208   55  14   3   3   84   22   14   16   28   0   3  1   6  1  .264  .319  .404   .723
Laureano,Ramon     115  452  398   98  16   1  13  155   42   48   42  119   3   0  5   4  1  .246  .325  .389   .714
Lopez,Otto          65  226  213   57   9   0   6   84   30   24   13   44   2   0  0   4  1  .268  .310  .394   .704
Schmitt,Casey       38  102   95   21   6   0   5   42   11   12    4   29   0   0  2   0  0  .221  .255  .442   .697
McCann,James        37  131  118   25   7   0   5   47   11   15   11   37   0   0  0   0  0  .212  .290  .398   .688
Hernandez,Teosca    36  117  113   28   6   0   4   46    9   11    3   25   0   0  1   1  1  .248  .265  .407   .672
Bader,Harrison     162  661  616  149  25   1  17  227   77   73   32  197   4   0  4  14 11  .242  .287  .369   .656
Pages,Pedro         97  368  353   87  18   0   9  132   44   29   12  105   0   1  0   0  0  .246  .275  .374   .649
Taylor,Tyrone       20   32   31   10   0   0   0   10    7    2    0    6   0   1  0   1  0  .323  .323  .323   .646
Alonso,Pete        149  638  581  121  35   1  18  212   57   63   39  168   3   0  5   0  3  .208  .271  .365   .636
McMahon,Ryan*       19   43   37    7   4   0   0   11    5    4    6   15   0   0  0   0  0  .189  .302  .297   .599
Diaz,Elias          37  136  124   25   2   0   3   36    8   12    6   44   0   5  1   0  0  .202  .237  .290   .527
                   162 6264 5719 1477 290  19 204 2417  760  736  425 1509  19  13 43 125 39  .258  .315  .423   .737

Dou's Crew           G   GS CG    IP    H    R   ER  HR  SH SF  HP   BB    K  IB   W   L   Pct Sv SHO    WHIP   ERA
Yamamoto,Yoshino    34   34  0 195.2  142   60   53  15   2  6   3   63  207   1  10   8  .556  0   0   1.048  2.44
Finnegan,Kyle       24    0  0  24.2   17    8    7   3   0  0   1   14   23   1   2   3  .400  0   0   1.257  2.55
Bender,Anthony      33    0  0  38.1   43   12   11   1   2  2   1   13   33   2   5   2  .714  0   0   1.461  2.58
Snell,Blake*        13   13  0  71.2   60   24   22   4   0  2   0   34   98   0   6   2  .750  0   0   1.312  2.76
Stewart,Brock       43    0  0  41.0   41   14   13   3   0  2   4   18   45   0   0   2  .000  0   0   1.439  2.85
Kranick,Max         27    0  0  38.2   38   15   13   5   0  0   0    7   32   2   4   1  .800  0   0   1.164  3.03
Kershaw,Clayton*    26   25  0 130.2  118   46   45   8   1  4   2   41   95   0  12   4  .750  0   0   1.217  3.10
Rogers,Tyler        90    0  0  86.2   87   32   30   6   2  1   1   10   45   2   7   4  .636  0   0   1.119  3.12
Maton,Phil          24    0  0  34.1   23   14   12   0   0  0   6   21   44   1   2   2  .500  2   0   1.282  3.15
Iglesias,Raisel     58    0  0  57.2   45   21   21   7   1  0   3   25   62   1   4   7  .364 31   0   1.214  3.28
Severino,Luis       11   10  0  61.0   51   25   24   7   0  3   4   15   44   0   7   2  .778  0   0   1.082  3.54
Horton,Cade         12   12  0  62.0   52   28   26   6   1  2   2   25   57   0   4   2  .667  0   0   1.242  3.77
Rea,Colin           33   32  0 170.0  165   81   74  23   2  3  10   73  144   0   6   6  .500  0   0   1.400  3.92
Bivens,Spencer      60    0  0  90.2   93   42   41   7   0  2   4   36   86   1   4   4  .500  0   0   1.423  4.07
Vesia,Alex*         61    0  0  68.2   58   32   32  12   0  1  10   28   96   1   3   5  .375  5   0   1.252  4.19
Pomeranz,Drew*      53    0  0  55.2   48   32   28   7   0  0   5   20   64   2   1   2  .333  0   0   1.222  4.53
Canning,Griffin     14   14  0  64.1   59   35   34   8   0  2   0   30   56   0   2   5  .286  0   0   1.383  4.76
Pallante,Andre      16   16  0  85.0   86   55   53  12   2  6   1   38   60   1   5   7  .417  0   0   1.459  5.61
Manaea,Sean*         6    2  0  17.0   26   12   12   4   0  0   1    2   22   0   1   1  .500  0   0   1.647  6.35
McGreevy,Michael     5    4  0  24.0   31   19   18   4   0  1   2    6   13   0   0   4  .000  0   0   1.542  6.75
Hart,Kyle*          16    0  0  21.2   26   18   18   9   0  3   1   12   19   1   1   1  .500  0   0   1.754  7.48
Fermin,Jose         23    0  0  19.0   11   17   17   2   0  1   0   20   21   1   0   2  .000  0   0   1.632  8.05
Butto,Jose          18    0  0  20.1   25   21   19   1   0  1   1   26   18   0   0   0  .000  0   0   2.508  8.41
                   162  162  0  1478 1345  663  623 154  13 42  62  577 1384  17  86  76  .531 38   8   1.300  3.79

Fentonators          G   PA   AB    H  2B  3B  HR   TB    R  RBI   BB    K  IB  SH SF  SB CS   Avg    OB   Slg    OPS
Acuna Jr.,Ronald    98  442  370  111  10   0  23  190   64   58   71  105   2   0  0  12  2  .300  .414  .514   .928
Busch,Michael*     136  526  453  123  19   5  28  236   73   88   58  126   5   0  8   2  2  .272  .357  .521   .878
Marte,Ketel#       149  691  592  151  31   0  33  281   98   80   84  113   1   0  2   5  4  .255  .359  .475   .834
Knizner,Andrew       3    8    7    1   0   0   1    4    2    1    1    0   0   0  0   0  0  .143  .250  .571   .821
Wood,James*        162  679  597  156  45   0  26  279   95   79   76  213   0   0  5  14  2  .261  .343  .467   .810
Harper,Bryce*      162  722  630  156  41   0  27  278  105   78   85  180   3   0  2  14  0  .248  .341  .441   .782
Pages,Andy         158  637  595  158  25   3  25  264   71   98   29  139   3   0  4  15  2  .266  .307  .444   .751
Ritter,Ryan         23   75   68   21   2   0   1   26    9    6    2   17   0   2  0   2  0  .309  .356  .382   .738
Winn,Masyn         162  626  566  146  24   0  15  215   72   76   43  122   1   0  4  11  8  .258  .323  .380   .703
Shaw,Matt           96  284  253   57  14   2   9  102   37   41   24   47   1   0  4   9  6  .225  .293  .403   .696
Goodman,Hunter     147  621  584  136  25   2  27  246   71   90   29  162   0   0  5   0  1  .233  .271  .421   .692
Beck,Jordan         79  254  239   58  12   2   7   95   39   33   12   73   0   0  1   6  3  .243  .283  .397   .680
Johnson,Bryce#      24   83   80   24   1   0   1   28   11    4    1   23   0   1  0   5  2  .300  .317  .350   .667
Moncada,Yoan#       55  153  127   25   5   1   2   38   16    9   20   36   0   0  0   0  0  .197  .333  .299   .632
Thomas,Alek*        45  156  133   31   5   0   2   42   12   18   13   42   0   5  2   2  2  .233  .311  .316   .627
Mauricio,Ronny#     57  204  188   39   5   0   6   62   19   21   14   64   0   0  1   1  0  .207  .265  .330   .595
Torrens,Luis        52   77   70   15   4   0   1   22    6    8    5   16   0   0  1   0  0  .214  .273  .314   .587
Burger,Jake         19   51   47    9   3   0   0   12    4    4    1    9   0   0  0   0  0  .191  .255  .255   .510
                   162 6287 5599 1417 271  15 234 2420  804  792  568 1487  16   8 39  98 34  .253  .328  .432   .760

Fentonators          G   GS CG    IP    H    R   ER  HR  SH SF  HP   BB    K  IB   W   L   Pct Sv SHO    WHIP   ERA
Svanson,Matt        46    0  0  64.1   33   11   11   3   0  2   6   27   80   0   4   4  .500  2   0    .933  1.54
Henriquez,Ronny     20    0  0  26.2   19    8    7   3   0  0   3   13   32   0   2   0 1.000  3   0   1.200  2.36
O'Brien,Riley       45    0  0  54.0   41   16   16   1   2  1   6   35   62   3   4   1  .800  5   0   1.407  2.67
Kinley,Tyler        61    0  0  84.1   62   27   26   4   0  1   5   43   82   1   3   1  .750  3   0   1.245  2.77
Luzardo,Jesus*      34   34  0 192.2  175   66   64  18   2  2   1   61  253   0  16   7  .696  0   0   1.225  2.99
Suarez,Robert       73    0  0  78.0   66   28   27   8   0  0   5   24   99   0   9   7  .563 33   0   1.154  3.12
Glasnow,Tyler       18   18  0  94.1   75   42   33   9   2  4   4   40  113   0   7   4  .636  0   0   1.219  3.15
Morgan,David        21    0  0  27.0   25   10   10   0   0  0   1   12   28   0   1   1  .500  0   0   1.370  3.33
Gore,MacKenzie*     31   31  0 171.1  167   71   70  22   1  0   2   61  188   1  12   6  .667  0   0   1.331  3.68
Fried,Max*          10   10  0  66.1   56   30   29  12   0  0   2   18   58   0   5   3  .625  0   0   1.116  3.93
Cabrera,Edward      27   27  0 148.1  140   73   69  20   1  2  11   62  174   0  11   6  .647  0   0   1.362  4.19
Dreyer,Jack*        68    0  0  83.2   73   41   39   6   0  3   1   24   76   0   4   5  .444  1   0   1.159  4.20
Civale,Aaron        14    8  0  59.1   47   28   28   8   1  2   8   19   57   1   3   3  .500  2   0   1.112  4.25
Kelly,Merrill       34   34  0 198.2  170  102  101  37   1  7   2   54  178   0  13  10  .565  0   0   1.128  4.58
Bachar,Lake         57    0  0  85.1   89   50   45  16   1  2   6   37   85   2   4   2  .667  0   0   1.477  4.75
Parker,Mitchell*    17    0  0  35.2   31   19   19   2   0  2   1   16   18   0   2   2  .500  2   0   1.318  4.79
                   162  162  0  1470 1269  622  594 169  11 28  64  546 1583   8 100  62  .617 51  12   1.235  3.64

Incarnations         G   PA   AB    H  2B  3B  HR   TB    R  RBI   BB    K  IB  SH SF  SB CS   Avg    OB   Slg    OPS
Johnston,Troy*       2    1    0    0   0   0   0    0    0    0    1    0   0   0  0   0  0  .000 1.000  .000  1.000
Profar,Jurickson   106  414  338   97  11   2  23  181   64   66   71   50   2   0  2  10  1  .287  .413  .536   .949
Smith,Dominic*      57  217  205   71  18   0   5  104   28   36    9   37   0   0  0   0  1  .346  .382  .507   .889
Marte,Starling      92  376  340  108  18   0  14  168   57   61   16   77   2   0  4  10  1  .318  .372  .494   .866
Marsh,Brandon*      84  324  286   85  24   6   7  142   47   42   29   82   0   6  3   7  0  .297  .358  .497   .855
Herrera,Ivan       113  480  409  107   7   0  27  195   72   70   47   91   1   0  7   6  2  .262  .356  .477   .833
Perdomo,Geraldo#   162  778  654  182  21   3  25  284  121   72  107  100   1   9  3  31 10  .278  .382  .434   .816
Nootbaar,Lars*     107  414  348   90  11   5  13  150   47   64   56   76   1   0  5   3  2  .259  .365  .431   .796
Marsee,Jakob*       42  190  169   50  14   2   2   74   30   36   16   51   0   0  3  12  6  .296  .358  .438   .796
Rojas,Miguel        72  232  211   57  11   0   8   92   30   33   19   29   0   1  1   3  1  .270  .329  .436   .765
Call,Alex           87  318  273   78  16   2   2  104   32   31   29   49   0   7  3   1  1  .286  .363  .381   .744
Smith,Will         115  486  402  101   7   0  14  150   58   61   69  120   5   0  6   2  1  .251  .368  .373   .741
O'Hearn,Ryan*      162  737  657  167  24   1  25  268   90   88   67  176   2   0  4   4  1  .254  .330  .408   .738
McGuire,Reese*      14   60   59   13   0   0   5   28   10   10    1   18   0   0  0   0  0  .220  .233  .475   .708
Albies,Ozzie#      134  513  461  112  14   1  16  176   66   68   46   81   0   0  5   8  1  .243  .310  .382   .692
Bohm,Alec          122  441  415  115   7   5   5  147   36   31   22   86   0   0  1   2  1  .277  .317  .354   .671
Sosa,Edmundo        72  241  228   54   7   0   7   82   23   28    8   58   0   2  3   1  1  .237  .259  .360   .619
White,Eli           54  146  132   26   2   0   5   43   22   13    9   33   0   1  3   7  2  .197  .248  .326   .574
Teodosio,Bryce      64   97   93   21   3   0   1   27   17   13    1   31   0   0  0   6  2  .226  .258  .290   .548
                   162 6465 5680 1534 215  27 204 2415  850  823  623 1245  14  26 53 113 34  .270  .348  .425   .773

Incarnations         G   GS CG    IP    H    R   ER  HR  SH SF  HP   BB    K  IB   W   L   Pct Sv SHO    WHIP   ERA
Romero,JoJo*        12    0  0  16.1    9    3    3   0   0  1   1    8   16   0   1   0 1.000  4   0   1.041  1.65
Okert,Steven*       66    0  0  84.2   58   19   18   5   0  0   4   14  105   0   9   2  .818  0   0    .850  1.91
Wrobleski,Justin    24    0  0  57.2   56   17   17   7   1  0   3   15   81   1   6   2  .750  0   0   1.231  2.65
Webb,Jacob          29    0  0  27.1   22    9    9   4   1  0   1    9   28   2   0   0  .000  1   0   1.134  2.96
Boyd,Matthew*       32   32  0 182.1  160   70   63  20   3  3   7   51  194   0  14   6  .700  0   0   1.157  3.11
Junis,Jakob         38    0  0  42.2   39   17   16   6   0  0   4    8   39   0   4   5  .444  0   0   1.102  3.38
Doval,Camilo        35    0  0  34.1   32   15   13   3   0  0   1   17   38   0   5   8  .385 14   0   1.427  3.41
Faucher,Calvin      52    0  0  59.2   48   23   23   5   0  1   6   28   49   0   8   2  .800 23   0   1.274  3.47
Johnson,Pierce      74    0  0  62.2   51   27   25   8   1  4   2   37   65   5   3   5  .375  0   0   1.404  3.59
Brazoban,Huascar    38    2  0  47.1   31   20   19   1   1  0   4   29   44   0   2   2  .500  0   0   1.268  3.61
Nelson,Ryne         33   32  0 170.2  149   81   74  28   4  5   6   41  142   0  14   4  .778  0   0   1.113  3.90
Hernandez,Daysbe    40    0  0  41.0   30   20   18   3   0  1   3   34   30   0   1   1  .500  0   0   1.561  3.95
Ray,Robbie*         32   32  1 179.1  145   80   79  27   4  8   5   66  203   0  11   5  .688  0   0   1.177  3.96
Beeks,Jalen*        23    0  0  26.1   22   13   12   3   0  1   0    9   18   0   1   1  .500  0   0   1.177  4.10
Waddell,Brandon*    15    0  0  37.2   41   21   18   6   0  4   0   17   21   1   2   1  .667  0   0   1.540  4.30
Holmes,Grant        18   18  0  93.1   98   52   49  17   0  0   5   44   98   0   3   6  .333  0   0   1.521  4.73
Wacha,Michael       32   32  1 176.1  200  102  100  20   1  4   6   48  135   0   8  10  .444  0   0   1.406  5.10
Wheeler,Zack        12   12  0  68.1   70   41   41  10   0  2   5   19   90   0   5   3  .625  0   0   1.302  5.40
Bummer,Aaron*       30    0  0  35.2   43   25   23   4   1  1   7   11   37   0   2   0 1.000  1   0   1.514  5.80
Darvish,Yu           2    2  0   6.0    9    4    4   0   1  1   0    3    8   0   0   0  .000  0   0   2.000  6.00
Seymour,Carson       4    0  0   6.2    9    6    6   3   0  0   0    2    6   0   0   0  .000  0   0   1.650  8.10
                   162  162  2  1456 1322  665  630 180  18 36  70  510 1447   9  99  63  .611 43   3   1.258  3.89

Morgen Grinders      G   PA   AB    H  2B  3B  HR   TB    R  RBI   BB    K  IB  SH SF  SB CS   Avg    OB   Slg    OPS
Tena,Jose*          42  128  116   39  22   0   0   61   17    5   12   18   1   0  0   0  0  .336  .398  .526   .924
Burleson,Alec*     147  584  536  163  28   5  25  276   75   86   42   77   1   0  4   5  3  .304  .354  .515   .869
Ohtani,Shohei*     159  755  621  147  12   8  42  301  121   94  131  220  26   0  2  22  2  .237  .370  .485   .855
Baty,Brett*        136  427  392  102  14   6  26  206   58   68   29  119   1   0  3   3  4  .260  .314  .526   .840
Donovan,Brendan*   121  511  453  120  30   0   8  174   62   36   47   68   2   1  3   3  4  .265  .341  .384   .725
Lee,Jung Hoo*      143  458  417  103  21  15   4  166   50   49   31   60   0   0  5   8  1  .247  .303  .398   .701
Fraley,Jake*        95  265  233   57   8   0   6   83   26   31   31   62   0   0  1   7  1  .245  .332  .356   .688
Kim,Ha-seong        80  222  210   58   5   0   5   78   23   21   12   44   0   0  0   8  1  .276  .315  .371   .686
Mullins,Cedric*    122  279  243   59  11   1   2   78   28   28   35   55   0   0  1  11  3  .243  .337  .321   .658
Gurriel Jr.,Lour   107  241  221   58   5   1   3   74   17   26   17   18   0   0  2   0  2  .262  .315  .335   .650
Fermin,Jose         32  108   95   23   8   0   0   31   11    5    9   16   0   2  0   1  5  .242  .321  .326   .647
Ramos,Heliot       162  681  607  125  26   0  21  214   65   69   49  179   2   0  5   6  4  .206  .285  .353   .638
Hicks,Liam*        134  453  398   95  13   0   5  123   37   43   44   92   3   2  3   3  1  .239  .322  .309   .631
Kepler,Max*         69  174  165   33  13   0   4   58   14   14    8   43   0   0  1   0  0  .200  .236  .352   .588
O'Hoppe,Logan       95  226  212   48   3   1   5   68   14   18    7   59   0   1  2   0  1  .226  .262  .321   .583
Rengifo,Luis#       74  235  217   48   7   1   3   66   21   20   16   48   0   0  1   2  3  .221  .277  .304   .581
Tovar,Ezequiel     127  396  371   74  13   3  10  123   39   33   20  103   0   5  0   5  1  .199  .240  .332   .572
Turner,Justin       81  226  208   40   9   0   2   55   17   20   17   41   0   0  0   1  1  .192  .257  .264   .521
Rushing,Dalton*     20   50   48    9   1   0   1   13    4    3    1   25   0   0  1   0  0  .188  .200  .271   .471
                   162 6318 5668 1387 248  40 168 2219  690  660  552 1321  36  11 34  83 37  .245  .316  .391   .707

Morgen Grinders      G   GS CG    IP    H    R   ER  HR  SH SF  HP   BB    K  IB   W   L   Pct Sv SHO    WHIP   ERA
Wheeler,Zack        12   12  0  77.2   50   20   18   5   1  1   4   10  100   0   4   3  .571  0   0    .773  2.09
Romero,JoJo*        32    0  0  42.2   40   12   11   2   1  0   1   24   48   1   3   2  .600  7   0   1.500  2.32
Estevez,Carlos      32    0  0  39.0   25   11   11   4   0  0   0   16   39   2   6   5  .545 11   0   1.051  2.54
Junis,Jakob         29    0  0  34.0   34   11   11   3   0  0   2   15   30   2   1   0 1.000  2   0   1.441  2.91
Beeks,Jalen*        38    0  0  40.1   31   15   15   4   2  3   1    9   34   1   1   2  .333  1   0    .992  3.35
Webb,Jacob          37    0  0  47.2   40   20   19   7   0  1   0   17   44   2   6   3  .667  0   0   1.196  3.59
Curtiss,John        37    0  0  35.0   28   21   16   6   0  1   0    4   22   1   2   2  .500  3   0    .914  4.11
Rogers,Taylor*      45    0  0  61.0   65   32   28   5   1  0   4   25   76   0   3   3  .500  3   0   1.475  4.13
Wrobleski,Justin    14    2  0  21.0   20   10   10   2   0  3   1    5   28   0   2   0 1.000  4   0   1.190  4.29
Brazoban,Huascar    24    0  0  27.0   25   13   13   5   0  2   0    9   21   0   0   0  .000  0   0   1.259  4.33
Soriano,Jose        34   34  0 182.2  199  108   96  12   6  4   8   91  167   1   8   9  .471  0   0   1.588  4.73
Holmes,Grant         8    8  0  46.1   48   27   26  10   1  2   3   18   53   0   0   2  .000  0   0   1.424  5.05
Webb,Logan          22   22  0 128.1  163   77   73  12   0  3   2   35  148   0   3   8  .273  0   0   1.543  5.12
Detmers,Reid*       31    0  0  36.0   46   27   21   4   1  2   4   15   48   0   1   4  .200  1   0   1.694  5.25
Kikuchi,Yusei*      33   33  1 184.1  201  111  109  29   1  8   2   72  220   0   9  13  .409  0   0   1.481  5.32
Casparius,Ben       55    0  0  90.1  128   62   58  10   3  3   3   30   95   2   8   3  .727  0   0   1.749  5.78
Gray,Sonny          12   12  0  73.0   83   48   48  12   0  3   1   20   91   0   3   7  .300  0   0   1.411  5.92
Birdsong,Hayden     28    0  0  64.0   73   43   43  11   1  3   6   41   68   3   1   1  .500  3   0   1.781  6.05
Megill,Tylor        19   19  0  84.2   88   63   60   8   1  0  12   58  113   0   4   9  .308  0   0   1.724  6.38
Pfaadt,Brandon      20   20  0 105.0  122   80   80  19   0  4   6   27   86   2   5   8  .385  0   0   1.419  6.86
Yates,Kirby         33    0  0  40.0   52   35   35  13   0  1   3    7   43   0   2   3  .400  1   0   1.475  7.88
Stanek,Ryne         30    0  0  34.0   43   35   35  11   0  1   0   24   31   0   1   2  .333  0   0   1.971  9.26
                   162  162  1  1467 1573  862  817 189  19 44  62  563 1573  16  73  89  .451 36   7   1.456  5.01

Rivercrypts          G   PA   AB    H  2B  3B  HR   TB    R  RBI   BB    K  IB  SH SF  SB CS   Avg    OB   Slg    OPS
Hernandez,Heribe    43   60   55   20   7   0   2   33    6    7    5   13   0   0  0   0  0  .364  .417  .600  1.017
Conine,Griffin*     26  113  102   31   8   0   6   57   17   16   11   32   0   0  0   0  0  .304  .372  .559   .931
Stowers,Kyle*       46   50   47   12   2   0   4   26    6    9    2   17   0   0  0   0  0  .255  .300  .553   .853
Chisholm Jr.,Jaz   103  439  377   98  16   0  21  177   64   49   53  138   0   0  3  23  9  .260  .358  .469   .827
Marsh,Brandon*      46  172  161   49  21   0   1   73   18   18   10   51   0   1  0   4  1  .304  .345  .453   .798
Machado,Manny      162  722  654  183  30   0  28  297   82   94   55  161   0   0 10  14  5  .280  .334  .454   .788
Marsee,Jakob*       58   80   72   22   5   0   0   27    8    2    7   16   0   0  0   5  1  .306  .375  .375   .750
Schanuel,Nolan*    114  521  447  120  13   5   7  164   54   52   56   79   1   2  3   6  1  .268  .364  .367   .731
Yastrzemski,Mike   139  493  409   97  26   1   9  152   58   57   75   85   1   0  6   6  6  .237  .355  .372   .727
Ramirez,Agustin    101  389  352   89  17   0  10  136   42   36   29   82   1   0  4  11  3  .253  .314  .386   .700
Abrams,CJ*          98  422  391   90  15   4  16  161   49   55   23   88   0   0  4  21  5  .230  .277  .412   .689
Neto,Zach           53  252  228   54   9   1   8   89   32   28   20   68   3   0  3  10  7  .237  .298  .390   .688
Fermin,Freddy      111  342  320   90  14   0   4  116   36   40   14   67   1   7  0   2  1  .281  .313  .363   .676
Edman,Tommy#         6   25   23    5   2   1   0    9    6    3    1    4   0   0  0   1  0  .217  .280  .391   .671
Sheets,Gavin*      149  607  541  114  22   2  17  191   52   72   56  133   5   0  3   2  0  .211  .292  .353   .645
Castro,Willi#      100  377  327   70   6   1   9  105   36   30   40   84   0   1  2   7  5  .214  .311  .321   .632
Allen,Nick         124  480  426  115  13   0   0  128   47   29   36  108   1  13  2  10  7  .270  .330  .300   .630
Castellanos,Nick    73  266  250   56  11   0   5   82   25   29   14   75   0   0  2   0  1  .224  .263  .328   .591
Young,Jacob        118  352  312   64   7   0   0   71   31   20   24   65   0  10  1  12 13  .205  .272  .228   .500
Wagaman,Eric        31   81   77   13   3   0   1   19    7    9    3   21   0   0  1   0  0  .169  .198  .247   .445
Fulford,Braxton      2    1    1    0   0   0   0    0    0    0    0    0   0   0  0   0  0  .000  .000  .000   .000
                   162 6211 5540 1386 246  15 147 2103  674  653  533 1373  13  34 44 134 65  .250  .320  .380   .700

Rivercrypts          G   GS CG    IP    H    R   ER  HR  SH SF  HP   BB    K  IB   W   L   Pct Sv SHO    WHIP   ERA
Burke,Brock*        36    1  0  38.1   33    6    6   1   0  0   0    8   41   1   2   1  .667  0   0   1.070  1.41
Morejon,Adrian*     64    0  0  81.1   58   17   16   2   1  0   0   21   86   4   6   4  .600  2   0    .971  1.77
Rodriguez,Randy     52    0  0  57.0   30   15   13   2   1  1   6   16   76   1   4   3  .571  0   0    .807  2.05
Miller,Mason        52    0  0  56.2   24   15   15   7   0  1   4   24   79   1   6   4  .600 31   0    .847  2.38
Sheehan,Emmet       15   15  0  81.2   51   29   25   6   2  2   3   35  100   0   3   4  .429  0   0   1.053  2.76
Diaz,Edwin          47    0  0  55.1   47   18   18   1   0  0   7   24   85   1   6   6  .500  9   0   1.283  2.93
Banks,Tanner*       61    3  0  78.1   78   30   28  12   1  0   3   13   75   1   3   3  .500  2   0   1.162  3.22
Estrada,Jeremiah    70    0  0  62.2   44   28   23   7   0  1   1   35   85   5   1   3  .250  0   0   1.261  3.30
Schwellenbach,Sp    22   22  0 137.1  140   58   56  16   2  1   2   35  142   2   6   7  .462  0   0   1.274  3.67
King,Michael         2    2  0  11.0   11    5    5   1   0  0   1    4   10   0   0   1  .000  0   0   1.364  4.09
Pivetta,Nick        35   35  0 202.2  177   97   92  33   2  4   4   76  220   0  13  10  .565  0   0   1.248  4.09
Kolek,Stephen       21   21  1 122.2  127   62   59  12   2  5   8   56   88   1   7   9  .438  0   0   1.492  4.33
Peterson,David*     10   10  0  54.2   55   33   30   5   1  0   2   19   54   0   4   2  .667  0   0   1.354  4.94
Verlander,Justin    32   32  0 170.2  182   99   94  30   3  5   8   72  154   3   7  12  .368  0   0   1.488  4.96
Irvin,Jake          14   14  0  78.1   81   55   51  22   0  3   2   28   52   1   4   5  .444  0   0   1.391  5.86
Bellozo,Valente     36    7  1  92.1  113   69   66  27   0  7   6   35   57   0   5   1  .833  1   1   1.603  6.43
Assad,Javier        17    0  0  40.0   58   33   29   4   0  2   4   14   26   0   3   3  .500  0   0   1.800  6.53
Brogdon,Connor      44    0  0  51.0   63   42   37  11   0  2   1   26   53   2   1   3  .250  0   0   1.745  6.53
                   162  162  2  1463 1362  704  656 197  15 34  62  536 1476  22  81  81  .500 45   7   1.297  4.04

Skramalonians        G   PA   AB    H  2B  3B  HR   TB    R  RBI   BB    K  IB  SH SF  SB CS   Avg    OB   Slg    OPS
Moore,Christian     15   57   53   15   1   1   4   30   10   12    2   14   0   0  0   1  0  .283  .333  .566   .899
Lowe,Nathaniel*     45  163  144   37   3   1  12   78   29   25   16   52   1   0  1   1  0  .257  .337  .542   .879
Garcia Jr.,Luis*    13   40   37   11   2   1   1   18    4    7    3   12   0   0  0   0  1  .297  .350  .486   .836
Santana,Carlos#     39  106   86   22   2   0   3   33   10    9   18   20   0   0  0   0  2  .256  .396  .384   .780
Suzuki,Seiya        53  235  205   50  15   0   7   86   25   33   27   59   1   0  3   2  0  .244  .328  .420   .748
Cronenworth,Jake   121  464  386   95  16   2  10  145   39   39   63  115   1   5  0   3  0  .246  .366  .376   .742
Conforto,Michael    91  282  245   57  16   1   6   93   26   30   27   69   0   0  0   0  0  .233  .333  .380   .713
Devers,Rafael*     109  504  434   87  19   0  20  166   45   53   67  166   0   0  1   0  0  .200  .310  .382   .692
Schwarber,Kyle*    109  490  425   80  18   0  23  167   50   50   59  163   1   0  1   6  4  .188  .294  .393   .687
Riley,Austin       110  432  402   96  13   1  17  162   42   53   22  120   1   0  3   2  0  .239  .283  .403   .686
Lindor,Francisco   162  729  650  136  30   0  20  226   80   59   65  145   3   0  1  33  7  .209  .294  .348   .642
Moniak,Mickey*     125  530  502  112  23   2  17  190   53   65   23  133   0   0  3  11  1  .223  .257  .378   .635
Arenado,Nolan       77  264  251   58  10   0   8   92   32   24    9   20   1   0  2   0  0  .231  .261  .367   .628
Ruiz,Keibert#       68  269  256   63   8   0   6   89   16   23    9   25   0   0  1   0  0  .246  .279  .348   .627
Realmuto,J.T.       77  304  273   61  10   1   5   88   28   23   20   69   0   0  3   5  0  .223  .293  .322   .615
Lux,Gavin*         142  498  432   96  18   4   2  128   56   29   62  123   0   0  4   2  1  .222  .317  .296   .613
Mervis,Matt*        14   46   42    6   0   0   3   15    5    5    3   15   0   0  0   0  0  .143  .217  .357   .574
Betts,Mookie       139  520  474  101  11   4   6  138   52   44   36   62   1   0  6   6  2  .213  .271  .291   .562
McCarthy,Jake*      54  120  113   19   5   1   1   29   11    3    6   33   0   1  0   1  0  .168  .210  .257   .467
d'Arnaud,Travis     22   61   56    8   4   0   0   12    1    2    4   22   0   0  1   0  0  .143  .197  .214   .411
Pozo,Yohel          13   31   31    5   2   0   0    7    2    3    0    5   0   0  0   0  0  .161  .161  .226   .387
                   162 6143 5497 1215 226  19 171 1992  616  591  541 1442  10   6 30  73 18  .221  .297  .362   .660

Skramalonians        G   GS CG    IP    H    R   ER  HR  SH SF  HP   BB    K  IB   W   L   Pct Sv SHO    WHIP   ERA
Keller,Brad         40    0  0  53.2   48   21   17   5   1  1   2   14   64   1   1   3  .250  0   0   1.155  2.85
Junk,Janson         14    4  0  46.0   46   17   15   5   1  1   0    7   29   0   1   1  .500  1   0   1.152  2.93
Carrasco,Carlos      5    0  0  11.1   11    4    4   2   0  0   0    4    7   0   0   0  .000  1   0   1.324  3.18
Beck,Tristan        38    0  0  67.1   62   29   24  10   0  0   2   19   53   2   5   0 1.000  1   0   1.203  3.21
Fried,Max*          23   23  0 134.2  139   62   57  12   1  5   7   37  140   4   3   7  .300  0   0   1.307  3.81
Ferrer,Jose A.*     71    0  0  92.0  100   43   39   8   0  5   7   18  111   0   8   5  .615  7   0   1.283  3.82
Peralta,Wandy*      71    0  0  91.0   74   45   43   6   3  2   2   55   81   1   3   2  .600  0   0   1.418  4.25
Finnegan,Kyle       34    0  0  37.2   34   19   18   4   0  4   0    7   37   0   4   8  .333 13   0   1.088  4.30
Taillon,Jameson     28   28  1 147.2  156   92   92  46   3  3   2   39  116   1   4  12  .250  0   0   1.321  5.61
Henriquez,Ronny     53    0  0  60.2   61   41   39  10   0  1   5   43   80   5   3   4  .429  2   0   1.714  5.79
Wentz,Joey*         24    0  0  56.0   75   39   38   7   0  1   0   26   48   1   1   2  .333  0   0   1.804  6.11
Hendricks,Kyle      33   33  0 169.0  188  120  116  40   6  4   7   64  140   2   6  18  .250  0   0   1.491  6.18
Vasquez,Randy       28   28  0 130.0  152  103   96  19   2  3   3   63   87   1   3  15  .167  0   0   1.654  6.65
Sears,JP*           12   12  0  61.2   77   48   46  19   1  0   3   13   51   0   1   6  .143  0   0   1.459  6.71
Meyer,Max            9    9  0  46.2   50   36   35  11   0  2   2   23   49   0   2   3  .400  0   0   1.564  6.75
Roupp,Landen        25   25  0 111.1  165  106   89  21   1  4   3   59  112   0   2  16  .111  0   0   2.012  7.19
Zeferjahn,Ryan      24    0  0  28.0   40   25   23  11   0  1   5   19   33   0   2   0 1.000  0   0   2.107  7.39
Garcia,Luis         61    0  0  61.2   87   56   54   4   0  3   0   51   59   9   2   1  .667  0   0   2.238  7.88
Butto,Jose           7    0  0  10.0   14    9    9   0   0  0   0    7   10   0   0   0  .000  0   0   2.100  8.10
Urena,Jose           9    0  0   5.2   10    6    6   0   0  1   0    2    4   0   0   0  .000  0   0   2.118  9.53
Helsley,Ryan        16    0  0  14.0   26   19   19   6   0  1   1   12   21   2   0   8  .000  2   0   2.714 12.21
                   162  162  1  1436 1615  940  879 246  19 42  51  582 1332  29  51 111  .315 27   1   1.530  5.51

